% Measurement ID: 3471
% Mode ID: 1
% Date and time: 2020-09-25 15:33:22
% Sample ID: RAD10-56
% Measurement type: ringdown
% Frequency [Hz]: 613986.0
% Quality factor: 431048.10791810387
% Temperature [K]: 293.0
% Pressure [mBar]: 4.2e-07
% Notes: 
% 
%
% measurement data
% time [s], power [dBm]
0.0, -103.3117
0.014018691588785047, -102.6965
0.028037383177570093, -97.07151
0.04205607476635514, -93.87815
0.056074766355140186, -93.72678
0.07009345794392523, -94.18577
0.08411214953271028, -95.0012
0.09813084112149532, -95.12327
0.11214953271028037, -95.78245
0.1261682242990654, -96.30491
0.14018691588785046, -98.88303
0.1542056074766355, -96.21702
0.16822429906542055, -96.051
0.1822429906542056, -98.1262
0.19626168224299065, -97.95041
0.2102803738317757, -100.9582
0.22429906542056074, -106.7346
0.2383177570093458, -96.20725
0.2523364485981308, -94.65452
0.26635514018691586, -95.21116
0.2803738317757009, -96.28538
0.29439252336448596, -92.87229
0.308411214953271, -90.37717
0.32242990654205606, -89.57151
0.3364485981308411, -89.67405
0.35046728971962615, -91.27561
0.3644859813084112, -90.62131
0.37850467289719625, -89.92795
0.3925233644859813, -89.86936
0.40654205607476634, -89.80588
0.4205607476635514, -89.62034
0.43457943925233644, -89.69358
0.4485981308411215, -90.46995
0.46261682242990654, -91.25608
0.4766355140186916, -90.08909
0.49065420560747663, -90.26975
0.5046728971962616, -94.31272
0.5186915887850467, -94.10276
0.5327102803738317, -94.09788
0.5467289719626168, -94.54709
0.5607476635514018, -92.7258
0.5747663551401869, -91.47092
0.5887850467289719, -91.31467
0.602803738317757, -91.60764
0.616822429906542, -92.12034
0.6308411214953271, -93.20432
0.6448598130841121, -90.17209
0.6588785046728972, -88.57053
0.6728971962616822, -88.56565
0.6869158878504673, -89.08323
0.7009345794392523, -89.27854
0.7149532710280374, -89.50315
0.7289719626168224, -87.5012
0.7429906542056075, -87.13987
0.7570093457943925, -87.48655
0.7710280373831776, -88.67795
0.7850467289719626, -89.71799
0.7990654205607477, -89.70823
0.8130841121495327, -91.28049
0.8271028037383178, -92.05686
0.8411214953271028, -91.92014
0.8551401869158879, -93.0969
0.8691588785046729, -91.7883
0.883177570093458, -91.8176
0.897196261682243, -92.39866
0.911214953271028, -93.06272
0.9252336448598131, -92.20823
0.9392523364485981, -90.99241
0.9532710280373832, -90.97776
0.9672897196261682, -91.71506
0.9813084112149533, -94.16623
0.9953271028037383, -96.0803
1.0093457943925233, -98.26291
1.0233644859813085, -98.4094
1.0373831775700935, -99.0344
1.0514018691588785, -95.63108
1.0654205607476634, -93.82444
1.0794392523364487, -93.73166
1.0934579439252337, -92.84299
1.1074766355140186, -91.52463
1.1214953271028036, -90.74338
1.1355140186915889, -90.73362
1.1495327102803738, -91.53928
1.1635514018691588, -89.90842
1.1775700934579438, -88.56565
1.191588785046729, -88.65842
1.205607476635514, -90.17698
1.219626168224299, -91.4758
1.233644859813084, -66.94455
1.2476635514018692, -40.96311
1.2616822429906542, -30.3967
1.2757009345794392, -28.37034
1.2897196261682242, -28.3508
1.3037383177570094, -28.38498
1.3177570093457944, -27.95041
1.3317757009345794, -27.96018
1.3457943925233644, -28.22873
1.3598130841121494, -27.98459
1.3738317757009346, -28.04319
1.3878504672897196, -27.93088
1.4018691588785046, -27.87717
1.4158878504672896, -28.0969
1.4299065420560748, -27.83323
1.4439252336448598, -27.81858
1.4579439252336448, -28.00413
1.4719626168224298, -27.92112
1.485981308411215, -27.7551
1.5, -27.93088
1.514018691588785, -27.98948
1.52803738317757, -27.82346
1.5420560747663552, -28.00901
1.5560747663551402, -27.93577
1.5700934579439252, -27.92112
1.5841121495327102, -28.32639
1.5981308411214954, -27.85764
1.6121495327102804, -27.90159
1.6261682242990654, -28.32151
1.6401869158878504, -27.84299
1.6542056074766356, -27.90159
1.6682242990654206, -28.39963
1.6822429906542056, -27.93577
1.6962616822429906, -27.94065
1.7102803738317758, -28.36545
1.7242990654205608, -28.07737
1.7383177570093458, -28.08225
1.7523364485981308, -28.16526
1.766355140186916, -28.10666
1.780373831775701, -28.19455
1.794392523364486, -28.20432
1.808411214953271, -27.96506
1.822429906542056, -28.06272
1.8364485981308412, -28.11155
1.8504672897196262, -27.92112
1.8644859813084111, -28.07248
1.8785046728971961, -28.14084
1.8925233644859814, -28.04319
1.9065420560747663, -28.1262
1.9205607476635513, -28.18479
1.9345794392523363, -28.11155
1.9485981308411215, -28.17502
1.9626168224299065, -28.19455
1.9766355140186915, -28.25803
1.9906542056074765, -31.73948
2.0046728971962615, -44.09788
2.0186915887850465, -54.11252
2.032710280373832, -55.98264
2.046728971962617, -56.66135
2.060747663551402, -57.1594
2.074766355140187, -57.66233
2.088785046728972, -58.22873
2.102803738317757, -58.75608
2.116822429906542, -59.29319
2.130841121495327, -59.84495
2.1448598130841123, -60.33811
2.1588785046728973, -60.86057
2.1728971962616823, -61.42698
2.1869158878504673, -62.03733
2.2009345794392523, -62.62815
2.2149532710280373, -63.2385
2.2289719626168223, -63.8635
2.2429906542056073, -64.39084
2.2570093457943923, -64.94748
2.2710280373831777, -65.43088
2.2850467289719627, -65.85569
2.2990654205607477, -66.35862
2.3130841121495327, -66.92014
2.3271028037383177, -67.43772
2.3411214953271027, -68.02854
2.3551401869158877, -68.60959
2.3691588785046727, -69.24436
2.383177570093458, -69.85959
2.397196261682243, -70.25998
2.411214953271028, -70.64084
2.425233644859813, -71.14866
2.439252336448598, -71.73948
2.453271028037383, -72.32053
2.467289719626168, -72.9553
2.481308411214953, -73.32151
2.4953271028037385, -74.02952
2.5093457943925235, -74.61057
2.5233644859813085, -75.13303
2.5373831775700935, -75.95334
2.5514018691588785, -76.41721
2.5654205607476634, -76.55393
2.5794392523364484, -76.95432
2.5934579439252334, -77.36448
2.607476635514019, -77.75998
2.621495327102804, -78.27268
2.635514018691589, -78.6633
2.649532710280374, -79.21018
2.663551401869159, -79.9133
2.677570093457944, -80.66038
2.691588785046729, -81.44163
2.705607476635514, -83.0969
2.719626168224299, -84.36643
2.7336448598130842, -84.66428
2.7476635514018692, -85.78733
2.7616822429906542, -85.79709
2.7757009345794392, -86.29514
2.789719626168224, -88.17991
2.803738317757009, -88.21897
2.817757009345794, -88.55588
2.831775700934579, -89.32248
2.8457943925233646, -88.98069
2.8598130841121496, -88.64377
2.8738317757009346, -87.84299
2.8878504672897196, -87.65256
2.9018691588785046, -88.30686
2.9158878504672896, -89.72288
2.9299065420560746, -91.02659
2.9439252336448596, -92.87229
2.957943925233645, -94.58616
2.97196261682243, -94.63498
2.985981308411215, -93.85862
3.0, -93.60959
3.014018691588785, -96.30002
3.02803738317757, -98.1262
3.042056074766355, -98.64377
3.05607476635514, -95.19651
3.0700934579439254, -94.26389
3.0841121495327104, -92.50608
3.0981308411214954, -92.09592
3.1121495327102804, -92.57932
3.1261682242990654, -93.24827
3.1401869158878504, -94.24436
3.1542056074766354, -94.72776
3.1682242990654204, -95.56272
3.1822429906542054, -101.5881
3.196261682242991, -106.8176
3.210280373831776, -107.2082
3.2242990654205608, -107.0569
3.2383177570093458, -105.5676
3.2523364485981308, -101.1487
3.2663551401869158, -99.78635
3.2803738317757007, -97.90159
3.2943925233644857, -98.21897
3.308411214953271, -99.32737
3.322429906542056, -100.1819
3.336448598130841, -103.6828
3.350467289719626, -103.1701
3.364485981308411, -98.00901
3.378504672897196, -97.11545
3.392523364485981, -96.10471
3.406542056074766, -95.37717
3.4205607476635516, -95.40159
3.4345794392523366, -93.50217
3.4485981308411215, -91.72483
3.4626168224299065, -91.73459
3.4766355140186915, -93.95627
3.4906542056074765, -97.07639
3.5046728971962615, -97.57444
3.5186915887850465, -96.92014
3.532710280373832, -98.79514
3.546728971962617, -100.5774
3.560747663551402, -105.8459
3.574766355140187, -102.1692
3.588785046728972, -99.71311
3.602803738317757, -100.5188
3.616822429906542, -103.7268
3.630841121495327, -100.9045
3.644859813084112, -100.8166
3.6588785046728973, -102.3645
3.6728971962616823, -100.5432
3.6869158878504673, -101.3635
3.7009345794392523, -105.9533
3.7149532710280373, -107.799
3.7289719626168223, -101.1194
3.7429906542056073, -99.30295
3.7570093457943923, -97.32541
3.7710280373831777, -96.60764
3.7850467289719627, -99.40549
3.7990654205607477, -97.27659
3.8130841121495327, -95.50901
3.8271028037383177, -92.53538
3.8411214953271027, -89.52268
3.8551401869158877, -89.176
3.8691588785046727, -89.3469
3.883177570093458, -88.67795
3.897196261682243, -88.64377
3.911214953271028, -88.99045
3.925233644859813, -89.03928
3.939252336448598, -89.0344
3.953271028037383, -89.64963
3.967289719626168, -99.65075
3.981308411214953, -99.62223
3.9953271028037385, -99.59416
4.009345794392523, -99.56655
4.0233644859813085, -99.53939
4.037383177570093, -99.51268
4.0514018691588785, -99.48642
4.065420560747664, -99.46062
4.079439252336448, -99.43527
4.093457943925234, -99.41038
4.107476635514018, -99.38543
4.121495327102804, -99.3609
4.135514018691588, -99.3368
4.149532710280374, -99.31313
4.163551401869158, -99.28989
4.177570093457944, -99.26706
4.191588785046729, -99.24467
4.205607476635514, -99.2227
4.219626168224299, -99.20116
4.233644859813084, -99.18004
4.247663551401869, -99.15934
4.261682242990654, -99.13908
4.275700934579439, -99.11924
4.289719626168225, -99.09982
4.303738317757009, -99.08083
4.317757009345795, -99.06226
4.331775700934579, -99.04413
4.345794392523365, -99.02641
4.359813084112149, -99.00912
4.373831775700935, -98.99226
4.387850467289719, -98.97583
4.401869158878505, -98.95981
4.41588785046729, -98.94423
4.429906542056075, -98.92907
4.44392523364486, -98.91434
4.457943925233645, -98.90003
4.47196261682243, -98.88614
4.485981308411215, -98.87269
4.5, -98.85966
4.5140186915887845, -98.84705
4.52803738317757, -98.83487
4.542056074766355, -98.82312
4.55607476635514, -98.81179
4.570093457943925, -98.80088
4.58411214953271, -98.79041
4.598130841121495, -98.78035
4.61214953271028, -98.77073
4.626168224299065, -98.76035
4.640186915887851, -98.75034
4.654205607476635, -98.74069
4.668224299065421, -98.73141
4.682242990654205, -98.72249
4.696261682242991, -98.71393
4.710280373831775, -98.70574
4.724299065420561, -98.69791
4.738317757009345, -98.69044
4.752336448598131, -98.68334
4.766355140186916, -98.6766
4.780373831775701, -98.67023
4.794392523364486, -98.66422
4.808411214953271, -98.65858
4.822429906542056, -98.65329
4.836448598130841, -98.64837
4.850467289719626, -98.64382
4.864485981308412, -98.63963
4.878504672897196, -98.6358
4.892523364485982, -98.63234
4.906542056074766, -98.62924
4.920560747663552, -98.6265
4.934579439252336, -98.62413
4.9485981308411215, -98.62212
4.962616822429906, -98.62048
4.9766355140186915, -98.6192
4.990654205607477, -98.61828
5.0046728971962615, -98.61773
5.018691588785047, -98.61754
5.0327102803738315, -98.61772
5.046728971962617, -98.61825
5.0607476635514015, -98.61916
5.074766355140187, -98.62042
5.0887850467289715, -98.62205
5.102803738317757, -98.62405
5.116822429906542, -98.6264
5.130841121495327, -98.62913
5.144859813084112, -98.63033
5.158878504672897, -98.63179
5.172897196261682, -98.63352
5.186915887850467, -98.63552
5.200934579439252, -98.63778
5.214953271028038, -98.6403
5.228971962616822, -98.64309
5.242990654205608, -98.64614
5.257009345794392, -98.64946
5.271028037383178, -98.65304
5.285046728971962, -98.65689
5.299065420560748, -98.661
5.313084112149532, -98.66538
5.327102803738318, -98.67002
5.341121495327103, -98.67493
5.355140186915888, -98.6801
5.369158878504673, -98.68553
5.383177570093458, -98.69123
5.397196261682243, -98.6972
5.411214953271028, -98.70343
5.425233644859813, -98.70992
5.439252336448598, -98.71668
5.453271028037383, -98.7237
5.4672897196261685, -98.73099
5.481308411214953, -98.73854
5.4953271028037385, -98.74636
5.509345794392523, -98.75444
5.5233644859813085, -98.76279
5.537383177570093, -98.7714
5.5514018691588785, -98.78027
5.565420560747664, -98.78942
5.579439252336448, -98.79882
5.593457943925234, -98.80849
5.607476635514018, -98.81842
5.621495327102804, -98.82862
5.635514018691588, -98.83909
5.649532710280374, -98.85193
5.663551401869158, -98.86515
5.677570093457944, -98.87875
5.691588785046729, -98.89273
5.705607476635514, -98.90709
5.719626168224299, -98.92182
5.733644859813084, -98.93694
5.747663551401869, -98.95244
5.761682242990654, -98.96831
5.775700934579439, -98.98456
5.789719626168225, -99.00119
5.803738317757009, -99.0182
5.817757009345795, -99.03559
5.831775700934579, -99.05336
5.845794392523365, -99.07151
5.859813084112149, -99.09004
5.873831775700935, -99.10894
5.887850467289719, -99.12823
5.901869158878505, -99.14789
5.91588785046729, -99.16793
5.929906542056075, -99.18835
5.94392523364486, -99.20915
5.957943925233645, -99.23033
5.97196261682243, -99.25189
5.985981308411215, -99.27383
6.0, -99.29614
6.0140186915887845, -99.31884
6.02803738317757, -99.34191
6.042056074766355, -99.36536
6.05607476635514, -99.38919
6.070093457943925, -99.41341
6.08411214953271, -99.43799
6.098130841121495, -99.46296
6.11214953271028, -99.48831
6.126168224299065, -99.51404
6.140186915887851, -99.54014
6.154205607476635, -99.56663
6.168224299065421, -99.59252
6.182242990654205, -99.61875
6.196261682242991, -99.6453
6.210280373831775, -99.67219
6.224299065420561, -99.6994
6.238317757009345, -99.72693
6.252336448598131, -99.7548
6.266355140186916, -99.783
6.280373831775701, -99.81152
6.294392523364486, -99.84037
6.308411214953271, -99.86955
6.322429906542056, -99.89906
6.336448598130841, -99.92889
6.350467289719626, -99.95905
6.364485981308411, -99.98955
6.378504672897196, -100.0204
6.392523364485982, -100.0515
6.406542056074766, -100.083
6.420560747663552, -100.1148
6.434579439252336, -100.1469
6.4485981308411215, -100.1794
6.462616822429906, -100.2122
6.4766355140186915, -100.2453
6.490654205607477, -100.2787
6.5046728971962615, -100.3125
6.518691588785047, -100.3466
6.5327102803738315, -100.381
6.546728971962617, -100.4158
6.5607476635514015, -100.4509
6.574766355140187, -100.4863
6.5887850467289715, -100.522
6.602803738317757, -100.5581
6.616822429906542, -100.5945
6.630841121495327, -100.6312
6.644859813084112, -100.6683
6.658878504672897, -100.7057
6.672897196261682, -100.7434
6.686915887850467, -100.7802
6.700934579439252, -100.8174
6.714953271028038, -100.8547
6.728971962616822, -100.8924
6.742990654205608, -100.9303
6.757009345794392, -100.9685
6.771028037383178, -101.0069
6.785046728971962, -101.0457
6.799065420560748, -101.0846
6.813084112149532, -101.1239
6.827102803738318, -101.1634
6.841121495327103, -101.2032
6.855140186915888, -101.2432
6.869158878504673, -101.2835
6.883177570093458, -101.3241
6.897196261682243, -101.3649
6.911214953271028, -101.406
6.925233644859813, -101.4474
6.939252336448598, -101.489
6.953271028037383, -101.5309
6.9672897196261685, -101.5731
6.981308411214953, -101.6155
6.9953271028037385, -101.6582
7.009345794392523, -101.7012
7.0233644859813085, -101.7444
7.037383177570093, -101.7879
7.0514018691588785, -101.8317
7.065420560747664, -101.8757
7.079439252336448, -101.92
7.093457943925234, -101.9646
7.107476635514018, -102.0094
7.121495327102804, -102.0545
7.135514018691588, -102.0999
7.149532710280374, -102.1455
7.163551401869158, -102.1914
7.177570093457944, -102.2375
7.191588785046729, -102.2791
7.205607476635514, -102.3207
7.219626168224299, -102.3624
7.233644859813084, -102.404
7.247663551401869, -102.4456
7.261682242990654, -102.4872
7.275700934579439, -102.5289
7.289719626168224, -102.5705
7.303738317757009, -102.6122
7.317757009345795, -102.6538
7.331775700934579, -102.6955
7.345794392523365, -102.7371
7.359813084112149, -102.7788
7.373831775700935, -102.8205
7.387850467289719, -102.8622
7.401869158878505, -102.9038
7.41588785046729, -102.9455
7.429906542056075, -102.9872
7.44392523364486, -103.0289
7.457943925233645, -103.0706
7.47196261682243, -103.1124
7.485981308411215, -103.1541
7.5, -103.1958
7.5140186915887845, -103.2375
7.52803738317757, -103.2793
7.542056074766355, -103.321
7.55607476635514, -103.3627
7.570093457943925, -103.4045
7.58411214953271, -103.4462
7.598130841121495, -103.488
7.61214953271028, -103.5298
7.626168224299065, -103.5715
7.64018691588785, -103.6133
7.654205607476635, -103.6551
7.668224299065421, -103.6969
7.682242990654205, -103.7387
7.696261682242991, -103.7805
7.710280373831775, -103.8124
7.724299065420561, -103.8438
7.738317757009345, -103.8747
7.752336448598131, -103.9051
7.766355140186916, -103.935
7.780373831775701, -103.9643
7.794392523364486, -103.9932
7.808411214953271, -104.0215
7.822429906542056, -104.0493
7.836448598130841, -104.0766
7.850467289719626, -104.1034
7.864485981308411, -104.1296
7.878504672897196, -104.1554
7.892523364485982, -104.1806
7.906542056074766, -104.2054
7.920560747663552, -104.2296
7.934579439252336, -104.2533
7.9485981308411215, -104.2764
7.962616822429906, -104.2991
7.9766355140186915, -104.3213
7.990654205607477, -104.3429
8.004672897196262, -104.364
8.018691588785046, -104.3846
8.032710280373832, -104.4047
8.046728971962617, -104.4243
8.060747663551401, -104.4434
8.074766355140186, -104.4619
8.088785046728972, -104.4799
8.102803738317757, -104.4975
8.116822429906541, -104.5145
8.130841121495328, -104.531
8.144859813084112, -104.5469
8.158878504672897, -104.5624
8.172897196261681, -104.5773
8.186915887850468, -104.5918
8.200934579439252, -104.6057
8.214953271028037, -104.6088
8.228971962616823, -104.6109
8.242990654205608, -104.6119
8.257009345794392, -104.6118
8.271028037383177, -104.6107
8.285046728971963, -104.6085
8.299065420560748, -104.6052
8.313084112149532, -104.6009
8.327102803738317, -104.5955
8.341121495327103, -104.589
8.355140186915888, -104.5815
8.369158878504672, -104.5729
8.383177570093459, -104.5632
8.397196261682243, -104.5524
8.411214953271028, -104.5406
8.425233644859812, -104.5277
8.439252336448599, -104.5137
8.453271028037383, -104.4987
8.467289719626168, -104.4826
8.481308411214954, -104.4654
8.495327102803738, -104.4472
8.509345794392523, -104.4279
8.523364485981308, -104.4075
8.537383177570094, -104.3861
8.551401869158878, -104.3636
8.565420560747663, -104.34
8.57943925233645, -104.3153
8.593457943925234, -104.2896
8.607476635514018, -104.2628
8.621495327102803, -104.2349
8.63551401869159, -104.206
8.649532710280374, -104.176
8.663551401869158, -104.1449
8.677570093457943, -104.1128
8.69158878504673, -104.0796
8.705607476635514, -104.0453
8.719626168224298, -104.01
8.733644859813085, -103.9849
8.74766355140187, -103.9593
8.761682242990654, -103.9332
8.775700934579438, -103.9067
8.789719626168225, -103.8797
8.80373831775701, -103.8522
8.817757009345794, -103.8242
8.83177570093458, -103.7958
8.845794392523365, -103.7669
8.85981308411215, -103.7375
8.873831775700934, -103.7076
8.88785046728972, -103.6773
8.901869158878505, -103.6465
8.91588785046729, -103.6152
8.929906542056075, -103.5835
8.94392523364486, -103.5512
8.957943925233645, -103.5185
8.97196261682243, -103.4854
8.985981308411215, -103.4517
9.0, -103.4176
9.014018691588785, -103.383
9.028037383177569, -103.3479
9.042056074766355, -103.3124
9.05607476635514, -103.2763
9.070093457943925, -103.2398
9.08411214953271, -103.2029
9.098130841121495, -103.1654
9.11214953271028, -103.1275
9.126168224299064, -103.0891
9.14018691588785, -103.0502
9.154205607476635, -103.0109
9.16822429906542, -102.9711
9.182242990654206, -102.9308
9.19626168224299, -102.89
9.210280373831775, -102.8488
9.22429906542056, -102.8071
9.238317757009346, -102.7649
9.25233644859813, -102.7317
9.266355140186915, -102.6986
9.280373831775702, -102.6655
9.294392523364486, -102.6324
9.30841121495327, -102.5994
9.322429906542055, -102.5664
9.336448598130842, -102.5334
9.350467289719626, -102.5004
9.36448598130841, -102.4675
9.378504672897197, -102.4346
9.392523364485982, -102.4017
9.406542056074766, -102.3688
9.42056074766355, -102.336
9.434579439252337, -102.3032
9.448598130841122, -102.2704
9.462616822429906, -102.2376
9.47663551401869, -102.2049
9.490654205607477, -102.1722
9.504672897196262, -102.1395
9.518691588785046, -102.1069
9.532710280373832, -102.0743
9.546728971962617, -102.0417
9.560747663551401, -102.0091
9.574766355140186, -101.9766
9.588785046728972, -101.944
9.602803738317757, -101.9116
9.616822429906541, -101.8791
9.630841121495328, -101.8467
9.644859813084112, -101.8142
9.658878504672897, -101.7819
9.672897196261681, -101.7495
9.686915887850468, -101.7172
9.700934579439252, -101.6849
9.714953271028037, -101.6526
9.728971962616823, -101.6203
9.742990654205608, -101.5881
9.757009345794392, -101.5619
9.771028037383177, -101.536
9.785046728971963, -101.5105
9.799065420560748, -101.4853
9.813084112149532, -101.4605
9.827102803738317, -101.436
9.841121495327103, -101.4119
9.855140186915888, -101.3881
9.869158878504672, -101.3647
9.883177570093459, -101.3416
9.897196261682243, -101.3189
9.911214953271028, -101.2965
9.925233644859812, -101.2745
9.939252336448599, -101.2528
9.953271028037383, -101.2315
9.967289719626168, -101.2105
9.981308411214954, -101.1899
9.995327102803738, -101.1696
10.009345794392523, -101.1497
10.023364485981308, -101.1301
10.037383177570094, -101.1109
10.051401869158878, -101.092
10.065420560747663, -101.0735
10.07943925233645, -101.0553
10.093457943925234, -101.0375
10.107476635514018, -101.02
10.121495327102803, -101.0029
10.13551401869159, -100.9861
10.149532710280374, -100.9697
10.163551401869158, -100.9536
10.177570093457943, -100.9379
10.19158878504673, -100.9225
10.205607476635514, -100.9074
10.219626168224298, -100.8928
10.233644859813085, -100.8784
10.24766355140187, -100.8644
10.261682242990654, -100.8508
10.275700934579438, -100.8356
10.289719626168225, -100.8207
10.30373831775701, -100.806
10.317757009345794, -100.7916
10.33177570093458, -100.7774
10.345794392523365, -100.7634
10.35981308411215, -100.7498
10.373831775700934, -100.7363
10.38785046728972, -100.7231
10.401869158878505, -100.7102
10.41588785046729, -100.6975
10.429906542056075, -100.6851
10.44392523364486, -100.6729
10.457943925233645, -100.661
10.47196261682243, -100.6493
10.485981308411215, -100.6378
10.5, -100.6266
