% Measurement ID: 3658
% Mode ID: 1
% Date and time: 2020-09-23 09:57:16
% Sample ID: RAD9-17
% Measurement type: ringdown
% Frequency [Hz]: 616247.0
% Quality factor: 254799.02280826677
% Temperature [K]: 293.0
% Pressure [mBar]: 2.69e-07
% Notes: 
% 
%
% measurement data
% time [s], power [dBm]
0.0, -32.5012
0.014018691588785047, -32.51096
0.028037383177570093, -32.97971
0.04205607476635514, -32.71116
0.056074766355140186, -32.70627
0.07009345794392523, -32.80393
0.08411214953271028, -32.67698
0.09813084112149532, -32.82346
0.11214953271028037, -32.63303
0.1261682242990654, -32.43284
0.14018691588785046, -32.77463
0.1542056074766355, -32.7258
0.16822429906542055, -32.43284
0.1822429906542056, -32.67209
0.19626168224299065, -32.88205
0.2102803738317757, -32.6135
0.22429906542056074, -32.71116
0.2383177570093458, -32.74534
0.2523364485981308, -32.71116
0.26635514018691586, -32.96018
0.2803738317757009, -32.62815
0.29439252336448596, -32.60373
0.308411214953271, -32.99924
0.32242990654205606, -32.55491
0.3364485981308411, -32.44748
0.35046728971962615, -32.88205
0.3644859813084112, -32.63303
0.37850467289719625, -32.4426
0.3925233644859813, -32.77463
0.40654205607476634, -32.73557
0.4205607476635514, -32.71604
0.43457943925233644, -32.83811
0.4485981308411215, -32.60862
0.46261682242990654, -32.70139
0.4766355140186916, -32.85764
0.49065420560747663, -32.41819
0.5046728971962616, -32.53538
0.5186915887850467, -32.98948
0.5327102803738317, -32.34495
0.5467289719626168, -32.45237
0.5607476635514018, -33.02366
0.5747663551401869, -32.69651
0.5887850467289719, -32.75998
0.602803738317757, -32.80393
0.616822429906542, -32.79905
0.6308411214953271, -33.00901
0.6448598130841121, -32.61838
0.6588785046728972, -32.59397
0.6728971962616822, -32.93577
0.6869158878504673, -32.79416
0.7009345794392523, -32.71604
0.7149532710280374, -34.35666
0.7289719626168224, -44.93284
0.7429906542056075, -55.32834
0.7570093457943925, -56.86155
0.7710280373831776, -57.86741
0.7850467289719626, -58.80979
0.7990654205607477, -59.81565
0.8130841121495327, -60.88498
0.8271028037383178, -61.89084
0.8411214953271028, -62.89182
0.8551401869158879, -63.78049
0.8691588785046729, -64.72776
0.883177570093458, -65.71897
0.897196261682243, -66.66135
0.911214953271028, -67.60373
0.9252336448598131, -68.64377
0.9392523364485981, -69.58616
0.9532710280373832, -70.38205
0.9672897196261682, -71.04612
0.9813084112149533, -71.78342
0.9953271028037383, -72.41819
1.0093457943925233, -73.14084
1.0233644859813085, -74.14182
1.0373831775700935, -75.10373
1.0514018691588785, -76.28049
1.0654205607476634, -77.8967
1.0794392523364487, -78.81467
1.0934579439252337, -79.30295
1.1074766355140186, -80.34788
1.1214953271028036, -82.06663
1.1355140186915889, -83.64866
1.1495327102803738, -84.05881
1.1635514018691588, -84.13205
1.1775700934579438, -84.75217
1.191588785046729, -85.34788
1.205607476635514, -87.06663
1.219626168224299, -87.7844
1.233644859813084, -87.97483
1.2476635514018692, -87.90159
1.2616822429906542, -89.16135
1.2757009345794392, -91.1633
1.2897196261682242, -90.43577
1.3037383177570094, -89.30784
1.3177570093457944, -89.39084
1.3317757009345794, -91.59788
1.3457943925233644, -95.16233
1.3598130841121494, -93.86838
1.3738317757009346, -92.10569
1.3878504672897196, -91.94455
1.4018691588785046, -92.53538
1.4158878504672896, -92.926
1.4299065420560748, -95.29905
1.4439252336448598, -94.15647
1.4579439252336448, -94.0344
1.4719626168224298, -95.58713
1.485981308411215, -99.49827
1.5, -94.12229
1.514018691588785, -91.80784
1.52803738317757, -91.20725
1.5420560747663552, -91.29514
1.5560747663551402, -92.27659
1.5700934579439252, -90.97288
1.5841121495327102, -90.33811
1.5981308411214954, -89.76682
1.6121495327102804, -89.80588
1.6261682242990654, -91.23166
1.6401869158878504, -92.53049
1.6542056074766356, -95.57737
1.6682242990654206, -102.0569
1.6822429906542056, -96.03147
1.6962616822429906, -94.71799
1.7102803738317758, -94.79612
1.7242990654205608, -95.60666
1.7383177570093458, -94.92307
1.7523364485981308, -94.77659
1.766355140186916, -95.04514
1.780373831775701, -95.70432
1.794392523364486, -96.34885
1.808411214953271, -96.80784
1.822429906542056, -95.66526
1.8364485981308412, -95.88498
1.8504672897196262, -100.4992
1.8644859813084111, -102.1496
1.8785046728971961, -100.0012
1.8925233644859814, -100.1086
1.9065420560747663, -100.7239
1.9205607476635513, -98.28245
1.9345794392523363, -96.45627
1.9485981308411215, -96.14377
1.9626168224299065, -96.84202
1.9766355140186915, -96.54416
1.9906542056074765, -96.2512
2.0046728971962615, -96.27073
2.0186915887850465, -96.30491
2.032710280373832, -96.52952
2.046728971962617, -95.82639
2.060747663551402, -95.426
2.074766355140187, -94.07346
2.088785046728972, -93.08225
2.102803738317757, -93.29221
2.116822429906542, -92.56955
2.130841121495327, -92.84788
2.1448598130841123, -95.35764
2.1588785046728973, -96.15354
2.1728971962616823, -94.82053
2.1869158878504673, -95.29905
2.2009345794392523, -99.67405
2.2149532710280373, -98.33127
2.2289719626168223, -93.43381
2.2429906542056073, -90.3967
2.2570093457943923, -90.35276
2.2710280373831777, -92.3303
2.2850467289719627, -97.66721
2.2990654205607477, -97.57444
2.3130841121495327, -95.45041
2.3271028037383177, -94.50803
2.3411214953271027, -93.64377
2.3551401869158877, -93.71702
2.3691588785046727, -94.67405
2.383177570093458, -94.41038
2.397196261682243, -96.69065
2.411214953271028, -101.1145
2.425233644859813, -102.8625
2.439252336448598, -98.09202
2.453271028037383, -97.49143
2.467289719626168, -95.84104
2.481308411214953, -93.80002
2.4953271028037385, -92.96018
2.5093457943925235, -92.96018
2.5233644859813085, -94.02463
2.5373831775700935, -94.29319
2.5514018691588785, -94.35666
2.5654205607476634, -96.18284
2.5794392523364484, -97.71116
2.5934579439252334, -94.94748
2.607476635514019, -94.07834
2.621495327102804, -94.15159
2.635514018691589, -94.8303
2.649532710280374, -103.4778
2.663551401869159, -108.8684
2.677570093457944, -102.4963
2.691588785046729, -97.77952
2.705607476635514, -96.65159
2.719626168224299, -96.49045
2.7336448598130842, -98.4094
2.7476635514018692, -96.37815
2.7616822429906542, -93.16526
2.7757009345794392, -92.97483
2.789719626168224, -90.9387
2.803738317757009, -90.50413
2.817757009345794, -91.00217
2.831775700934579, -93.43381
2.8457943925233646, -91.18772
2.8598130841121496, -89.0344
2.8738317757009346, -88.9758
2.8878504672897196, -90.94846
2.9018691588785046, -93.60471
2.9158878504672896, -97.81858
2.9299065420560746, -98.59006
2.9439252336448596, -98.53147
2.957943925233645, -98.8635
2.97196261682243, -100.2795
2.985981308411215, -100.6067
3.0, -98.47776
3.014018691588785, -100.5774
3.02803738317757, -104.8547
3.042056074766355, -104.1028
3.05607476635514, -109.4885
3.0700934579439254, -100.3479
3.0841121495327104, -100.1916
3.0981308411214954, -103.1164
3.1121495327102804, -100.758
3.1261682242990654, -99.78635
3.1401869158878504, -95.74338
3.1542056074766354, -93.76096
3.1682242990654204, -93.551
3.1822429906542054, -93.56077
3.196261682242991, -92.41819
3.210280373831776, -90.85569
3.2242990654205608, -90.426
3.2383177570093458, -90.71897
3.2523364485981308, -91.13401
3.2663551401869158, -91.77854
3.2803738317757007, -92.82346
3.2943925233644857, -94.75705
3.308411214953271, -92.12034
3.322429906542056, -91.43186
3.336448598130841, -91.43674
3.350467289719626, -92.01291
3.364485981308411, -92.79905
3.378504672897196, -93.50217
3.392523364485981, -94.69358
3.406542056074766, -94.801
3.4205607476635516, -69.27366
3.4345794392523366, -70.01584
3.4485981308411215, -70.81663
3.4626168224299065, -71.80295
3.4766355140186915, -72.6135
3.4906542056074765, -73.4094
3.5046728971962615, -74.63987
3.5186915887850465, -75.87034
3.532710280373832, -76.95432
3.546728971962617, -78.1262
3.560747663551402, -79.20041
3.574766355140187, -80.27952
3.588785046728972, -81.44163
3.602803738317757, -82.56955
3.616822429906542, -82.84299
3.630841121495327, -83.56565
3.644859813084112, -84.18088
3.6588785046728973, -84.84495
3.6728971962616823, -85.50413
3.6869158878504673, -85.81663
3.7009345794392523, -87.29612
3.7149532710280373, -89.23459
3.7289719626168223, -88.66819
3.7429906542056073, -87.88205
3.7570093457943923, -88.10666
3.7710280373831777, -90.51877
3.7850467289719627, -92.16428
3.7990654205607477, -94.98655
3.8130841121495327, -96.68577
3.8271028037383177, -94.07346
3.8411214953271027, -91.78342
3.8551401869158877, -90.8801
3.8691588785046727, -90.86545
3.883177570093458, -91.49534
3.897196261682243, -93.66819
3.911214953271028, -95.22092
3.925233644859813, -92.83323
3.939252336448598, -71.04123
3.953271028037383, -46.01682
3.967289719626168, -34.9133
3.981308411214953, -32.85764
3.9953271028037385, -32.44748
4.009345794392523, -32.26682
4.0233644859813085, -32.29612
4.037383177570093, -32.52561
4.0514018691588785, -32.16916
4.065420560747664, -32.16916
4.079439252336448, -32.59397
4.093457943925234, -32.11057
4.107476635514018, -32.12522
4.121495327102804, -32.4719
4.135514018691588, -32.06663
4.149532710280374, -32.1301
4.163551401869158, -32.39866
4.177570093457944, -32.00803
4.191588785046729, -32.1008
4.205607476635514, -32.39377
4.219626168224299, -31.92991
4.233644859813084, -32.06663
4.247663551401869, -32.28147
4.261682242990654, -31.92991
4.275700934579439, -32.1887
4.289719626168225, -32.14475
4.303738317757009, -32.02268
4.317757009345795, -32.37913
4.331775700934579, -32.06663
4.345794392523365, -32.02756
4.359813084112149, -32.46213
4.373831775700935, -32.0178
4.387850467289719, -31.99338
4.401869158878505, -32.4719
4.41588785046729, -32.11057
4.429906542056075, -32.09592
4.44392523364486, -32.35959
4.457943925233645, -32.21311
4.47196261682243, -32.20334
4.485981308411215, -32.37913
4.5, -32.13498
4.5140186915887845, -32.13498
4.52803738317757, -32.37424
4.542056074766355, -32.03733
4.55607476635514, -32.05198
4.570093457943925, -32.5012
4.58411214953271, -32.03733
4.598130841121495, -32.02268
4.61214953271028, -32.51096
4.626168224299065, -32.1887
4.640186915887851, -32.18381
4.654205607476635, -32.55002
4.668224299065421, -32.22288
4.682242990654205, -32.32541
4.696261682242991, -32.61838
4.710280373831775, -32.19358
4.724299065420561, -32.39866
4.738317757009345, -32.67698
4.752336448598131, -32.27659
4.766355140186916, -32.4719
4.780373831775701, -32.62815
4.794392523364486, -32.36936
4.808411214953271, -32.63303
4.822429906542056, -32.5842
4.836448598130841, -32.55002
4.850467289719626, -32.93088
4.864485981308412, -32.42307
4.878504672897196, -32.42307
4.892523364485982, -33.02854
4.906542056074766, -32.47678
4.920560747663552, -32.43284
4.934579439252336, -32.88694
4.9485981308411215, -32.57932
4.962616822429906, -32.4719
4.9766355140186915, -32.75022
4.990654205607477, -32.76975
5.0046728971962615, -32.64768
5.018691588785047, -32.79905
5.0327102803738315, -32.55979
5.046728971962617, -32.55002
5.0607476635514015, -33.00413
5.074766355140187, -32.33518
5.0887850467289715, -32.34495
5.102803738317757, -33.22385
5.116822429906542, -32.29612
5.130841121495327, -32.27659
5.144859813084112, -33.0969
5.158878504672897, -32.44748
5.172897196261682, -32.42307
5.186915887850467, -32.926
5.200934579439252, -32.6135
5.214953271028038, -32.62815
5.228971962616822, -32.69163
5.242990654205608, -32.41819
5.257009345794392, -32.64768
5.271028037383178, -34.2053
5.285046728971962, -40.54319
5.299065420560748, -54.08811
5.313084112149532, -56.64182
5.327102803738318, -57.70139
5.341121495327103, -58.66819
5.355140186915888, -59.61057
5.369158878504673, -60.51877
5.383177570093458, -61.42698
5.397196261682243, -62.43284
5.411214953271028, -63.4094
5.425233644859813, -64.40549
5.439252336448598, -65.37229
5.453271028037383, -66.23655
5.4672897196261685, -67.2717
5.481308411214953, -68.43381
5.4953271028037385, -69.40061
5.509345794392523, -70.33323
5.5233644859813085, -71.18772
5.537383177570093, -72.04221
5.5514018691588785, -73.01877
5.565420560747664, -73.8928
5.579439252336448, -75.02073
5.593457943925234, -76.13889
5.607476635514018, -77.21311
5.621495327102804, -77.79416
5.635514018691588, -78.54123
5.649532710280374, -79.16135
5.663551401869158, -80.60666
5.677570093457944, -82.93577
5.691588785046729, -83.86838
5.705607476635514, -84.43967
5.719626168224299, -85.96799
5.733644859813084, -87.54514
5.747663551401869, -89.79612
5.761682242990654, -92.35959
5.775700934579439, -91.09006
5.789719626168225, -90.426
5.803738317757009, -90.54807
5.817757009345795, -89.64475
5.831775700934579, -89.42014
5.845794392523365, -89.72776
5.859813084112149, -90.65549
5.873831775700935, -90.75315
5.887850467289719, -90.63108
5.901869158878505, -91.06077
5.91588785046729, -93.91721
5.929906542056075, -94.6887
5.94392523364486, -94.94748
5.957943925233645, -99.52756
5.97196261682243, -104.2444
5.985981308411215, -102.3987
6.0, -102.7844
6.0140186915887845, -104.4006
6.02803738317757, -100.6897
6.042056074766355, -100.6164
6.05607476635514, -103.7561
6.070093457943925, -102.2082
6.08411214953271, -102.1008
6.098130841121495, -100.9582
6.11214953271028, -98.4094
6.126168224299065, -98.64377
6.140186915887851, -100.553
6.154205607476635, -104.0246
6.168224299065421, -105.6213
6.182242990654205, -111.1291
6.196261682242991, -102.3645
6.210280373831775, -99.61057
6.224299065420561, -99.35666
6.238317757009345, -99.30295
6.252336448598131, -99.72776
6.266355140186916, -100.6164
6.280373831775701, -98.28245
6.294392523364486, -94.13205
6.308411214953271, -92.45237
6.322429906542056, -92.75022
6.336448598130841, -85.97288
6.350467289719626, -58.04807
6.364485981308411, -39.81565
6.378504672897196, -33.48752
6.392523364485982, -32.38401
6.406542056074766, -32.43772
6.420560747663552, -32.55979
6.434579439252336, -32.31565
6.4485981308411215, -32.4719
6.462616822429906, -32.48655
6.4766355140186915, -32.36448
6.490654205607477, -32.66721
6.5046728971962615, -32.35959
6.518691588785047, -32.28635
6.5327102803738315, -32.80393
6.546728971962617, -32.37913
6.5607476635514015, -32.30588
6.574766355140187, -32.91623
6.5887850467289715, -32.39377
6.602803738317757, -32.38889
6.616822429906542, -32.926
6.630841121495327, -32.42307
6.644859813084112, -32.49143
6.658878504672897, -32.87229
6.672897196261682, -32.4426
6.686915887850467, -32.57932
6.700934579439252, -32.7844
6.714953271028038, -32.49631
6.728971962616822, -32.63303
6.742990654205608, -32.91135
6.757009345794392, -32.66233
6.771028037383178, -32.70627
6.785046728971962, -32.7551
6.799065420560748, -32.65745
6.813084112149532, -32.80881
6.827102803738318, -32.8137
6.841121495327103, -32.65745
6.855140186915888, -32.78928
6.869158878504673, -32.86741
6.883177570093458, -32.55002
6.897196261682243, -32.63791
6.911214953271028, -32.91135
6.925233644859813, -32.55002
6.939252336448598, -32.64768
6.953271028037383, -32.94065
6.9672897196261685, -32.70627
6.981308411214953, -32.83811
6.9953271028037385, -32.63303
7.009345794392523, -32.55979
7.0233644859813085, -33.02854
7.037383177570093, -32.52561
7.0514018691588785, -32.46213
7.065420560747664, -32.96506
7.079439252336448, -32.63303
7.093457943925234, -32.60373
7.107476635514018, -96.02659
7.121495327102804, -95.86057
7.135514018691588, -96.38303
7.149532710280374, -98.26291
7.163551401869158, -100.1916
7.177570093457944, -103.9367
7.191588785046729, -105.4309
7.205607476635514, -111.8664
7.219626168224299, -105.9192
7.233644859813084, -105.8996
7.247663551401869, -69.04905
7.261682242990654, -44.33225
7.275700934579439, -34.64475
7.289719626168224, -32.53049
7.303738317757009, -32.45725
7.317757009345795, -32.51584
7.331775700934579, -32.40354
7.345794392523365, -32.42795
7.359813084112149, -32.1594
7.373831775700935, -32.12034
7.387850467289719, -32.45725
7.401869158878505, -32.00803
7.41588785046729, -31.88108
7.429906542056075, -32.25705
7.44392523364486, -32.04709
7.457943925233645, -31.96409
7.47196261682243, -32.1887
7.485981308411215, -32.11545
7.5, -32.11057
7.5140186915887845, -32.18381
7.52803738317757, -32.06663
7.542056074766355, -32.13498
7.55607476635514, -32.20334
7.570093457943925, -31.86155
7.58411214953271, -31.91037
7.598130841121495, -32.5012
7.61214953271028, -31.9885
7.626168224299065, -31.96409
7.64018691588785, -32.32541
7.654205607476635, -32.12522
7.668224299065421, -32.10569
7.682242990654205, -32.38401
7.696261682242991, -32.14475
7.710280373831775, -32.16916
7.724299065420561, -32.14963
7.738317757009345, -32.0178
7.752336448598131, -32.25705
7.766355140186916, -32.17893
7.780373831775701, -31.8176
7.794392523364486, -32.00803
7.808411214953271, -32.29123
7.822429906542056, -32.00315
7.836448598130841, -32.10569
7.850467289719626, -32.19358
7.864485981308411, -32.18381
7.878504672897196, -32.34495
7.892523364485982, -32.09104
7.906542056074766, -32.08616
7.920560747663552, -32.41819
7.934579439252336, -31.99338
7.9485981308411215, -31.97873
7.962616822429906, -32.43772
7.9766355140186915, -32.11057
7.990654205607477, -31.8762
8.004672897196262, -32.04709
8.018691588785046, -32.301
8.032710280373832, -32.02756
8.046728971962617, -32.16916
8.060747663551401, -32.07639
8.074766355140186, -32.05198
8.088785046728972, -32.4133
8.102803738317757, -31.87131
8.116822429906541, -31.8762
8.130841121495328, -32.43772
8.144859813084112, -31.74924
8.158878504672897, -31.73948
8.172897196261681, -32.59397
8.186915887850468, -31.78342
8.200934579439252, -31.77854
8.214953271028037, -32.38401
8.228971962616823, -32.10569
8.242990654205608, -32.22776
8.257009345794392, -32.08127
8.271028037383177, -31.98362
8.285046728971963, -32.22776
8.299065420560748, -32.14963
8.313084112149532, -31.91526
8.327102803738317, -32.1301
8.341121495327103, -32.16428
8.355140186915888, -31.99827
8.369158878504672, -32.20334
8.383177570093459, -32.301
8.397196261682243, -32.14475
8.411214953271028, -32.14475
8.425233644859812, -32.24729
8.439252336448599, -32.19358
8.453271028037383, -32.33518
8.467289719626168, -31.97385
8.481308411214954, -31.92014
8.495327102803738, -32.32053
8.509345794392523, -32.11057
8.523364485981308, -31.96897
8.537383177570094, -32.22288
8.551401869158878, -32.07151
8.565420560747663, -31.93967
8.57943925233645, -32.26194
8.593457943925234, -32.1301
8.607476635514018, -32.06663
8.621495327102803, -32.38401
8.63551401869159, -32.0178
8.649532710280374, -32.05198
8.663551401869158, -32.34006
8.677570093457943, -31.8762
8.69158878504673, -31.94944
8.705607476635514, -32.37424
8.719626168224298, -32.09592
8.733644859813085, -32.11545
8.74766355140187, -32.29123
8.761682242990654, -32.09104
8.775700934579438, -32.13987
8.789719626168225, -32.25705
8.80373831775701, -32.08127
8.817757009345794, -32.18381
8.83177570093458, -32.1594
8.845794392523365, -32.09104
8.85981308411215, -32.30588
8.873831775700934, -32.21311
8.88785046728972, -32.03245
8.901869158878505, -32.09592
8.91588785046729, -32.37424
8.929906542056075, -32.07151
8.94392523364486, -32.13987
8.957943925233645, -32.12034
8.97196261682243, -31.98362
8.985981308411215, -32.24729
9.0, -32.08616
9.014018691588785, -31.93967
9.028037383177569, -32.19358
9.042056074766355, -32.09592
9.05607476635514, -31.9592
9.070093457943925, -32.25217
9.08411214953271, -32.04221
9.098130841121495, -31.96897
9.11214953271028, -32.30588
9.126168224299064, -32.08127
9.14018691588785, -32.06663
9.154205607476635, -32.35959
9.16822429906542, -31.92991
9.182242990654206, -31.91037
9.19626168224299, -32.36936
9.210280373831775, -31.96409
9.22429906542056, -31.98362
9.238317757009346, -32.20823
9.25233644859813, -32.00803
9.266355140186915, -32.13987
9.280373831775702, -32.07639
9.294392523364486, -31.98362
9.30841121495327, -32.15452
9.322429906542055, -32.03245
9.336448598130842, -31.90061
9.350467289719626, -32.09592
9.36448598130841, -32.14963
9.378504672897197, -31.91526
9.392523364485982, -32.00803
9.406542056074766, -32.1887
9.42056074766355, -32.04709
9.434579439252337, -32.09104
9.448598130841122, -32.14963
9.462616822429906, -32.05686
9.47663551401869, -32.11545
9.490654205607477, -32.05198
9.504672897196262, -31.92014
9.518691588785046, -32.1008
9.532710280373832, -32.00315
9.546728971962617, -31.77854
9.560747663551401, -32.02756
9.574766355140186, -32.06663
9.588785046728972, -31.79807
9.602803738317757, -32.00803
9.616822429906541, -31.97385
9.630841121495328, -31.92014
9.644859813084112, -32.26194
9.658878504672897, -31.79807
9.672897196261681, -31.83225
9.686915887850468, -32.23752
9.700934579439252, -31.72971
9.714953271028037, -31.78342
9.728971962616823, -32.30588
9.742990654205608, -31.74436
9.757009345794392, -31.77366
9.771028037383177, -32.301
9.785046728971963, -31.92991
9.799065420560748, -31.96897
9.813084112149532, -32.00315
9.827102803738317, -31.95432
9.841121495327103, -32.19358
9.855140186915888, -31.99827
9.869158878504672, -31.89084
9.883177570093459, -32.03245
9.897196261682243, -32.12034
9.911214953271028, -31.83225
9.925233644859812, -31.89084
9.939252336448599, -32.33518
9.953271028037383, -31.78342
9.967289719626168, -31.7883
9.981308411214954, -32.28635
9.995327102803738, -32.03733
10.009345794392523, -32.04221
10.023364485981308, -32.05686
10.037383177570094, -32.03245
10.051401869158878, -33.20432
10.065420560747663, -40.6262
10.07943925233645, -53.48752
10.093457943925234, -58.09202
10.107476635514018, -59.35666
10.121495327102803, -60.34299
10.13551401869159, -61.27073
10.149532710280374, -62.23264
10.163551401869158, -63.15061
10.177570093457943, -64.00998
10.19158878504673, -64.93772
10.205607476635514, -65.91428
10.219626168224298, -66.75901
10.233644859813085, -67.63303
10.24766355140187, -68.59983
10.261682242990654, -69.64475
10.275700934579438, -70.54319
10.289719626168225, -71.3342
10.30373831775701, -72.11545
10.317757009345794, -73.08713
10.33177570093458, -74.23948
10.345794392523365, -75.50901
10.35981308411215, -76.51487
10.373831775700934, -77.32541
10.38785046728972, -78.42405
10.401869158878505, -79.80588
10.41588785046729, -80.64084
10.429906542056075, -81.90061
10.44392523364486, -83.74143
10.457943925233645, -85.82151
10.47196261682243, -88.48752
10.485981308411215, -89.19065
10.5, -90.34299
