% Measurement ID: 2981
% Mode ID: 1
% Date and time: 2020-02-13 08:23:46
% Sample ID: TOT26-93
% Measurement type: ringdown
% Frequency [Hz]: 183056.0
% Quality factor: 51851910.961053446
% Temperature [K]: 293.0
% Pressure [mBar]: 8.36e-08
% Notes: 
% 
%
% measurement data
% time [s], power [dBm]
0.0, 12.61599
0.16221628838451269, 12.59646
0.32443257676902537, 12.5867
0.48664886515353806, 12.57693
0.6488651535380507, 12.5574
0.8110814419225634, 12.54763
0.9732977303070761, 12.53787
1.1355140186915889, 12.5281
1.2977303070761015, 12.50857
1.4599465954606141, 12.4988
1.6221628838451267, 12.48904
1.7843791722296396, 12.46951
1.9465954606141522, 12.45974
2.108811748998665, 12.44998
2.2710280373831777, 12.43045
2.4332443257676903, 12.43045
2.595460614152203, 12.41091
2.7576769025367156, 12.40115
2.9198931909212282, 12.39138
3.082109479305741, 12.37185
3.2443257676902535, 12.36209
3.4065420560747666, 12.34255
3.568758344459279, 12.33279
3.730974632843792, 12.32302
3.8931909212283045, 12.30349
4.0554072096128175, 12.29373
4.21762349799733, 12.28396
4.379839786381843, 12.2742
4.542056074766355, 12.25955
4.704272363150868, 12.2449
4.866488651535381, 12.23513
5.028704939919893, 12.2156
5.190921228304406, 12.20584
5.353137516688919, 12.19607
5.515353805073431, 12.17654
5.677570093457944, 12.16677
5.8397863818424565, 12.15212
6.002002670226969, 12.13748
6.164218958611482, 12.12771
6.326435246995994, 12.11795
6.488651535380507, 12.09841
6.6508678237650205, 12.08865
6.813084112149533, 12.07888
6.975300400534046, 12.05935
7.137516688918558, 12.04959
7.299732977303071, 12.03982
7.461949265687584, 12.02029
7.624165554072096, 12.01052
7.786381842456609, 12.00076
7.9485981308411215, 11.98123
8.110814419225635, 11.97146
8.273030707610147, 11.95193
8.43524699599466, 11.94216
8.597463284379172, 11.9324
8.759679572763686, 11.91287
8.921895861148197, 11.9031
9.08411214953271, 11.89334
9.246328437917223, 11.88357
9.408544726301736, 11.86404
9.570761014686248, 11.85427
9.732977303070761, 11.83474
9.895193591455273, 11.82498
10.057409879839787, 11.81521
10.219626168224298, 11.79568
10.381842456608812, 11.78591
10.544058744993325, 11.77615
10.706275033377837, 11.75662
10.86849132176235, 11.74685
11.030707610146862, 11.73709
11.192923898531376, 11.71755
11.355140186915888, 11.70779
11.517356475300401, 11.69314
11.679572763684913, 11.67849
11.841789052069426, 11.66873
12.004005340453938, 11.65896
12.166221628838452, 11.63943
12.328437917222963, 11.62966
12.490654205607477, 11.61502
12.652870493991989, 11.60037
12.815086782376502, 11.5906
12.977303070761014, 11.57107
13.139519359145527, 11.5613
13.301735647530041, 11.54177
13.463951935914553, 11.53201
13.626168224299066, 11.52224
13.788384512683578, 11.51248
13.950600801068092, 11.49295
14.112817089452603, 11.48318
14.275033377837117, 11.47341
14.437249666221629, 11.45388
14.599465954606142, 11.44412
14.761682242990654, 11.42459
14.923898531375167, 11.41482
15.086114819759679, 11.40505
15.248331108144193, 11.38552
15.410547396528704, 11.37576
15.572763684913218, 11.35623
15.734979973297731, 11.34646
15.897196261682243, 11.3367
16.059412550066757, 11.31716
16.22162883845127, 11.3074
16.38384512683578, 11.28787
16.546061415220294, 11.2781
16.708277703604807, 11.26834
16.87049399198932, 11.2488
17.03271028037383, 11.23904
17.194926568758344, 11.22927
17.357142857142858, 11.21951
17.51935914552737, 11.19998
17.68157543391188, 11.19021
17.843791722296395, 11.17068
18.006008010680908, 11.16091
18.16822429906542, 11.15115
18.330440587449935, 11.13162
18.492656875834445, 11.12185
18.65487316421896, 11.10232
18.817089452603472, 11.09255
18.979305740987986, 11.08279
19.141522029372496, 11.06326
19.30373831775701, 11.05349
19.465954606141523, 11.03396
19.628170894526036, 11.0242
19.790387182910546, 11.00466
19.95260347129506, 10.9949
20.114819759679573, 10.98513
20.277036048064087, 10.9656
20.439252336448597, 10.95584
20.60146862483311, 10.94607
20.763684913217624, 10.92654
20.925901201602137, 10.91677
21.08811748998665, 10.89724
21.25033377837116, 10.88748
21.412550066755674, 10.86795
21.574766355140188, 10.85818
21.7369826435247, 10.83865
21.89919893190921, 10.82888
22.061415220293725, 10.81912
22.22363150867824, 10.79959
22.385847797062752, 10.78982
22.548064085447262, 10.77029
22.710280373831775, 10.77029
22.87249666221629, 10.75076
23.034712950600802, 10.73123
23.196929238985312, 10.72146
23.359145527369826, 10.7117
23.52136181575434, 10.69216
23.683578104138853, 10.6824
23.845794392523366, 10.67263
24.008010680907876, 10.6531
24.17022696929239, 10.64334
24.332443257676903, 10.6238
24.494659546061417, 10.61404
24.656875834445927, 10.60427
24.81909212283044, 10.58474
24.981308411214954, 10.57498
25.143524699599467, 10.55545
25.305740987983977, 10.54568
25.46795727636849, 10.52615
25.630173564753004, 10.50662
25.792389853137518, 10.49685
25.954606141522028, 10.48709
26.11682242990654, 10.46755
26.279038718291055, 10.45779
26.44125500667557, 10.43826
26.603471295060082, 10.42849
26.765687583444592, 10.40896
26.927903871829105, 10.3992
27.09012016021362, 10.37966
27.252336448598133, 10.3699
27.414552736982643, 10.35037
27.576769025367156, 10.3406
27.73898531375167, 10.33084
27.901201602136183, 10.3113
28.063417890520693, 10.30154
28.225634178905207, 10.28201
28.38785046728972, 10.27224
28.550066755674234, 10.26248
28.712283044058747, 10.24295
28.874499332443257, 10.23318
29.03671562082777, 10.21365
29.198931909212284, 10.20388
29.361148197596798, 10.18435
29.523364485981308, 10.17459
29.68558077436582, 10.15505
29.847797062750335, 10.14529
30.010013351134848, 10.13064
30.172229639519358, 10.11599
30.33444592790387, 10.09646
30.496662216288385, 10.0867
30.6588785046729, 10.07693
30.82109479305741, 10.0574
30.983311081441922, 10.04763
31.145527369826436, 10.0281
31.30774365821095, 10.01834
31.469959946595463, 9.998805
31.632176234979973, 9.989039
31.794392523364486, 9.969508
31.956608811749, 9.959742
32.11882510013351, 9.940211
32.28104138851803, 9.930445
32.44325767690254, 9.915797
32.60547396528705, 9.901148
32.76769025367156, 9.891383
32.929906542056074, 9.871852
33.09212283044059, 9.862086
33.2543391188251, 9.842555
33.416555407209614, 9.832789
33.57877169559413, 9.823023
33.74098798397864, 9.803492
33.903204272363155, 9.788844
34.06542056074766, 9.774195
34.227636849132175, 9.76443
34.38985313751669, 9.744898
34.5520694259012, 9.735133
34.714285714285715, 9.715602
34.87650200267023, 9.705836
35.03871829105474, 9.686305
35.200934579439256, 9.676539
35.36315086782376, 9.657008
35.525367156208276, 9.647242
35.68758344459279, 9.632594
35.8497997329773, 9.617945
36.012016021361816, 9.598414
36.17423230974633, 9.588648
36.33644859813084, 9.569117
36.49866488651536, 9.559352
36.66088117489987, 9.53982
36.82309746328438, 9.530055
36.98531375166889, 9.510523
37.147530040053404, 9.500758
37.30974632843792, 9.481227
37.47196261682243, 9.471461
37.634178905206944, 9.461695
37.79639519359146, 9.442164
37.95861148197597, 9.427516
38.12082777036048, 9.412867
38.28304405874499, 9.393336
38.445260347129505, 9.38357
38.60747663551402, 9.364039
38.76969292389853, 9.354273
38.931909212283045, 9.334742
39.09412550066756, 9.324977
39.25634178905207, 9.305445
39.418558077436586, 9.29568
39.58077436582109, 9.285914
39.742990654205606, 9.266383
39.90520694259012, 9.256617
40.06742323097463, 9.237086
40.22963951935915, 9.217555
40.39185580774366, 9.198023
40.55407209612817, 9.188258
40.71628838451269, 9.178492
40.87850467289719, 9.158961
41.04072096128171, 9.149195
41.20293724966622, 9.129664
41.365153538050734, 9.110133
41.52736982643525, 9.100367
41.68958611481976, 9.090602
41.851802403204275, 9.07107
42.01401869158879, 9.061305
42.1762349799733, 9.041773
42.33845126835781, 9.032008
42.50066755674232, 9.012477
42.662883845126835, 9.002711
42.82510013351135, 8.98318
42.98731642189586, 8.973414
43.149532710280376, 8.953883
43.31174899866489, 8.934352
43.4739652870494, 8.924586
43.63618157543391, 8.905055
43.79839786381842, 8.895289
43.960614152202936, 8.875758
44.12283044058745, 8.865992
44.28504672897196, 8.856227
44.44726301735648, 8.836695
44.60947930574099, 8.822047
44.771695594125504, 8.807398
44.93391188251002, 8.797633
45.096128170894524, 8.778102
45.25834445927904, 8.768336
45.42056074766355, 8.748805
45.582777036048064, 8.739039
45.74499332443258, 8.719508
45.90720961281709, 8.699977
46.069425901201605, 8.690211
46.23164218958612, 8.680445
46.393858477970625, 8.660914
46.55607476635514, 8.646266
46.71829105473965, 8.631617
46.880507343124165, 8.612086
47.04272363150868, 8.60232
47.20493991989319, 8.582789
47.367156208277706, 8.573023
47.52937249666222, 8.553492
47.69158878504673, 8.543727
47.85380507343124, 8.524195
48.01602136181575, 8.51443
48.178237650200266, 8.494898
48.34045393858478, 8.485133
48.50267022696929, 8.465602
48.66488651535381, 8.455836
48.82710280373832, 8.436305
48.989319092122834, 8.416773
49.15153538050734, 8.407008
49.313751668891854, 8.387477
49.47596795727637, 8.377711
49.63818424566088, 8.35818
49.800400534045394, 8.348414
49.96261682242991, 8.328883
50.12483311081442, 8.319117
50.287049399198935, 8.299586
50.44926568758345, 8.28982
50.611481975967955, 8.270289
50.77369826435247, 8.255641
50.93591455273698, 8.240992
51.098130841121495, 8.221461
51.26034712950601, 8.211695
51.42256341789052, 8.20193
51.584779706275036, 8.182398
51.74699599465955, 8.162867
51.909212283044056, 8.153102
52.07142857142857, 8.13357
52.23364485981308, 8.123805
52.395861148197596, 8.114039
52.55807743658211, 8.094508
52.72029372496662, 8.084742
52.88251001335114, 8.065211
53.04472630173565, 8.04568
53.206942590120164, 8.035914
53.36915887850467, 8.016383
53.531375166889184, 7.996852
53.6935914552737, 7.987086
53.85580774365821, 7.967555
54.018024032042725, 7.957789
54.18024032042724, 7.938258
54.34245660881175, 7.928492
54.504672897196265, 7.908961
54.66688918558078, 7.899195
54.829105473965285, 7.879664
54.9913217623498, 7.869898
55.15353805073431, 7.850367
55.315754339118826, 7.840602
55.47797062750334, 7.82107
55.64018691588785, 7.811305
55.802403204272366, 7.791773
55.96461949265688, 7.772242
56.126835781041386, 7.762477
56.2890520694259, 7.742945
56.45126835781041, 7.73318
56.61348464619493, 7.713648
56.77570093457944, 7.703883
56.937917222963954, 7.684352
57.10013351134847, 7.674586
57.26234979973298, 7.655055
57.424566088117494, 7.635523
57.586782376502, 7.625758
57.748998664886514, 7.606227
57.91121495327103, 7.596461
58.07343124165554, 7.57693
58.235647530040055, 7.562281
58.39786381842457, 7.547633
58.56008010680908, 7.537867
58.722296395193595, 7.518336
58.8845126835781, 7.498805
59.046728971962615, 7.479273
59.20894526034713, 7.469508
59.37116154873164, 7.449977
59.533377837116156, 7.440211
59.69559412550067, 7.42068
59.85781041388518, 7.410914
60.020026702269696, 7.391383
60.18224299065421, 7.381617
60.344459279038716, 7.362086
60.50667556742323, 7.35232
60.66889185580774, 7.332789
60.83110814419226, 7.323023
60.99332443257677, 7.303492
61.155540720961284, 7.293727
61.3177570093458, 7.274195
61.47997329773031, 7.254664
61.64218958611482, 7.244898
61.80440587449933, 7.225367
61.966622162883844, 7.215602
62.12883845126836, 7.19607
62.29105473965287, 7.186305
62.453271028037385, 7.166773
62.6154873164219, 7.157008
62.77770360480641, 7.137477
62.939919893190925, 7.127711
63.10213618157543, 7.10818
63.264352469959945, 7.088648
63.42656875834446, 7.078883
63.58878504672897, 7.059352
63.751001335113486, 7.03982
63.913217623498, 7.030055
64.07543391188251, 7.020289
64.23765020026703, 7.000758
64.39986648865154, 6.990992
64.56208277703605, 6.971461
64.72429906542057, 6.961695
64.88651535380508, 6.942164
65.0487316421896, 6.922633
65.2109479305741, 6.912867
65.3731642189586, 6.893336
65.53538050734312, 6.878687
65.69759679572763, 6.864039
65.85981308411215, 6.854273
66.02202937249666, 6.834742
66.18424566088117, 6.820094
66.34646194926569, 6.805445
66.5086782376502, 6.785914
66.67089452603471, 6.776148
66.83311081441923, 6.756617
66.99532710280374, 6.737086
67.15754339118826, 6.72732
67.31975967957277, 6.707789
67.48197596795728, 6.698023
67.6441922563418, 6.678492
67.80640854472631, 6.668727
67.96862483311081, 6.649195
68.13084112149532, 6.63943
68.29305740987984, 6.619898
68.45527369826435, 6.600367
68.61748998664886, 6.590602
68.77970627503338, 6.57107
68.94192256341789, 6.561305
69.1041388518024, 6.541773
69.26635514018692, 6.532008
69.42857142857143, 6.512477
69.59078771695594, 6.502711
69.75300400534046, 6.48318
69.91522029372497, 6.473414
70.07743658210948, 6.453883
70.239652870494, 6.434352
70.40186915887851, 6.41482
70.56408544726303, 6.405055
70.72630173564752, 6.385523
70.88851802403204, 6.375758
71.05073431241655, 6.356227
71.21295060080107, 6.346461
71.37516688918558, 6.32693
71.53738317757009, 6.317164
71.6995994659546, 6.297633
71.86181575433912, 6.278102
72.02403204272363, 6.268336
72.18624833110815, 6.248805
72.34846461949266, 6.239039
72.51068090787717, 6.219508
72.67289719626169, 6.209742
72.8351134846462, 6.190211
72.99732977303071, 6.17068
73.15954606141523, 6.151148
73.32176234979974, 6.141383
73.48397863818424, 6.121852
73.64619492656875, 6.112086
73.80841121495327, 6.092555
73.97062750333778, 6.082789
74.1328437917223, 6.063258
74.29506008010681, 6.043727
74.45727636849132, 6.029078
74.61949265687583, 6.01443
74.78170894526035, 6.004664
74.94392523364486, 5.985133
75.10614152202938, 5.965602
75.26835781041389, 5.955836
75.4305740987984, 5.936305
75.59279038718292, 5.926539
75.75500667556743, 5.907008
75.91722296395194, 5.897242
76.07943925233646, 5.877711
76.24165554072096, 5.85818
76.40387182910547, 5.848414
76.56608811748998, 5.828883
76.7283044058745, 5.809352
76.89052069425901, 5.799586
77.05273698264352, 5.780055
77.21495327102804, 5.760523
77.37716955941255, 5.750758
77.53938584779706, 5.731227
77.70160213618158, 5.721461
77.86381842456609, 5.70193
78.0260347129506, 5.692164
78.18825100133512, 5.672633
78.35046728971963, 5.662867
78.51268357810414, 5.643336
78.67489986648866, 5.63357
78.83711615487317, 5.614039
78.99933244325767, 5.604273
79.16154873164218, 5.584742
79.3237650200267, 5.565211
79.48598130841121, 5.555445
79.64819759679573, 5.54568
79.81041388518024, 5.526148
79.97263017356475, 5.506617
80.13484646194927, 5.496852
80.29706275033378, 5.47732
80.4592790387183, 5.457789
80.6214953271028, 5.448023
80.78371161548732, 5.428492
80.94592790387183, 5.418727
81.10814419225635, 5.399195
81.27036048064086, 5.379664
81.43257676902537, 5.360133
81.59479305740989, 5.350367
81.75700934579439, 5.330836
81.9192256341789, 5.32107
82.08144192256341, 5.301539
82.24365821094793, 5.291773
82.40587449933244, 5.272242
82.56809078771695, 5.262477
82.73030707610147, 5.242945
82.89252336448598, 5.23318
83.0547396528705, 5.213648
83.21695594125501, 5.194117
83.37917222963952, 5.184352
83.54138851802404, 5.16482
83.70360480640855, 5.150172
83.86582109479306, 5.135523
84.02803738317758, 5.120875
84.19025367156209, 5.106227
84.3524699599466, 5.086695
84.5146862483311, 5.072047
84.67690253671562, 5.057398
84.83911882510013, 5.037867
85.00133511348464, 5.028102
85.16355140186916, 5.00857
85.32576769025367, 4.993922
85.48798397863818, 4.974391
85.6502002670227, 4.959742
85.81241655540721, 4.949977
85.97463284379172, 4.930445
86.13684913217624, 4.915797
86.29906542056075, 4.901148
86.46128170894526, 4.881617
86.62349799732978, 4.871852
86.78571428571429, 4.85232
86.9479305740988, 4.842555
87.11014686248332, 4.823023
87.27236315086782, 4.808375
87.43457943925233, 4.793727
87.59679572763685, 4.774195
87.75901201602136, 4.76443
87.92122830440587, 4.744898
88.08344459279039, 4.735133
88.2456608811749, 4.715602
88.40787716955941, 4.69607
88.57009345794393, 4.686305
88.73230974632844, 4.666773
88.89452603471295, 4.657008
89.05674232309747, 4.637477
89.21895861148198, 4.617945
89.3811748998665, 4.60818
89.54339118825101, 4.588648
89.70560747663552, 4.578883
89.86782376502003, 4.559352
90.03004005340453, 4.53982
90.19225634178905, 4.530055
90.35447263017356, 4.510523
90.51668891855807, 4.490992
90.67890520694259, 4.481227
90.8411214953271, 4.461695
91.00333778371161, 4.45193
91.16555407209613, 4.432398
91.32777036048064, 4.422633
91.48998664886516, 4.403102
91.65220293724967, 4.38357
91.81441922563418, 4.373805
91.9766355140187, 4.354273
92.13885180240321, 4.344508
92.30106809078772, 4.324977
92.46328437917224, 4.310328
92.62550066755675, 4.29568
92.78771695594125, 4.276148
92.94993324432576, 4.256617
93.11214953271028, 4.246852
93.27436582109479, 4.22732
93.4365821094793, 4.207789
93.59879839786382, 4.198023
93.76101468624833, 4.178492
93.92323097463284, 4.158961
94.08544726301736, 4.149195
94.24766355140187, 4.129664
94.40987983978638, 4.110133
94.5720961281709, 4.100367
94.73431241655541, 4.080836
94.89652870493993, 4.061305
95.05874499332444, 4.051539
95.22096128170895, 4.032008
95.38317757009347, 4.022242
95.54539385847796, 4.002711
95.70761014686248, 3.98318
95.86982643524699, 3.973414
96.0320427236315, 3.953883
96.19425901201602, 3.934352
96.35647530040053, 3.924586
96.51869158878505, 3.905055
96.68090787716956, 3.895289
96.84312416555407, 3.875758
97.00534045393859, 3.856227
97.1675567423231, 3.846461
97.32977303070761, 3.82693
97.49198931909213, 3.807398
97.65420560747664, 3.797633
97.81642189586115, 3.778102
97.97863818424567, 3.768336
98.14085447263018, 3.748805
98.30307076101468, 3.739039
98.4652870493992, 3.719508
98.62750333778371, 3.709742
98.78971962616822, 3.690211
98.95193591455273, 3.680445
99.11415220293725, 3.660914
99.27636849132176, 3.641383
99.43858477970628, 3.631617
99.60080106809079, 3.612086
99.7630173564753, 3.60232
99.92523364485982, 3.582789
100.08744993324433, 3.568141
100.24966622162884, 3.553492
100.41188251001336, 3.533961
100.57409879839787, 3.51443
100.73631508678238, 3.504664
100.8985313751669, 3.485133
101.0607476635514, 3.475367
101.22296395193591, 3.455836
101.38518024032042, 3.441187
101.54739652870494, 3.421656
101.70961281708945, 3.407008
101.87182910547396, 3.397242
102.03404539385848, 3.372828
102.19626168224299, 3.35818
102.3584779706275, 3.338648
102.52069425901202, 3.328883
102.68291054739653, 3.309352
102.84512683578104, 3.299586
103.00734312416556, 3.280055
103.16955941255007, 3.270289
103.33177570093459, 3.250758
103.4939919893191, 3.240992
103.65620827770361, 3.221461
103.81842456608811, 3.20193
103.98064085447263, 3.182398
104.14285714285714, 3.172633
104.30507343124165, 3.153102
104.46728971962617, 3.138453
104.62950600801068, 3.123805
104.79172229639519, 3.104273
104.9539385847797, 3.084742
105.11615487316422, 3.074977
105.27837116154873, 3.055445
105.44058744993325, 3.04568
105.60280373831776, 3.026148
105.76502002670227, 3.0115
105.92723631508679, 2.996852
106.0894526034713, 2.97732
106.25166889185581, 2.962672
106.41388518024033, 2.948023
106.57610146862484, 2.928492
106.73831775700934, 2.918727
106.90053404539385, 2.899195
107.06275033377837, 2.884547
107.22496662216288, 2.865016
107.3871829105474, 2.850367
107.54939919893191, 2.830836
107.71161548731642, 2.82107
107.87383177570094, 2.801539
108.03604806408545, 2.791773
108.19826435246996, 2.772242
108.36048064085448, 2.752711
108.52269692923899, 2.742945
108.6849132176235, 2.723414
108.84712950600802, 2.713648
109.00934579439253, 2.694117
109.17156208277704, 2.674586
109.33377837116156, 2.659937
109.49599465954606, 2.645289
109.65821094793057, 2.625758
109.82042723631508, 2.615992
109.9826435246996, 2.596461
110.14485981308411, 2.586695
110.30707610146862, 2.567164
110.46929238985314, 2.552516
110.63150867823765, 2.537867
110.79372496662216, 2.518336
110.95594125500668, 2.498805
111.11815754339119, 2.489039
111.2803738317757, 2.469508
111.44259012016022, 2.459742
111.60480640854473, 2.440211
111.76702269692925, 2.42068
111.92923898531376, 2.406031
112.09145527369827, 2.391383
112.25367156208277, 2.371852
112.41588785046729, 2.362086
112.5781041388518, 2.342555
112.74032042723631, 2.332789
112.90253671562083, 2.308375
113.06475300400534, 2.293727
113.22696929238985, 2.274195
113.38918558077437, 2.26443
113.55140186915888, 2.244898
113.7136181575434, 2.23025
113.87583444592791, 2.210719
114.03805073431242, 2.19607
114.20026702269693, 2.176539
114.36248331108145, 2.166773
114.52469959946596, 2.147242
114.68691588785047, 2.137477
114.84913217623499, 2.117945
115.01134846461949, 2.10818
115.173564753004, 2.088648
115.33578104138851, 2.069117
115.49799732977303, 2.059352
115.66021361815754, 2.03982
115.82242990654206, 2.030055
115.98464619492657, 2.010523
116.14686248331108, 1.995875
116.3090787716956, 1.981227
116.47129506008011, 1.966578
116.63351134846462, 1.95193
116.79572763684914, 1.937281
116.95794392523365, 1.91775
117.12016021361816, 1.903102
117.28237650200268, 1.88357
117.44459279038719, 1.868922
117.6068090787717, 1.854273
117.7690253671562, 1.834742
117.93124165554072, 1.820094
118.09345794392523, 1.805445
118.25567423230974, 1.785914
118.41789052069426, 1.771266
118.58010680907877, 1.756617
118.74232309746328, 1.741969
118.9045393858478, 1.72732
119.06675567423231, 1.707789
119.22897196261682, 1.688258
119.39118825100134, 1.678492
119.55340453938585, 1.663844
119.71562082777037, 1.649195
119.87783711615488, 1.629664
120.04005340453939, 1.619898
120.2022696929239, 1.600367
120.36448598130842, 1.590602
120.52670226969292, 1.57107
120.68891855807743, 1.551539
120.85113484646195, 1.532008
121.01335113484646, 1.522242
121.17556742323097, 1.502711
121.33778371161549, 1.492945
121.5, 1.473414
