% Measurement ID: 1774
% Mode ID: 1
% Date and time: 2020-10-09 09:40:36
% Sample ID: TOT89-83
% Measurement type: ringdown
% Frequency [Hz]: 227692.0
% Quality factor: 60862950.55242901
% Temperature [K]: 293.0
% Pressure [mBar]: 4.77e-08
% Notes: 
% 
%
% measurement data
% time [s], power [dBm]
0.0, -1.602758
0.2683578104138852, -1.636938
0.5367156208277704, -1.676
0.8050734312416555, -1.705297
1.0734312416555407, -1.705297
1.341789052069426, -1.773656
1.610146862483311, -1.802953
1.8785046728971961, -1.83225
2.1468624833110814, -1.842016
2.4152202937249667, -1.910375
2.683578104138852, -1.944555
2.951935914552737, -2.032445
3.220293724966622, -2.02268
3.4886515353805074, -2.056859
3.7570093457943923, -2.125219
4.025367156208278, -2.183813
4.293724966622163, -2.203344
4.562082777036048, -2.012914
4.830440587449933, -2.222875
5.098798397863819, -2.325414
5.367156208277704, -2.213109
5.635514018691588, -2.252172
5.903871829105474, -2.286352
6.172229639519359, -2.257055
6.440587449933244, -2.257055
6.70894526034713, -2.227758
6.977303070761015, -2.26682
7.2456608811749, -2.320531
7.5140186915887845, -2.33518
7.78237650200267, -2.359594
8.050734312416555, -2.384008
8.31909212283044, -2.408422
8.587449933244326, -2.437719
8.855807743658211, -2.496313
9.124165554072096, -2.515844
9.392523364485982, -2.554906
9.660881174899867, -2.574438
9.929238985313752, -2.623266
10.197596795727637, -2.652563
10.465954606141523, -2.706273
10.734312416555408, -2.750219
11.002670226969292, -2.789281
11.271028037383177, -2.828344
11.539385847797062, -2.882055
11.807743658210947, -2.926
12.076101468624833, -3.004125
12.344459279038718, -3.033422
12.612817089452603, -3.072484
12.881174899866489, -3.077367
13.149532710280374, -3.077367
13.41789052069426, -3.092016
13.686248331108144, -3.087133
13.95460614152203, -3.096898
14.222963951935915, -3.101781
14.4913217623498, -3.087133
14.759679572763686, -3.101781
15.028037383177569, -3.11643
15.296395193591454, -3.150609
15.56475300400534, -3.160375
15.833110814419225, -3.179906
16.10146862483311, -3.223852
16.369826435246996, -3.233617
16.63818424566088, -3.27268
16.906542056074766, -3.316625
17.17489986648865, -3.345922
17.443257676902537, -3.380102
17.711615487316422, -3.414281
17.979973297730307, -3.448461
18.248331108144193, -3.477758
18.516688918558078, -3.51682
18.785046728971963, -3.546117
19.05340453938585, -3.594945
19.321762349799734, -3.609594
19.59012016021362, -3.634008
19.858477970627504, -3.668188
20.12683578104139, -3.67307
20.395193591455275, -3.692602
20.66355140186916, -3.726781
20.931909212283045, -3.751195
21.20026702269693, -3.770727
21.468624833110816, -3.809789
21.736982643524698, -3.824438
22.005340453938583, -3.834203
22.27369826435247, -3.843969
22.542056074766354, -3.887914
22.81041388518024, -3.887914
23.078771695594124, -3.936742
23.34712950600801, -3.946508
23.615487316421895, -4.009984
23.88384512683578, -4.005102
24.152202937249665, -4.01975
24.42056074766355, -4.024633
24.688918558077436, -4.083227
24.95727636849132, -4.112523
25.225634178905207, -4.156469
25.493991989319092, -4.180883
25.762349799732977, -4.244359
26.030707610146862, -4.263891
26.299065420560748, -4.293188
26.567423230974633, -4.312719
26.83578104138852, -4.361547
27.104138851802404, -4.395727
27.37249666221629, -4.449438
27.640854472630174, -4.473852
27.90921228304406, -4.468969
28.177570093457945, -4.493383
28.44592790387183, -4.508031
28.714285714285715, -4.547094
28.9826435246996, -4.551977
29.251001335113486, -4.61057
29.51935914552737, -4.61057
29.787716955941256, -4.669164
30.056074766355138, -4.674047
30.324432576769023, -4.688695
30.59279038718291, -4.698461
30.861148197596794, -4.683813
31.12950600801068, -4.761938
31.397863818424565, -4.791234
31.66622162883845, -4.854711
31.934579439252335, -4.844945
32.20293724966622, -4.869359
32.47129506008011, -4.903539
32.73965287049399, -4.932836
33.00801068090788, -4.981664
33.27636849132176, -4.99143
33.54472630173565, -4.99143
33.81308411214953, -5.050023
34.08144192256342, -5.059789
34.3497997329773, -5.084203
34.618157543391185, -5.133031
34.88651535380507, -5.142797
35.154873164218955, -5.181859
35.423230974632844, -5.240453
35.691588785046726, -5.284398
35.959946595460615, -5.367406
36.228304405874496, -5.430883
36.496662216288385, -5.386938
36.76502002670227, -5.430883
37.033377837116156, -5.411352
37.30173564753004, -5.533422
37.570093457943926, -5.54807
37.83845126835781, -5.640844
38.1068090787717, -5.660375
38.37516688918558, -5.679906
38.64352469959947, -5.728734
38.91188251001335, -5.601781
39.18024032042724, -5.650609
39.44859813084112, -5.753148
39.71695594125501, -5.792211
39.98531375166889, -5.826391
40.25367156208278, -5.806859
40.52202937249666, -5.850805
40.79038718291055, -5.909398
41.05874499332443, -5.909398
41.32710280373832, -5.889867
41.5954606141522, -5.967992
41.86381842456609, -5.92893
42.13217623497997, -6.002172
42.40053404539386, -6.01682
42.66889185580774, -6.134008
42.93724966622163, -6.021703
43.205607476635514, -6.099828
43.473965287049396, -6.134008
43.742323097463284, -6.17307
44.010680907877166, -6.104711
44.279038718291055, -6.104711
44.54739652870494, -6.153539
44.815754339118826, -6.17307
45.08411214953271, -6.187719
45.352469959946596, -6.231664
45.62082777036048, -6.280492
45.88918558077437, -6.295141
46.15754339118825, -6.324438
46.42590120160214, -6.339086
46.69425901201602, -6.348852
46.96261682242991, -6.383031
47.23097463284379, -6.392797
47.49933244325768, -6.470922
47.76769025367156, -6.480688
48.03604806408545, -6.51975
48.30440587449933, -6.558813
48.57276368491322, -6.568578
48.8411214953271, -6.617406
49.10947930574099, -6.617406
49.37783711615487, -6.636938
49.64619492656876, -6.676
49.91455273698264, -6.685766
50.18291054739653, -6.729711
50.45126835781041, -6.754125
50.7196261682243, -6.793188
50.987983978638184, -6.822484
51.25634178905207, -6.861547
51.524699599465954, -6.871313
51.793057409879836, -6.890844
52.061415220293725, -6.885961
52.32977303070761, -6.939672
52.598130841121495, -6.998266
52.86648865153538, -6.998266
53.134846461949266, -7.037328
53.40320427236315, -7.076391
53.67156208277704, -7.095922
53.93991989319092, -7.134984
54.20827770360481, -7.134984
54.47663551401869, -7.42307
54.74499332443258, -7.867406
55.01335113484646, -9.742406
55.28170894526035, -7.261938
55.55006675567423, -7.286352
55.81842456608812, -7.325414
56.086782376502, -7.340063
56.35514018691589, -7.398656
56.62349799732977, -7.427953
56.89185580774366, -7.452367
57.16021361815754, -7.467016
57.42857142857143, -7.49143
57.69692923898531, -7.486547
57.9652870493992, -7.525609
58.23364485981308, -7.554906
58.50200267022697, -7.603734
58.77036048064085, -7.633031
59.03871829105474, -7.672094
59.307076101468624, -7.691625
59.57543391188251, -7.740453
59.843791722296395, -7.76975
60.112149532710276, -7.789281
60.380507343124165, -7.818578
60.64886515353805, -7.847875
60.917222963951936, -7.862523
61.18558077436582, -7.886938
61.453938584779706, -7.877172
61.72229639519359, -7.940648
61.99065420560748, -7.955297
62.25901201602136, -8.004125
62.52736982643525, -8.004125
62.79572763684913, -8.043188
63.06408544726302, -8.04807
63.3324432576769, -8.106664
63.60080106809079, -8.111547
63.86915887850467, -8.131078
64.13751668891855, -8.179906
64.40587449933244, -8.160375
64.67423230974633, -8.228734
64.94259012016022, -8.277563
65.2109479305741, -8.292211
65.47930574098798, -8.336156
65.74766355140187, -8.365453
66.01602136181576, -8.389867
66.28437917222963, -8.443578
66.55273698264352, -8.463109
66.82109479305741, -8.521703
67.0894526034713, -8.551
67.35781041388518, -8.570531
67.62616822429906, -8.604711
67.89452603471295, -8.634008
68.16288384512684, -8.668188
68.43124165554072, -8.692602
68.6995994659546, -8.746313
68.9679572763685, -8.780492
69.23631508678237, -9.171117
69.50467289719626, -10.9387
69.77303070761015, -12.92112
70.04138851802404, -11.38791
70.30974632843791, -9.771703
70.5781041388518, -9.01975
70.84646194926569, -9.068578
71.11481975967958, -9.078344
71.38317757009345, -10.19651
71.65153538050734, -11.35862
71.91989319092123, -10.35276
72.18825100133512, -9.615453
72.45660881174899, -9.263891
72.72496662216288, -9.161352
72.99332443257677, -9.161352
73.26168224299066, -9.180883
73.53004005340453, -9.205297
73.79839786381842, -9.200414
74.06675567423231, -9.176
74.3351134846462, -9.224828
74.60347129506007, -9.244359
74.87182910547396, -9.288305
75.14018691588785, -9.29807
75.40854472630174, -9.322484
75.67690253671562, -9.33225
75.9452603471295, -9.381078
76.2136181575434, -9.434789
76.48197596795728, -9.464086
76.75033377837116, -9.478734
77.01869158878505, -9.503148
77.28704939919893, -9.508031
77.55540720961281, -9.571508
77.8237650200267, -9.605688
78.09212283044059, -9.64475
78.36048064085448, -9.683813
78.62883845126835, -9.722875
78.89719626168224, -9.781469
79.16555407209613, -9.805883
79.43391188251002, -9.869359
79.70226969292389, -9.937719
79.97062750333778, -9.95725
80.23898531375167, -9.976781
80.50734312416556, -9.986547
80.77570093457943, -9.986547
81.04405874499332, -10.00608
81.31241655540721, -10.00608
81.5807743658211, -9.99143
81.84913217623497, -9.986547
82.11748998664886, -10.00608
82.38584779706275, -10.01584
82.65420560747664, -10.05491
82.92256341789052, -10.0842
83.1909212283044, -10.12815
83.4592790387183, -10.1428
83.72763684913218, -10.19163
83.99599465954606, -10.24534
84.26435246995995, -10.25998
84.53271028037383, -10.29905
84.80106809078772, -10.34788
85.0694259012016, -10.37717
85.33778371161549, -10.40159
85.60614152202938, -10.426
85.87449933244326, -10.44065
86.14285714285714, -10.49436
86.41121495327103, -10.53342
86.67957276368492, -10.57737
86.94793057409879, -10.5969
87.21628838451268, -10.61155
87.48464619492657, -10.6262
87.75300400534046, -10.68479
88.02136181575433, -10.7385
88.28971962616822, -10.7385
88.55807743658211, -10.78245
88.826435246996, -10.82639
89.09479305740987, -10.88498
89.36315086782376, -10.89475
89.63150867823765, -10.90452
89.89986648865154, -10.95823
90.16822429906541, -10.95823
90.4365821094793, -11.00217
90.70493991989319, -11.01682
90.97329773030708, -11.02659
91.24165554072096, -11.0217
91.51001335113484, -11.051
91.77837116154873, -11.07053
92.04672897196262, -11.14866
92.3150867823765, -11.09983
92.58344459279039, -11.2512
92.85180240320427, -11.20237
93.12016021361816, -11.27561
93.38851802403204, -11.20725
93.65687583444593, -11.27561
93.92523364485982, -11.39768
94.1935914552737, -11.32932
94.46194926568758, -11.3342
94.73030707610147, -11.3342
94.99866488651536, -11.38303
95.26702269692923, -11.4758
95.53538050734312, -11.54416
95.80373831775701, -11.46116
96.0720961281709, -11.4758
96.34045393858477, -11.50998
96.60881174899866, -11.61252
96.87716955941255, -11.62717
97.14552736982644, -11.61252
97.41388518024031, -11.68088
97.6822429906542, -11.66135
97.95060080106809, -11.71995
98.21895861148198, -11.69065
98.48731642189586, -11.80295
98.75567423230974, -11.83225
99.02403204272363, -11.82248
99.29238985313752, -11.91038
99.5607476635514, -11.83713
99.82910547396529, -11.94455
100.09746328437917, -12.04221
100.36582109479306, -12.09104
100.63417890520694, -12.10569
100.90253671562083, -12.10569
101.17089452603471, -12.12034
101.4392523364486, -12.14475
101.70761014686248, -12.14963
101.97596795727637, -12.06663
102.24432576769026, -12.11057
102.51268357810414, -12.21799
102.78104138851802, -12.23264
103.04939919893191, -12.34495
103.3177570093458, -12.20823
103.58611481975967, -12.34983
103.85447263017356, -12.38889
104.12283044058745, -12.40842
104.39118825100134, -12.43772
104.65954606141521, -12.46702
104.9279038718291, -12.51096
105.19626168224299, -12.50608
105.46461949265688, -12.59885
105.73297730307075, -12.55491
106.00133511348464, -12.63303
106.26969292389853, -12.60862
106.53805073431242, -12.60862
106.8064085447263, -12.59885
107.07476635514018, -12.59885
107.34312416555407, -12.57932
107.61148197596796, -12.65256
107.87983978638184, -12.69163
108.14819759679573, -12.65745
108.41655540720961, -12.69651
108.6849132176235, -12.71116
108.95327102803738, -12.7551
109.22162883845127, -12.80881
109.48998664886516, -12.85276
109.75834445927904, -12.92112
110.02670226969292, -12.96018
110.29506008010681, -13.02366
110.5634178905207, -13.04319
110.83177570093459, -13.03342
111.10013351134846, -13.02854
111.36849132176235, -13.01877
111.63684913217624, -13.0383
111.90520694259011, -13.04319
112.173564753004, -13.08713
112.44192256341789, -13.10178
112.71028037383178, -13.09202
112.97863818424565, -13.11155
113.24699599465954, -13.16038
113.51535380507343, -13.19944
113.78371161548732, -13.2092
114.0520694259012, -13.28733
114.32042723631508, -13.33616
114.58878504672897, -13.39475
114.85714285714286, -13.50217
115.12550066755674, -13.50705
115.39385847797062, -13.551
115.66221628838451, -13.551
115.9305740987984, -13.56077
116.19893190921228, -13.57541
116.46728971962617, -13.59006
116.73564753004005, -13.64377
117.00400534045394, -13.65842
117.27236315086782, -13.67795
117.5407209612817, -13.65842
117.8090787716956, -13.6633
118.07743658210948, -13.67307
118.34579439252336, -13.6926
118.61415220293725, -13.71213
118.88251001335114, -13.75608
119.15086782376503, -13.76096
119.4192256341789, -13.76584
119.68758344459279, -13.82932
119.95594125500668, -13.8342
120.22429906542055, -13.8635
120.49265687583444, -13.90745
120.76101468624833, -13.92698
121.02937249666222, -13.95627
121.2977303070761, -13.97092
121.56608811748998, -13.99534
121.83444592790387, -14.00998
122.10280373831776, -14.02952
122.37116154873164, -14.0344
122.63951935914552, -14.08811
122.90787716955941, -14.09788
123.1762349799733, -14.1467
123.44459279038718, -14.18088
123.71295060080107, -14.176
123.98130841121495, -14.24924
124.24966622162884, -14.27366
124.51802403204272, -14.2883
124.7863818424566, -14.30784
125.0547396528705, -14.35666
125.32309746328438, -14.41038
125.59145527369826, -14.44455
125.85981308411215, -14.45432
126.12817089452604, -14.52268
126.39652870493993, -14.49827
126.6648865153538, -14.5178
126.93324432576769, -14.58616
127.20160213618158, -14.54709
127.46995994659547, -14.60569
127.73831775700934, -14.62034
128.00667556742323, -14.6594
128.2750333778371, -14.66916
128.543391188251, -14.73752
128.81174899866488, -14.73264
129.08010680907876, -14.78635
129.34846461949266, -14.80588
129.61682242990653, -14.88401
129.88518024032044, -14.89866
130.1535380507343, -14.89866
130.4218958611482, -14.95237
130.6902536715621, -14.96213
130.95861148197596, -14.97678
131.22696929238984, -15.0012
131.49532710280374, -15.03049
131.76368491321762, -15.02073
132.03204272363152, -15.04026
132.3004005340454, -15.05979
132.56875834445927, -15.0842
132.83711615487317, -15.13791
133.10547396528705, -15.15256
133.37383177570092, -15.18186
133.64218958611482, -15.20139
133.9105473965287, -15.24045
134.1789052069426, -15.25998
134.44726301735648, -15.30393
134.71562082777035, -15.3137
134.98397863818425, -15.33323
135.25233644859813, -15.43088
135.520694259012, -15.40647
135.7890520694259, -15.46506
136.05740987983978, -15.43088
136.32576769025368, -15.48459
136.59412550066756, -15.57248
136.86248331108143, -15.57248
137.13084112149534, -15.61155
137.3991989319092, -15.63108
137.6675567423231, -15.67502
137.935914552737, -15.68967
138.20427236315086, -15.72873
138.47263017356474, -15.7385
138.74098798397864, -15.79709
139.00934579439252, -15.83616
139.27770360480642, -15.86545
139.5460614152203, -15.87034
139.81441922563417, -15.89475
140.08277703604807, -15.89963
140.35113484646195, -15.89475
140.61949265687582, -15.91428
140.88785046728972, -15.96311
141.1562082777036, -16.01194
141.4245660881175, -16.07053
141.69292389853138, -16.07541
141.96128170894525, -16.11936
142.22963951935915, -16.11936
142.49799732977303, -16.15842
142.7663551401869, -16.18772
143.0347129506008, -16.18284
143.30307076101468, -16.2512
143.57142857142858, -16.29514
143.83978638184246, -16.31467
144.10814419225633, -16.36838
144.37650200267024, -16.40256
144.6448598130841, -16.41721
144.91321762349799, -16.4758
145.1815754339119, -16.44651
145.44993324432576, -16.47092
145.71829105473967, -16.46116
145.98664886515354, -16.51975
146.25500667556742, -16.51975
146.52336448598132, -16.54905
146.7917222963952, -16.56858
147.06008010680907, -16.58323
147.32843791722297, -16.60276
147.59679572763685, -16.61741
147.86515353805072, -16.65647
148.13351134846462, -16.7053
148.4018691588785, -16.72483
148.6702269692924, -16.75413
148.93858477970628, -16.80295
149.20694259012015, -16.85178
149.47530040053405, -16.90061
149.74365821094793, -16.92014
150.0120160213618, -16.9885
150.2803738317757, -17.00803
150.54873164218958, -17.06174
150.81708945260348, -17.07151
151.08544726301736, -17.08127
151.35380507343123, -17.1008
151.62216288384514, -17.12522
151.890520694259, -17.13987
152.15887850467288, -17.18381
152.4272363150868, -17.18381
152.69559412550066, -17.18381
152.96395193591457, -17.20823
153.23230974632844, -17.23264
153.50066755674231, -17.25217
153.76902536715622, -17.28147
154.0373831775701, -17.38889
154.30574098798397, -17.37913
154.57409879839787, -17.38401
154.84245660881174, -17.37913
155.11081441922562, -17.44748
155.37917222963952, -17.50608
155.6475300400534, -17.54514
155.9158878504673, -17.57932
156.18424566088117, -17.62327
156.45260347129505, -17.65256
156.72096128170895, -17.67209
156.98931909212283, -17.71116
157.2576769025367, -17.74045
157.5260347129506, -17.77952
157.79439252336448, -17.79416
158.06275033377838, -17.80881
158.33110814419226, -17.82346
158.59946595460613, -17.86741
158.86782376502003, -17.93088
159.1361815754339, -17.99436
159.40453938584778, -18.39963
159.6728971962617, -18.08713
159.94125500667556, -18.65354
160.20961281708946, -18.41916
160.47797062750334, -18.17991
160.7463284379172, -17.98459
161.01468624833112, -18.00901
161.283044058745, -18.00413
161.55140186915887, -18.0383
161.81975967957277, -18.10178
162.08811748998664, -18.14084
162.35647530040055, -18.14573
162.62483311081442, -18.22873
162.8931909212283, -18.17014
163.1615487316422, -18.19455
163.42990654205607, -18.25803
163.69826435246995, -18.51194
163.96662216288385, -18.31174
164.23497997329773, -18.33127
164.5033377837116, -18.35569
164.7716955941255, -18.4094
165.04005340453938, -18.44358
165.30841121495328, -18.46311
165.57676902536716, -18.49241
165.84512683578103, -18.50217
166.11348464619493, -18.55588
166.3818424566088, -18.59006
166.65020026702268, -18.59983
166.9185580774366, -18.59983
167.18691588785046, -18.62424
167.45527369826436, -18.6633
167.72363150867824, -18.6926
167.9919893190921, -18.70725
168.26034712950602, -18.72678
168.5287049399199, -18.75608
168.79706275033377, -18.79514
169.06542056074767, -18.80979
169.33377837116154, -18.81955
169.60213618157545, -18.82932
169.87049399198932, -18.90745
170.1388518024032, -18.99045
170.4072096128171, -19.00022
170.67556742323097, -19.00022
170.94392523364485, -19.0344
171.21228304405875, -19.08323
171.48064085447263, -19.11252
171.74899866488653, -19.176
172.0173564753004, -19.11252
172.28571428571428, -19.1467
172.55407209612818, -19.25901
172.82242990654206, -19.32248
173.09078771695593, -19.36643
173.35914552736983, -19.39084
173.6275033377837, -19.39084
173.89586114819758, -19.39573
174.16421895861149, -19.41038
174.43257676902536, -19.38108
174.70093457943926, -19.42014
174.96929238985314, -19.42991
175.237650200267, -19.46897
175.50600801068092, -19.49827
175.7743658210948, -19.49827
176.04272363150866, -19.56663
176.31108144192257, -19.52756
176.57943925233644, -19.56663
176.84779706275035, -19.59592
177.11615487316422, -19.59592
177.3845126835781, -19.62034
177.652870493992, -19.66916
177.92122830440587, -19.66916
178.18958611481975, -19.76194
178.45794392523365, -19.76194
178.72630173564752, -19.78147
178.99465954606143, -19.79123
179.2630173564753, -19.88401
179.53137516688918, -19.89866
179.79973297730308, -19.9133
180.06809078771695, -19.97678
180.33644859813083, -19.99631
180.60480640854473, -20.04514
180.8731642189586, -20.06467
181.14152202937248, -20.05002
181.40987983978638, -20.05979
181.67823765020026, -20.10373
181.94659546061416, -20.13303
182.21495327102804, -20.21116
182.4833110814419, -20.23557
182.75166889185581, -20.30881
183.0200267022697, -20.33811
183.28838451268356, -20.34788
183.55674232309747, -20.39182
183.82510013351134, -20.3967
184.09345794392524, -20.47971
184.36181575433912, -20.4553
184.630173564753, -20.43577
184.8985313751669, -20.45041
185.16688918558077, -20.49924
185.43524699599465, -20.5383
185.70360480640855, -20.52854
185.97196261682242, -20.54807
186.24032042723633, -20.55295
186.5086782376502, -20.62131
186.77703604806408, -20.63108
187.04539385847798, -20.66038
187.31375166889185, -20.70432
187.58210947930573, -20.7678
187.85046728971963, -20.80198
188.1188251001335, -20.81663
188.3871829105474, -20.85569
188.65554072096128, -20.8801
188.92389853137516, -20.94358
189.19225634178906, -20.98264
189.46061415220294, -21.00217
189.7289719626168, -21.051
189.9973297730307, -21.10959
190.2656875834446, -21.14377
190.53404539385846, -21.21213
190.80240320427237, -21.20725
191.07076101468624, -21.10959
191.33911882510014, -21.17795
191.60747663551402, -21.23655
191.8758344459279, -21.27561
192.1441922563418, -21.35862
192.41255006675567, -21.34885
192.68090787716955, -21.3928
192.94926568758345, -21.35862
193.21762349799732, -21.35862
193.48598130841123, -21.47092
193.7543391188251, -21.46604
194.02269692923898, -21.52952
194.29105473965288, -21.55393
194.55941255006675, -21.55393
194.82777036048063, -21.60764
195.09612817089453, -21.61741
195.3644859813084, -21.65647
195.6328437917223, -21.72483
195.90120160213618, -21.77366
196.16955941255006, -21.85178
196.43791722296396, -21.85178
196.70627503337784, -21.85178
196.9746328437917, -21.88108
197.2429906542056, -21.93967
197.5113484646195, -21.95432
197.77970627503336, -21.93967
198.04806408544727, -21.91038
198.31642189586114, -21.90549
198.58477970627504, -21.95432
198.85313751668892, -22.1008
199.1214953271028, -22.11057
199.3898531375167, -22.13498
199.65821094793057, -22.11545
199.92656875834444, -22.14475
200.19492656875835, -22.1887
200.46328437917222, -22.24241
200.73164218958613, -22.24729
201.0, -22.32053
