% Measurement ID: 1296
% Mode ID: 1
% Date and time: 2019-04-06 08:26:00
% Sample ID: SP12-32
% Measurement type: ringdown
% Frequency [Hz]: 1497471.67
% Quality factor: 6937541.262277728
% Temperature [K]: 293.0
% Pressure [mBar]: 1.06e-06
% Notes: 
% 
%
% measurement data
% time [s], power [dBm]
0.006, -89.852294921875
0.012, -89.8059921264648
0.018, -89.7574844360352
0.024, -89.7075119018555
0.03, -89.6575317382813
0.036, -89.6075592041016
0.042, -89.5590515136719
0.048, -89.5134887695313
0.054, -89.4708633422852
0.06, -89.4326477050781
0.066, -89.3988342285156
0.072, -89.3701782226563
0.078, -89.3473892211914
0.084, -89.3304901123047
0.09, -89.318733215332
0.096, -89.3121185302734
0.102, -89.3106460571289
0.108, -89.3106460571289
0.114, -89.3128509521484
0.12, -89.3179931640625
0.126, -89.3260803222656
0.132, -89.3348999023438
0.138, -89.3451843261719
0.144, -89.3554763793945
0.15, -89.3665008544922
0.156, -89.3775253295898
0.162, -89.387809753418
0.168, -89.3995742797852
0.174, -89.4120635986328
0.18, -89.4260330200195
0.186, -89.4421997070313
0.192, -89.4613037109375
0.198, -89.4826202392578
0.204, -89.5083465576172
0.21, -89.5362701416016
0.216, -89.56787109375
0.222, -89.6031494140625
0.228, -89.6399002075195
0.234, -89.6795806884766
0.24, -89.7207412719727
0.246, -89.7618942260742
0.252, -89.8030548095703
0.258, -89.8427429199219
0.264, -89.8802185058594
0.27, -89.9154968261719
0.276, -89.9478378295898
0.282, -89.9786987304688
0.288, -90.0066299438477
0.294, -90.033088684082
0.3, -90.0602798461914
0.306, -90.0867385864258
0.312, -90.1161346435547
0.318, -90.1484756469727
0.324, -90.1844863891602
0.33, -90.2278442382813
0.336, -90.2770843505859
0.342, -90.3344116210938
0.348, -90.4005584716797
0.354, -90.4740524291992
0.36, -90.5556259155273
0.366, -90.6452865600586
0.372, -90.7400970458984
0.378, -90.8378448486328
0.384, -90.9370574951172
0.39, -91.0340728759766
0.396, -91.1259384155273
0.402, -91.208984375
0.408, -91.279541015625
0.414, -91.3346633911133
0.42, -91.3714065551758
0.426, -91.3824310302734
0.432, -91.3552398681641
0.438, -91.3067321777344
0.444, -91.2383804321289
0.45, -91.1501922607422
0.456, -91.0458297729492
0.462, -90.9275054931641
0.468, -90.7974243164063
0.474, -90.6592559814453
0.48, -90.5137329101563
0.486, -90.3660125732422
0.492, -90.2175598144531
0.498, -90.0705718994141
0.504, -89.9287261962891
0.51, -89.7927627563477
0.516, -89.6670913696289
0.522, -89.5502319335938
0.528, -89.4466094970703
0.534, -89.3569488525391
0.54, -89.28271484375
0.546, -89.2253952026367
0.552, -89.1857070922852
0.558, -89.1636581420898
0.564, -89.1592483520508
0.57, -89.1599807739258
0.576, -89.1746826171875
0.582, -89.2070159912109
0.588, -89.2584609985352
0.594, -89.3253402709961
0.6, -89.4061889648438
0.606, -89.5017318725586
0.612, -89.6075592041016
0.618, -89.7229461669922
0.624, -89.8434753417969
0.63, -89.9676818847656
0.636, -90.0926208496094
0.642, -90.2138824462891
0.648, -90.3314743041992
0.654, -90.4409790039063
0.66, -90.5401916503906
0.666, -90.6283874511719
0.672, -90.7048187255859
0.678, -90.7694931030273
0.684, -90.8209381103516
0.69, -90.8613586425781
0.696, -90.8907623291016
0.702, -90.9120712280273
0.708, -90.9245681762695
0.714, -90.9311828613281
0.72, -90.9297103881836
0.726, -90.9245681762695
0.732, -90.9179534912109
0.738, -90.9113388061523
0.744, -90.9039840698242
0.75, -90.8973693847656
0.756, -90.889289855957
0.762, -90.8804702758789
0.768, -90.8694458007813
0.774, -90.8569488525391
0.78, -90.8415145874023
0.786, -90.8231430053711
0.792, -90.8003616333008
0.798, -90.7746353149414
0.804, -90.7452392578125
0.81, -90.7129058837891
0.816, -90.6783599853516
0.822, -90.6430816650391
0.828, -90.6070709228516
0.834, -90.5725326538086
0.84, -90.5416641235352
0.846, -90.5144729614258
0.852, -90.4924240112305
0.858, -90.4769897460938
0.864, -90.4681701660156
0.87, -90.4674377441406
0.876, -90.4681701660156
0.882, -90.4769897460938
0.888, -90.493896484375
0.894, -90.5188827514648
0.9, -90.5526885986328
0.906, -90.5931091308594
0.912, -90.6408767700195
0.918, -90.6937942504883
0.924, -90.7511215209961
0.93, -90.812858581543
0.936, -90.8760604858398
0.942, -90.9400024414063
0.948, -91.0046768188477
0.954, -91.0678787231445
0.96, -91.1296157836914
0.966, -91.1906127929688
0.972, -91.2494049072266
0.978, -91.3067321777344
0.984, -91.3640594482422
0.99, -91.4213790893555
0.996, -91.4831161499023
1.002, -91.5492630004883
1.008, -91.6308364868164
1.014, -91.7337341308594
1.02, -91.8601379394531
1.026, -92.0174179077148
1.032, -92.1960067749023
1.038, -91.9784622192383
1.044, -91.4434280395508
1.05, -90.4755172729492
1.056, -89.0791397094727
1.062, -87.4123077392578
1.068, -85.5220489501953
1.074, -83.468635559082
1.08, -81.3498153686523
1.086, -79.1942443847656
1.092, -77.0217742919922
1.098, -74.868408203125
1.104, -72.7517929077148
1.11, -70.696174621582
1.116, -68.7044982910156
1.122, -66.7892532348633
1.128, -64.9555816650391
1.134, -63.204231262207
1.14, -61.5410690307617
1.146, -59.9660987854004
1.152, -58.478588104248
1.158, -57.0792694091797
1.164, -55.779167175293
1.17, -54.5503540039063
1.176, -53.407527923584
1.182, -52.3440742492676
1.188, -51.3607292175293
1.194, -50.4538154602051
1.2, -49.6218681335449
1.206, -48.861946105957
1.212, -48.1688995361328
1.218, -47.5427322387695
1.224, -46.9790382385254
1.23, -46.4726676940918
1.236, -46.0236206054688
1.242, -45.6238136291504
1.248, -45.2769241333008
1.254, -44.9697189331055
1.26, -44.7036743164063
1.266, -44.4751091003418
1.272, -44.2781448364258
1.278, -44.1127853393555
1.284, -43.972412109375
1.29, -43.8548202514648
1.296, -43.7578086853027
1.302, -43.6754989624023
1.308, -43.6086196899414
1.314, -43.5527648925781
1.32, -43.506462097168
1.326, -43.4689788818359
1.332, -43.4366416931152
1.338, -43.4094505310059
1.344, -43.385196685791
1.35, -43.3646202087402
1.356, -43.3462448120117
1.362, -43.330078125
1.368, -43.3168487548828
1.374, -43.3050880432129
1.38, -43.2947998046875
1.386, -43.2874526977539
1.392, -43.2815704345703
1.398, -43.2786331176758
1.404, -43.2778968811035
1.41, -43.2786331176758
1.416, -43.2808380126953
1.422, -43.2859802246094
1.428, -43.292594909668
1.434, -43.3021507263184
1.44, -43.313175201416
1.446, -43.3249320983887
1.452, -43.3374252319336
1.458, -43.3499221801758
1.464, -43.3609428405762
1.47, -43.3697624206543
1.476, -43.3763771057129
1.482, -43.380054473877
1.488, -43.3778495788574
1.494, -43.3712348937988
1.5, -43.3609428405762
1.506, -43.346981048584
1.512, -43.330810546875
1.518, -43.3117027282715
1.524, -43.2911262512207
1.53, -43.2690773010254
1.536, -43.2470283508301
1.542, -43.225715637207
1.548, -43.2058715820313
1.554, -43.1882362365723
1.56, -43.1728019714355
1.566, -43.1603088378906
1.572, -43.1514892578125
1.578, -43.1456069946289
1.584, -43.1434020996094
1.59, -43.1426696777344
1.596, -43.1441383361816
1.602, -43.1478118896484
1.608, -43.153694152832
1.614, -43.1617774963379
1.62, -43.1698608398438
1.626, -43.1786804199219
1.632, -43.1860313415527
1.638, -43.1926460266113
1.644, -43.1963195800781
1.65, -43.1933784484863
1.656, -43.1852951049805
1.662, -43.1735343933105
1.668, -43.1573677062988
1.674, -43.137523651123
1.68, -43.1147422790527
1.686, -43.0897521972656
1.692, -43.0625610351563
1.698, -43.0353660583496
1.704, -43.0081748962402
1.71, -42.9824523925781
1.716, -42.9596710205078
1.722, -42.9390907287598
1.728, -42.9221878051758
1.734, -42.9096946716309
1.74, -42.9016075134277
1.746, -42.8979339599609
1.752, -42.8972015380859
1.758, -42.8986701965332
1.764, -42.90234375
1.77, -42.9096946716309
1.776, -42.9199829101563
1.782, -42.9324760437012
1.788, -42.9471740722656
1.794, -42.9618759155273
1.8, -42.9765739440918
1.806, -42.9912719726563
1.812, -43.0052337646484
1.818, -43.0177307128906
1.824, -43.0294876098633
1.83, -43.0390434265137
1.836, -43.0471267700195
1.842, -43.0537414550781
1.848, -43.0588874816895
1.854, -43.0625610351563
1.86, -43.0640296936035
1.866, -43.0625610351563
1.872, -43.0596199035645
1.878, -43.0544776916504
1.884, -43.0471267700195
1.89, -43.0375709533691
1.896, -43.0250778198242
1.902, -43.011116027832
1.908, -42.994213104248
1.914, -42.9751014709473
1.92, -42.9530563354492
1.926, -42.9288024902344
1.932, -42.9030799865723
1.938, -42.8751525878906
1.944, -42.8457527160645
1.95, -42.8156204223633
1.956, -42.7847557067871
1.962, -42.7538871765137
1.968, -42.7230186462402
1.974, -42.6928863525391
1.98, -42.6627540588379
1.986, -42.6340942382813
1.992, -42.6054306030273
1.998, -42.5775032043457
2.004, -42.5510444641113
2.01, -42.5260581970215
2.016, -42.5018043518066
2.022, -42.4790191650391
2.028, -42.4584426879883
2.034, -42.4385986328125
2.04, -42.4209594726563
2.046, -42.4047927856445
2.052, -42.3900947570801
2.058, -42.3768653869629
2.064, -42.3658409118652
2.07, -42.3555526733398
2.076, -42.3467330932617
2.082, -42.3386497497559
2.088, -42.3305625915527
2.094, -42.3232154846191
2.1, -42.315128326416
2.106, -42.3070449829102
2.112, -42.2967567443848
2.118, -42.2857322692871
2.124, -42.2739753723145
2.13, -42.260009765625
2.136, -42.2460441589355
2.142, -42.2306137084961
2.148, -42.2151794433594
2.154, -42.1990089416504
2.16, -42.1835746765137
2.166, -42.1696128845215
2.172, -42.1571197509766
2.178, -42.1460952758789
2.184, -42.1372756958008
2.19, -42.1306610107422
2.196, -42.1269874572754
2.202, -42.1247825622559
2.208, -42.1247825622559
2.214, -42.1247825622559
2.22, -42.1269874572754
2.226, -42.1299247741699
2.232, -42.133602142334
2.238, -42.1372756958008
2.244, -42.1416854858398
2.25, -42.1453590393066
2.256, -42.1490325927734
2.262, -42.151237487793
2.268, -42.1534423828125
2.274, -42.154914855957
2.28, -42.155647277832
2.286, -42.155647277832
2.292, -42.155647277832
2.298, -42.155647277832
2.304, -42.154914855957
2.31, -42.1541786193848
2.316, -42.1527099609375
2.322, -42.1497688293457
2.328, -42.1468276977539
2.334, -42.1431541442871
2.34, -42.138011932373
2.346, -42.1321296691895
2.352, -42.1247825622559
2.358, -42.1152267456055
2.364, -42.1056747436523
2.37, -42.0953826904297
2.376, -42.084358215332
2.382, -42.0726013183594
2.388, -42.0608406066895
2.394, -42.0483474731445
2.4, -42.0365905761719
2.406, -42.024829864502
2.412, -42.012336730957
2.418, -42.0005760192871
2.424, -41.9888191223145
2.43, -41.9763259887695
2.436, -41.9630966186523
2.442, -41.9498672485352
2.448, -41.9351692199707
2.454, -41.919734954834
2.46, -41.90283203125
2.466, -41.8844566345215
2.472, -41.8638801574707
2.478, -41.8425674438477
2.484, -41.8197822570801
2.49, -41.7955284118652
2.496, -41.7712783813477
2.502, -41.7462882995605
2.508, -41.7213020324707
2.514, -41.6977844238281
2.52, -41.6749992370605
2.526, -41.6536865234375
2.532, -41.6338424682617
2.538, -41.6162071228027
2.544, -41.601505279541
2.55, -41.5904808044434
2.556, -41.5816650390625
2.562, -41.5772552490234
2.568, -41.5757827758789
2.574, -41.5757827758789
2.58, -41.5772552490234
2.586, -41.5823974609375
2.592, -41.5897483825684
2.598, -41.5985679626465
2.604, -41.6088562011719
2.61, -41.6206130981445
2.616, -41.6331100463867
2.622, -41.6448669433594
2.628, -41.655891418457
2.634, -41.6647109985352
2.64, -41.672061920166
2.646, -41.6772041320801
2.652, -41.6779403686523
2.658, -41.6735305786133
2.664, -41.6669158935547
2.67, -41.6580963134766
2.676, -41.6463394165039
2.682, -41.6323738098145
2.688, -41.6169395446777
2.694, -41.6000366210938
2.7, -41.5823974609375
2.706, -41.5640258789063
2.712, -41.5456504821777
2.718, -41.5272789001465
2.724, -41.5103759765625
2.73, -41.4942054748535
2.736, -41.4802436828613
2.742, -41.4670143127441
2.748, -41.4567222595215
2.754, -41.4479064941406
2.76, -41.441291809082
2.766, -41.436882019043
2.772, -41.4346771240234
2.778, -41.4346771240234
2.784, -41.4346771240234
2.79, -41.4361457824707
2.796, -41.4398193359375
2.802, -41.4449653625488
2.808, -41.4508438110352
2.814, -41.4567222595215
2.82, -41.4626045227051
2.826, -41.4677467346191
2.832, -41.4721565246582
2.838, -41.4765663146973
2.844, -41.4802436828613
2.85, -41.4824485778809
2.856, -41.4824485778809
2.862, -41.4809761047363
2.868, -41.4787712097168
2.874, -41.47509765625
2.88, -41.4714241027832
2.886, -41.4670143127441
2.892, -41.4618682861328
2.898, -41.4567222595215
2.904, -41.4508438110352
2.91, -41.4457015991211
2.916, -41.4398193359375
2.922, -41.4339408874512
2.928, -41.4280624389648
2.934, -41.4221801757813
2.94, -41.4155693054199
2.946, -41.4089546203613
2.952, -41.4030723571777
2.958, -41.3964576721191
2.964, -41.3905792236328
2.97, -41.3854370117188
2.976, -41.3802909851074
2.982, -41.3758811950684
2.988, -41.3729400634766
2.994, -41.370735168457
3.0, -41.370735168457
3.006, -41.370735168457
3.012, -41.3729400634766
3.018, -41.3766174316406
3.024, -41.3832321166992
3.03, -41.3927841186523
3.036, -41.40380859375
3.042, -41.4185066223145
3.048, -41.4346771240234
3.054, -41.4530487060547
3.06, -41.4728927612305
3.066, -41.4934692382813
3.072, -41.5155181884766
3.078, -41.5360984802246
3.084, -41.5574111938477
3.09, -41.5765190124512
3.096, -41.5948905944824
3.102, -41.6103248596191
3.108, -41.6235542297363
3.114, -41.634578704834
3.12, -41.6419296264648
3.126, -41.6463394165039
3.132, -41.6456031799316
3.138, -41.6404571533203
3.144, -41.6331100463867
3.15, -41.6235542297363
3.156, -41.6125297546387
3.162, -41.600772857666
3.168, -41.5882759094238
3.174, -41.5765190124512
3.18, -41.5647583007813
3.186, -41.5537338256836
3.192, -41.5449180603027
3.198, -41.5368309020996
3.204, -41.5309524536133
3.21, -41.5272789001465
3.216, -41.525806427002
3.222, -41.525806427002
3.228, -41.525806427002
3.234, -41.5287475585938
3.24, -41.5331573486328
3.246, -41.5383033752441
3.252, -41.5449180603027
3.258, -41.5522651672363
3.264, -41.5596160888672
3.27, -41.567699432373
3.276, -41.5765190124512
3.282, -41.583869934082
3.288, -41.5904808044434
3.294, -41.5956268310547
3.3, -41.6000366210938
3.306, -41.6022415161133
3.312, -41.601505279541
3.318, -41.5985679626465
3.324, -41.5934219360352
3.33, -41.5868072509766
3.336, -41.5779876708984
3.342, -41.5669631958008
3.348, -41.5544700622559
3.354, -41.5412406921387
3.36, -41.525806427002
3.366, -41.5096397399902
3.372, -41.492000579834
3.378, -41.4743614196777
3.384, -41.4567222595215
3.39, -41.4383506774902
3.396, -41.4214477539063
3.402, -41.4045448303223
3.408, -41.3891105651855
3.414, -41.3751449584961
3.42, -41.3633880615234
3.426, -41.353099822998
3.432, -41.3457489013672
3.438, -41.3413391113281
3.444, -41.3391342163086
3.45, -41.3383979797363
3.456, -41.3391342163086
3.462, -41.3420753479004
3.468, -41.3472175598145
3.474, -41.3553047180176
3.48, -41.366325378418
3.486, -41.3795547485352
3.492, -41.3942527770996
3.498, -41.4096870422363
3.504, -41.4273262023926
3.51, -41.4457015991211
3.516, -41.4648094177246
3.522, -41.4846534729004
3.528, -41.5037612915039
3.534, -41.5236015319824
3.54, -41.5427131652832
3.546, -41.5610847473145
3.552, -41.5787239074707
3.558, -41.5948905944824
3.564, -41.6103248596191
3.57, -41.6235542297363
3.576, -41.6353149414063
3.582, -41.6448669433594
3.588, -41.6529502868652
3.594, -41.6580963134766
3.6, -41.6617698669434
3.606, -41.6617698669434
3.612, -41.6588325500488
3.618, -41.6551551818848
3.624, -41.6500129699707
3.63, -41.6448669433594
3.636, -41.6397247314453
3.642, -41.6353149414063
3.648, -41.6316375732422
3.654, -41.6287002563477
3.66, -41.6279640197754
3.666, -41.6279640197754
3.672, -41.6287002563477
3.678, -41.6309051513672
3.684, -41.6353149414063
3.69, -41.6411933898926
3.696, -41.6485443115234
3.702, -41.6566276550293
3.708, -41.6654472351074
3.714, -41.6749992370605
3.72, -41.6852874755859
3.726, -41.6948432922363
3.732, -41.7036628723145
3.738, -41.7117462158203
3.744, -41.7183609008789
3.75, -41.7235069274902
3.756, -41.727180480957
3.762, -41.7301216125488
3.768, -41.7315902709961
3.774, -41.7330589294434
3.78, -41.7337951660156
3.786, -41.7352638244629
3.792, -41.7360000610352
3.798, -41.7374687194824
3.804, -41.7404098510742
3.81, -41.743350982666
3.816, -41.7484931945801
3.822, -41.7543716430664
3.828, -41.7624588012695
3.834, -41.7720108032227
3.84, -41.7830352783203
3.846, -41.7947959899902
3.852, -41.8080253601074
3.858, -41.8219871520996
3.864, -41.8366851806641
3.87, -41.8521194458008
3.876, -41.8675537109375
3.882, -41.8837203979492
3.888, -41.8991546630859
3.894, -41.9138565063477
3.9, -41.9278182983398
3.906, -41.9403114318848
3.912, -41.9513359069824
3.918, -41.9601554870605
3.924, -41.9660339355469
3.93, -41.9682388305664
3.936, -41.9638290405273
3.942, -41.9557456970215
3.948, -41.9432525634766
3.954, -41.9270820617676
3.96, -41.9072418212891
3.966, -41.8837203979492
3.972, -41.8579978942871
3.978, -41.8308067321777
3.984, -41.8021430969238
3.99, -41.7734832763672
3.996, -41.7455558776855
4.002, -41.7183609008789
4.008, -41.6941070556641
4.014, -41.672061920166
4.02, -41.6529502868652
4.026, -41.6382522583008
4.032, -41.6264953613281
4.038, -41.6198806762695
4.044, -41.6162071228027
4.05, -41.6162071228027
4.056, -41.6162071228027
4.062, -41.6198806762695
4.068, -41.6257591247559
4.074, -41.6338424682617
4.08, -41.6441345214844
4.086, -41.655891418457
4.092, -41.668384552002
4.098, -41.6816139221191
4.104, -41.6948432922363
4.11, -41.7080726623535
4.116, -41.7220344543457
4.122, -41.7352638244629
4.128, -41.7484931945801
4.134, -41.7617225646973
4.14, -41.7749519348145
4.146, -41.7889137268066
4.152, -41.8028793334961
4.158, -41.8175773620605
4.164, -41.832275390625
4.17, -41.8469772338867
4.176, -41.8609390258789
4.182, -41.8756370544434
4.188, -41.8888664245605
4.194, -41.9020957946777
4.2, -41.9153251647949
4.206, -41.9270820617676
4.212, -41.9381065368652
4.218, -41.9483947753906
4.224, -41.957950592041
4.23, -41.9660339355469
4.236, -41.9733848571777
4.242, -41.9807319641113
4.248, -41.9866142272949
4.254, -41.9924926757813
4.26, -41.9976387023926
4.266, -42.0020484924316
4.272, -42.0057220458984
4.278, -42.0086631774902
4.284, -42.0101318359375
4.29, -42.0093955993652
4.296, -42.0064582824707
4.302, -42.0020484924316
4.308, -41.995433807373
4.314, -41.9888191223145
4.32, -41.9807319641113
4.326, -41.9711799621582
4.332, -41.9623603820801
4.338, -41.9520721435547
4.344, -41.9425163269043
4.35, -41.9329643249512
4.356, -41.924144744873
4.362, -41.9153251647949
4.368, -41.9079742431641
4.374, -41.9006271362305
4.38, -41.8932762145996
4.386, -41.8859252929688
4.392, -41.8778419494629
4.398, -41.8682899475098
4.404, -41.8579978942871
4.41, -41.8469772338867
4.416, -41.8337478637695
4.422, -41.8197822570801
4.428, -41.8043479919434
4.434, -41.7874450683594
4.44, -41.7698059082031
4.446, -41.7514343261719
4.452, -41.7337951660156
4.458, -41.7154235839844
4.464, -41.6992530822754
4.47, -41.6852874755859
4.476, -41.672794342041
4.482, -41.6625061035156
4.488, -41.6551551818848
4.494, -41.650749206543
4.5, -41.6492767333984
4.506, -41.6492767333984
4.512, -41.650749206543
4.518, -41.6551551818848
4.524, -41.6617698669434
4.53, -41.6705894470215
4.536, -41.6808815002441
4.542, -41.6926383972168
4.548, -41.705867767334
4.554, -41.7190971374512
4.56, -41.7323265075684
4.566, -41.7448196411133
4.572, -41.7565765380859
4.578, -41.7676010131836
4.584, -41.7778930664063
4.59, -41.7859764099121
4.596, -41.7933235168457
4.602, -41.7992057800293
4.608, -41.8043479919434
4.614, -41.8080253601074
4.62, -41.810962677002
4.626, -41.8131675720215
4.632, -41.815372467041
4.638, -41.8175773620605
4.644, -41.8190460205078
4.65, -41.8205184936523
4.656, -41.8227233886719
4.662, -41.8241920471191
4.668, -41.8263969421387
4.674, -41.8293380737305
4.68, -41.83154296875
4.686, -41.8337478637695
4.692, -41.8359527587891
4.698, -41.8381576538086
4.704, -41.8388900756836
4.71, -41.8381576538086
4.716, -41.8359527587891
4.722, -41.83154296875
4.728, -41.8263969421387
4.734, -41.8197822570801
4.74, -41.8124351501465
4.746, -41.8036155700684
4.752, -41.794059753418
4.758, -41.7845039367676
4.764, -41.7749519348145
4.77, -41.7661323547363
4.776, -41.7573127746582
4.782, -41.7506980895996
4.788, -41.7448196411133
4.794, -41.7418785095215
4.8, -41.7404098510742
4.806, -41.7404098510742
4.812, -41.7411460876465
4.818, -41.743350982666
4.824, -41.7477607727051
4.83, -41.7536392211914
4.836, -41.760986328125
4.842, -41.7698059082031
4.848, -41.7800979614258
4.854, -41.7903861999512
4.86, -41.8021430969238
4.866, -41.8131675720215
4.872, -41.8249282836914
4.878, -41.8374214172363
4.884, -41.8499145507813
4.89, -41.8624076843262
4.896, -41.8756370544434
4.902, -41.8896026611328
4.908, -41.903564453125
4.914, -41.9167938232422
4.92, -41.9307594299316
4.926, -41.9447212219238
4.932, -41.957950592041
4.938, -41.9711799621582
4.944, -41.9836730957031
4.95, -41.996166229248
4.956, -42.007926940918
4.962, -42.0189514160156
4.968, -42.0299758911133
4.974, -42.0387954711914
4.98, -42.0468788146973
4.986, -42.0534934997559
4.992, -42.0601081848145
4.998, -42.0645179748535
5.004, -42.0681915283203
5.01, -42.0696601867676
5.016, -42.0696601867676
5.022, -42.066722869873
5.028, -42.063045501709
5.034, -42.0571670532227
5.04, -42.0498161315918
5.046, -42.0410003662109
5.052, -42.0307083129883
5.058, -42.0189514160156
5.064, -42.0049858093262
5.07, -41.9902877807617
5.076, -41.97412109375
5.082, -41.9572143554688
5.088, -41.9395790100098
5.094, -41.9219398498535
5.1, -41.9050369262695
5.106, -41.8881301879883
5.112, -41.8741683959961
5.118, -41.8609390258789
5.124, -41.8506507873535
5.13, -41.8432998657227
5.136, -41.8381576538086
5.142, -41.8374214172363
5.148, -41.8374214172363
5.154, -41.8403625488281
5.16, -41.8477096557617
5.166, -41.8572654724121
5.172, -41.8704948425293
5.178, -41.8851928710938
5.184, -41.90283203125
5.19, -41.9219398498535
5.196, -41.9403114318848
5.202, -41.9586868286133
5.208, -41.9755897521973
5.214, -41.9902877807617
5.22, -42.0035171508789
5.226, -42.013069152832
5.232, -42.0204200744629
5.238, -42.024829864502
5.244, -42.024829864502
5.25, -42.0211563110352
5.256, -42.0160102844238
5.262, -42.0093955993652
5.268, -42.0013122558594
5.274, -41.9932289123535
5.28, -41.9851417541504
5.286, -41.9763259887695
5.292, -41.9675064086914
5.298, -41.9594192504883
5.304, -41.9520721435547
5.31, -41.9439888000488
5.316, -41.9373741149902
5.322, -41.9307594299316
5.328, -41.9256134033203
5.334, -41.920467376709
5.34, -41.9153251647949
5.346, -41.9109153747559
5.352, -41.9079742431641
5.358, -41.9043006896973
5.364, -41.9020957946777
5.37, -41.8998908996582
5.376, -41.8976860046387
5.382, -41.8962173461914
5.388, -41.8940124511719
5.394, -41.8932762145996
5.4, -41.8925399780273
5.406, -41.8925399780273
5.412, -41.8925399780273
5.418, -41.8940124511719
5.424, -41.8954811096191
5.43, -41.8991546630859
5.436, -41.903564453125
5.442, -41.9101791381836
5.448, -41.9175300598145
5.454, -41.9270820617676
5.46, -41.9381065368652
5.466, -41.9505996704102
5.472, -41.9638290405273
5.478, -41.9777946472168
5.484, -41.9924926757813
5.49, -42.0064582824707
5.496, -42.0204200744629
5.502, -42.0329132080078
5.508, -42.0446739196777
5.514, -42.0549621582031
5.52, -42.063045501709
5.526, -42.0703964233398
5.532, -42.0762748718262
5.538, -42.0806846618652
5.544, -42.084358215332
5.55, -42.0865631103516
5.556, -42.0887680053711
5.562, -42.0902404785156
5.568, -42.0924453735352
5.574, -42.0946502685547
5.58, -42.096118927002
5.586, -42.0983238220215
5.592, -42.0997924804688
5.598, -42.0997924804688
5.604, -42.0983238220215
5.61, -42.0953826904297
5.616, -42.0902404785156
5.622, -42.0821533203125
5.628, -42.0726013183594
5.634, -42.0601081848145
5.64, -42.0454063415527
5.646, -42.029239654541
5.652, -42.012336730957
5.658, -41.9939613342285
5.664, -41.9763259887695
5.67, -41.9586868286133
5.676, -41.9432525634766
5.682, -41.9292869567871
5.688, -41.9189987182617
5.694, -41.9116516113281
5.7, -41.9087104797363
5.706, -41.9087104797363
5.712, -41.9094467163086
5.718, -41.9145889282227
5.724, -41.9234085083008
5.73, -41.9359016418457
5.736, -41.9498672485352
5.742, -41.9660339355469
5.748, -41.9829368591309
5.754, -41.9991073608398
5.76, -42.0145416259766
5.766, -42.0277709960938
5.772, -42.0365905761719
5.778, -42.0424690246582
5.784, -42.0380592346191
5.79, -42.0285034179688
5.796, -42.0138053894043
5.802, -41.9946975708008
5.808, -41.9711799621582
5.814, -41.9447212219238
5.82, -41.9160575866699
5.826, -41.8859252929688
5.832, -41.8550605773926
5.838, -41.8241920471191
5.844, -41.794059753418
5.85, -41.7653961181641
5.856, -41.738941192627
5.862, -41.7154235839844
5.868, -41.6955795288086
5.874, -41.6786766052246
5.88, -41.6661796569824
5.886, -41.6573600769043
5.892, -41.6529502868652
5.898, -41.6522178649902
5.904, -41.6522178649902
5.91, -41.6566276550293
5.916, -41.6639747619629
5.922, -41.6757354736328
5.928, -41.6904335021973
5.934, -41.7088088989258
5.94, -41.7308540344238
5.946, -41.7543716430664
5.952, -41.7793617248535
5.958, -41.8058204650879
5.964, -41.8330116271973
5.97, -41.8602027893066
5.976, -41.8873977661133
5.982, -41.9138565063477
5.988, -41.9388427734375
5.994, -41.9616241455078
6.0, -41.9829368591309
6.006, -42.0013122558594
6.012, -42.0174789428711
6.018, -42.0307083129883
6.024, -42.0402641296387
6.03, -42.046142578125
6.036, -42.0498161315918
6.042, -42.0468788146973
6.048, -42.0410003662109
6.054, -42.0329132080078
6.06, -42.0233612060547
6.066, -42.0116004943848
6.072, -41.9991073608398
6.078, -41.9851417541504
6.084, -41.9711799621582
6.09, -41.9572143554688
6.096, -41.9439888000488
6.102, -41.9314918518066
6.108, -41.920467376709
6.114, -41.9109153747559
6.12, -41.903564453125
6.126, -41.8984222412109
6.132, -41.8947448730469
6.138, -41.8940124511719
6.144, -41.8940124511719
6.15, -41.8954811096191
6.156, -41.8991546630859
6.162, -41.903564453125
6.168, -41.9094467163086
6.174, -41.9167938232422
6.18, -41.9256134033203
6.186, -41.9344329833984
6.192, -41.9439888000488
6.198, -41.9528045654297
6.204, -41.9608917236328
6.21, -41.9682388305664
6.216, -41.974853515625
6.222, -41.9799995422363
6.228, -41.9836730957031
6.234, -41.9836730957031
6.24, -41.9799995422363
6.246, -41.974853515625
6.252, -41.9682388305664
6.258, -41.9594192504883
6.264, -41.9491310119629
6.27, -41.9388427734375
6.276, -41.9278182983398
6.282, -41.9175300598145
6.288, -41.9072418212891
6.294, -41.8984222412109
6.3, -41.8903350830078
6.306, -41.8844566345215
6.312, -41.8807830810547
6.318, -41.8785781860352
6.324, -41.8785781860352
6.33, -41.8793144226074
6.336, -41.8829879760742
6.342, -41.8881301879883
6.348, -41.8947448730469
6.354, -41.903564453125
6.36, -41.9131202697754
6.366, -41.9234085083008
6.372, -41.9336967468262
6.378, -41.9439888000488
6.384, -41.953540802002
6.39, -41.9623603820801
6.396, -41.9697113037109
6.402, -41.974853515625
6.408, -41.9785308837891
6.414, -41.9792633056641
6.42, -41.974853515625
6.426, -41.9682388305664
6.432, -41.9586868286133
6.438, -41.9461936950684
6.444, -41.9322280883789
6.45, -41.9153251647949
6.456, -41.8962173461914
6.462, -41.8756370544434
6.468, -41.8543243408203
6.474, -41.832275390625
6.48, -41.810230255127
6.486, -41.7881813049316
6.492, -41.7676010131836
6.498, -41.7477607727051
6.504, -41.7308540344238
6.51, -41.7161560058594
6.516, -41.7043991088867
6.522, -41.6955795288086
6.528, -41.6904335021973
6.534, -41.68896484375
6.54, -41.68896484375
6.546, -41.6919021606445
6.552, -41.6985168457031
6.558, -41.7088088989258
6.564, -41.7213020324707
6.57, -41.7374687194824
6.576, -41.7558441162109
6.582, -41.7756881713867
6.588, -41.7962646484375
6.594, -41.8175773620605
6.6, -41.8374214172363
6.606, -41.8565292358398
6.612, -41.8726997375488
6.618, -41.886661529541
6.624, -41.8984222412109
6.63, -41.9072418212891
6.636, -41.9123840332031
6.642, -41.9153251647949
6.648, -41.9123840332031
6.654, -41.9079742431641
6.66, -41.9013595581055
6.666, -41.8940124511719
6.672, -41.8859252929688
6.678, -41.8771095275879
6.684, -41.8682899475098
6.69, -41.8594703674316
6.696, -41.8506507873535
6.702, -41.8432998657227
6.708, -41.8359527587891
6.714, -41.8286018371582
6.72, -41.8219871520996
6.726, -41.815372467041
6.732, -41.8094940185547
6.738, -41.8036155700684
6.744, -41.7977333068848
6.75, -41.7918548583984
6.756, -41.7867088317871
6.762, -41.7800979614258
6.768, -41.7742156982422
6.774, -41.7668685913086
6.78, -41.7595176696777
6.786, -41.7521667480469
6.792, -41.7448196411133
6.798, -41.7374687194824
6.804, -41.7301216125488
6.81, -41.7235069274902
6.816, -41.7161560058594
6.822, -41.7095413208008
6.828, -41.7029266357422
6.834, -41.6963119506836
6.84, -41.689697265625
6.846, -41.6845550537109
6.852, -41.6786766052246
6.858, -41.6742668151855
6.864, -41.6705894470215
6.87, -41.6669158935547
6.876, -41.6647109985352
6.882, -41.6625061035156
6.888, -41.6625061035156
6.894, -41.6625061035156
6.9, -41.6632423400879
6.906, -41.6661796569824
6.912, -41.6698570251465
6.918, -41.6757354736328
6.924, -41.6838188171387
6.93, -41.6933746337891
6.936, -41.7043991088867
6.942, -41.7183609008789
6.948, -41.7337951660156
6.954, -41.7499656677246
6.96, -41.7683372497559
6.966, -41.7867088317871
6.972, -41.8058204650879
6.978, -41.8241920471191
6.984, -41.8425674438477
6.99, -41.8587341308594
6.996, -41.8741683959961
7.002, -41.8873977661133
7.008, -41.8976860046387
7.014, -41.9057693481445
7.02, -41.9109153747559
7.026, -41.9131202697754
7.032, -41.9109153747559
7.038, -41.9057693481445
7.044, -41.8991546630859
7.05, -41.8903350830078
7.056, -41.8793144226074
7.062, -41.8675537109375
7.068, -41.8550605773926
7.074, -41.8418312072754
7.08, -41.8278656005859
7.086, -41.8131675720215
7.092, -41.798469543457
7.098, -41.7830352783203
7.104, -41.7676010131836
7.11, -41.7521667480469
7.116, -41.7367362976074
7.122, -41.722770690918
7.128, -41.7088088989258
7.134, -41.6970481872559
7.14, -41.6860237121582
7.146, -41.6772041320801
7.152, -41.6705894470215
7.158, -41.6669158935547
7.164, -41.6647109985352
7.17, -41.6654472351074
7.176, -41.6669158935547
7.182, -41.6713256835938
7.188, -41.6786766052246
7.194, -41.68896484375
7.2, -41.7021942138672
7.206, -41.7176246643066
7.212, -41.7360000610352
7.218, -41.7551078796387
7.224, -41.7756881713867
7.23, -41.7962646484375
7.236, -41.8168411254883
7.242, -41.8374214172363
7.248, -41.8557929992676
7.254, -41.8726997375488
7.26, -41.8873977661133
7.266, -41.8998908996582
7.272, -41.9094467163086
7.278, -41.9153251647949
7.284, -41.9167938232422
7.29, -41.9138565063477
7.296, -41.9072418212891
7.302, -41.8984222412109
7.308, -41.8859252929688
7.314, -41.8719635009766
7.32, -41.8565292358398
7.326, -41.8403625488281
7.332, -41.8241920471191
7.338, -41.8080253601074
7.344, -41.7925910949707
7.35, -41.7786254882813
7.356, -41.7661323547363
7.362, -41.7551078796387
7.368, -41.7470245361328
7.374, -41.7411460876465
7.38, -41.7367362976074
7.386, -41.7345314025879
7.392, -41.7330589294434
7.398, -41.7330589294434
7.404, -41.7337951660156
7.41, -41.7345314025879
7.416, -41.7360000610352
7.422, -41.7360000610352
7.428, -41.7337951660156
7.434, -41.7308540344238
7.44, -41.7257118225098
7.446, -41.7190971374512
7.452, -41.710277557373
7.458, -41.6999893188477
7.464, -41.6874923706055
7.47, -41.6742668151855
7.476, -41.6595649719238
7.482, -41.6441345214844
7.488, -41.6279640197754
7.494, -41.6110610961914
7.5, -41.5948905944824
7.506, -41.5787239074707
7.512, -41.5640258789063
7.518, -41.5500602722168
7.524, -41.5375671386719
7.53, -41.5265426635742
7.536, -41.5184593200684
7.542, -41.5118446350098
7.548, -41.508171081543
7.554, -41.5066986083984
7.56, -41.5066986083984
7.566, -41.508171081543
7.572, -41.513313293457
7.578, -41.5206642150879
7.584, -41.5309524536133
7.59, -41.5434455871582
7.596, -41.5588798522949
7.602, -41.5757827758789
7.608, -41.5948905944824
7.614, -41.6169395446777
7.62, -41.6404571533203
7.626, -41.6661796569824
7.632, -41.6955795288086
7.638, -41.7286491394043
7.644, -41.7661323547363
7.65, -41.810230255127
7.656, -41.8609390258789
7.662, -41.9219398498535
7.668, -41.9932289123535
7.674, -42.079216003418
7.68, -42.1821060180664
7.686, -42.3033714294434
7.692, -42.4481544494629
7.698, -42.6157188415527
7.704, -42.8119468688965
7.71, -43.0375709533691
7.716, -43.2955360412598
7.722, -43.5902442932129
7.728, -43.9202308654785
7.734, -44.2906379699707
7.74, -44.7007331848145
7.746, -45.1468391418457
7.752, -45.6392478942871
7.758, -46.1735458374023
7.764, -46.7460632324219
7.77, -47.3582649230957
7.776, -48.0050086975098
7.782, -48.6811485290527
7.788, -49.3830146789551
7.794, -50.0966377258301
7.8, -50.8190803527832
7.806, -51.5334396362305
7.812, -52.228687286377
7.818, -52.8989524841309
7.824, -53.5251159667969
7.83, -54.0998382568359
7.836, -54.6282577514648
7.842, -55.0986137390137
7.848, -55.5123863220215
7.854, -55.8739738464355
7.86, -56.1841163635254
7.866, -56.4508972167969
7.872, -56.6787300109863
7.878, -56.8720169067383
7.884, -57.0388488769531
7.89, -57.1799545288086
7.896, -57.3034248352051
7.902, -57.4099922180176
7.908, -57.5025939941406
7.914, -57.5856399536133
7.92, -57.6606025695801
7.926, -57.7282180786133
7.932, -57.7899513244629
7.938, -57.8465423583984
7.944, -57.9001922607422
7.95, -57.9501686096191
7.956, -57.9979400634766
7.962, -58.0435066223145
7.968, -58.0868682861328
7.974, -58.1294937133789
7.98, -58.17138671875
7.986, -58.2118072509766
7.992, -58.2514915466309
7.998, -58.2904434204102
8.004, -58.3293952941895
8.01, -58.3676147460938
8.016, -58.406566619873
8.022, -58.4447822570801
8.028, -58.4829978942871
8.034, -58.5204811096191
8.04, -58.5579605102539
8.046, -58.5954437255859
8.052, -58.632926940918
8.058, -58.6704063415527
8.064, -58.7071533203125
8.07, -58.7431640625
8.076, -58.7799110412598
8.082, -58.8159255981445
8.088, -58.851936340332
8.094, -58.8872146606445
8.1, -58.9224891662598
8.106, -58.9577674865723
8.112, -58.9923095703125
8.118, -59.0268516540527
8.124, -59.061393737793
8.13, -59.0951995849609
8.136, -59.1297416687012
8.142, -59.1635513305664
8.148, -59.1980895996094
8.154, -59.2318992614746
8.16, -59.2664413452148
8.166, -59.3017158508301
8.172, -59.3377304077148
8.178, -59.3730049133301
8.184, -59.4090194702148
8.19, -59.4457664489746
8.196, -59.4832458496094
8.202, -59.5207290649414
8.208, -59.5589447021484
8.214, -59.5978965759277
8.22, -59.636848449707
8.226, -59.6758003234863
8.232, -59.7147521972656
8.238, -59.7544403076172
8.244, -59.7941246032715
8.25, -59.8330764770508
8.256, -59.8720283508301
8.262, -59.9102439880371
8.268, -59.9484634399414
8.274, -59.9859428405762
8.28, -60.0234260559082
8.286, -60.0594367980957
8.292, -60.0954475402832
8.298, -60.1307258605957
8.304, -60.1645317077637
8.31, -60.1983413696289
8.316, -60.2306785583496
8.322, -60.2630157470703
8.328, -60.295352935791
8.334, -60.3269538879395
8.34, -60.3578224182129
8.346, -60.3886871337891
8.352, -60.4202919006348
8.358, -60.4511566162109
8.364, -60.4820251464844
8.37, -60.5136260986328
8.376, -60.5444946289063
8.382, -60.5760955810547
8.388, -60.6084327697754
8.394, -60.6407699584961
8.4, -60.6738433837891
8.406, -60.707649230957
8.412, -60.7421913146973
8.418, -60.7774696350098
8.424, -60.81201171875
8.43, -60.8472900390625
8.436, -60.8825645446777
8.442, -60.9185791015625
8.448, -60.9538536071777
8.454, -60.9898681640625
8.46, -61.0251426696777
8.466, -61.0604209899902
8.472, -61.0942268371582
8.478, -61.1280364990234
8.484, -61.1603736877441
8.49, -61.1927108764648
8.496, -61.223575592041
8.502, -61.2551803588867
8.508, -61.2853126525879
8.514, -61.3154449462891
8.52, -61.3441047668457
8.526, -61.3727684020996
8.532, -61.399959564209
8.538, -61.4271545410156
8.544, -61.454345703125
8.55, -61.4808044433594
8.556, -61.5065269470215
8.562, -61.5329856872559
8.568, -61.5601768493652
8.574, -61.5873718261719
8.58, -61.6152992248535
8.586, -61.6432266235352
8.592, -61.6726226806641
8.598, -61.702018737793
8.604, -61.7328872680664
8.61, -61.7644882202148
8.616, -61.7975616455078
8.622, -61.8313674926758
8.628, -61.865909576416
8.634, -61.9011878967285
8.64, -61.936466217041
8.646, -61.9739456176758
8.652, -62.0114288330078
8.658, -62.0503807067871
8.664, -62.0893325805664
8.67, -62.1290168762207
8.676, -62.1694412231445
8.682, -62.2091255187988
8.688, -62.2502822875977
8.694, -62.2907028198242
8.7, -62.331859588623
8.706, -62.3722839355469
8.712, -62.4134368896484
8.718, -62.4538612365723
8.724, -62.4935455322266
8.73, -62.5339698791504
8.736, -62.574390411377
8.742, -62.6148109436035
8.748, -62.6544990539551
8.754, -62.6934509277344
8.76, -62.7324028015137
8.766, -62.771354675293
8.772, -62.8095703125
8.778, -62.847785949707
8.784, -62.8852691650391
8.79, -62.9227485656738
8.796, -62.9602317810059
8.802, -62.9977149963379
8.808, -63.0351943969727
8.814, -63.0726776123047
8.82, -63.1108932495117
8.826, -63.1483764648438
8.832, -63.1858558654785
8.838, -63.2240753173828
8.844, -63.2615547180176
8.85, -63.2997703552246
8.856, -63.3372535705566
8.862, -63.3747367858887
8.868, -63.4114837646484
8.874, -63.4489631652832
8.88, -63.4864463806152
8.886, -63.523193359375
8.892, -63.5606727600098
8.898, -63.5974197387695
8.904, -63.6341667175293
8.91, -63.6709136962891
8.916, -63.7076606750488
8.922, -63.7444076538086
8.928, -63.7811546325684
8.934, -63.8179016113281
8.94, -63.8539161682129
8.946, -63.8906593322754
8.952, -63.9274063110352
8.958, -63.9641532897949
8.964, -64.0001678466797
8.97, -64.0369110107422
8.976, -64.0729217529297
8.982, -64.1082000732422
8.988, -64.1434783935547
8.994, -64.1787567138672
9.0, -64.2140350341797
9.006, -64.2478408813477
9.012, -64.2816467285156
9.018, -64.3147201538086
9.024, -64.347053527832
9.03, -64.378662109375
9.036, -64.4095230102539
9.042, -64.4403915405273
9.048, -64.4705276489258
9.054, -64.4999237060547
9.06, -64.5300521850586
9.066, -64.559455871582
9.072, -64.5888519287109
9.078, -64.6189804077148
9.084, -64.6491165161133
9.09, -64.6799850463867
9.096, -64.7108535766602
9.102, -64.7431869506836
9.108, -64.7762603759766
9.114, -64.8100662231445
9.12, -64.844612121582
9.126, -64.8798828125
9.132, -64.915901184082
9.138, -64.9526443481445
9.144, -64.989387512207
9.15, -65.0268707275391
9.156, -65.0643539428711
9.162, -65.1018371582031
9.168, -65.1393203735352
9.174, -65.1768035888672
9.18, -65.2142791748047
9.186, -65.2502899169922
9.192, -65.2855682373047
9.198, -65.3201141357422
9.204, -65.3539199829102
9.21, -65.3862533569336
9.216, -65.4178619384766
9.222, -65.4487228393555
9.228, -65.4781265258789
9.234, -65.5060501098633
9.24, -65.5339813232422
9.246, -65.5604400634766
9.252, -65.5861587524414
9.258, -65.6118850708008
9.264, -65.6361389160156
9.27, -65.6603851318359
9.276, -65.6846389770508
9.282, -65.7081604003906
9.288, -65.7309417724609
9.294, -65.7544631958008
9.3, -65.7772445678711
9.306, -65.8000259399414
9.312, -65.8228073120117
9.318, -65.845588684082
9.324, -65.8683776855469
9.33, -65.8918914794922
9.336, -65.915412902832
9.342, -65.9403991699219
9.348, -65.9646530151367
9.354, -65.9903717041016
9.36, -66.0168304443359
9.366, -66.0440216064453
9.372, -66.0726852416992
9.378, -66.1028213500977
9.384, -66.1336898803711
9.39, -66.1674957275391
9.396, -66.202033996582
9.402, -66.2387847900391
9.408, -66.2777328491211
9.414, -66.3181533813477
9.42, -66.3600463867188
9.426, -66.4034118652344
9.432, -66.4475021362305
9.438, -66.4938049316406
9.444, -66.5408401489258
9.45, -66.5893478393555
9.456, -66.6385879516602
9.462, -66.6878280639648
9.468, -66.7385406494141
9.474, -66.7885131835938
9.48, -66.838493347168
9.486, -66.8870010375977
9.492, -66.9355010986328
9.498, -66.982536315918
9.504, -67.0288391113281
9.51, -67.0744094848633
9.516, -67.1184997558594
9.522, -67.1611251831055
9.528, -67.2022857666016
9.534, -67.2419738769531
9.54, -67.2809219360352
9.546, -67.3184051513672
9.552, -67.3551483154297
9.558, -67.3904266357422
9.564, -67.4249725341797
9.57, -67.4595108032227
9.576, -67.4925842285156
9.582, -67.5256576538086
9.588, -67.5594635009766
9.594, -67.5925369262695
9.6, -67.6256103515625
9.606, -67.6579437255859
9.612, -67.6902847290039
9.618, -67.7233581542969
9.624, -67.7556915283203
9.63, -67.7872924804688
9.636, -67.8181610107422
9.642, -67.8490295410156
9.648, -67.8798980712891
9.654, -67.910026550293
9.66, -67.9401626586914
9.666, -67.9702911376953
9.672, -67.9989547729492
9.678, -68.0268859863281
9.684, -68.0548095703125
9.69, -68.0820007324219
9.696, -68.1084594726563
9.702, -68.1349182128906
9.708, -68.16064453125
9.714, -68.1871032714844
9.72, -68.2142944335938
9.726, -68.2407531738281
9.732, -68.2679443359375
9.738, -68.2958679199219
9.744, -68.3237991333008
9.75, -68.3531951904297
9.756, -68.3833312988281
9.762, -68.4149322509766
9.768, -68.447265625
9.774, -68.480339050293
9.78, -68.5156173706055
9.786, -68.5531005859375
9.792, -68.5920486450195
9.798, -68.6332092285156
9.804, -68.6765670776367
9.81, -68.7236022949219
9.816, -68.7735824584961
9.822, -68.8272323608398
9.828, -68.8852920532227
9.834, -68.9477615356445
9.84, -69.0146408081055
9.846, -69.0866622924805
9.852, -69.1623611450195
9.858, -69.2417373657227
9.864, -69.3240432739258
9.87, -69.408561706543
9.876, -69.4938201904297
9.882, -69.5768661499023
9.888, -69.6577072143555
9.894, -69.7334060668945
9.9, -69.80322265625
9.906, -69.8656921386719
9.912, -69.9193420410156
9.918, -69.9641799926758
9.924, -70.0001907348633
9.93, -70.0273818969727
9.936, -70.0472259521484
9.942, -70.0597152709961
9.948, -70.0663299560547
9.954, -70.0678024291992
9.96, -70.0663299560547
9.966, -70.0633926391602
9.972, -70.0619201660156
9.978, -70.0619201660156
9.984, -70.0619201660156
9.99, -70.0648651123047
9.996, -70.0700073242188
10.002, -70.0780944824219
10.008, -70.0891189575195
10.014, -70.1038131713867
10.02, -70.120719909668
10.026, -70.1405639648438
10.032, -70.1626129150391
10.038, -70.1868591308594
10.044, -70.2140579223633
10.05, -70.2427139282227
10.056, -70.2728500366211
10.062, -70.3059234619141
10.068, -70.340461730957
10.074, -70.3772125244141
10.08, -70.4161605834961
10.086, -70.4573211669922
10.092, -70.5006790161133
10.098, -70.5462493896484
10.104, -70.5940170288086
10.11, -70.6439895629883
10.116, -70.696174621582
10.122, -70.7498245239258
10.128, -70.8049468994141
10.134, -70.8615341186523
10.14, -70.9188613891602
10.146, -70.9761810302734
10.152, -71.0327758789063
10.158, -71.087890625
10.164, -71.1422805786133
10.17, -71.1937255859375
10.176, -71.2429656982422
10.182, -71.2892684936523
10.188, -71.333366394043
10.194, -71.3737869262695
10.2, -71.4120025634766
10.206, -71.4472808837891
10.212, -71.4796142578125
10.218, -71.5104827880859
10.224, -71.5398788452148
10.23, -71.5678100585938
10.236, -71.5950012207031
10.242, -71.6214599609375
10.248, -71.6479187011719
10.254, -71.6743774414063
10.26, -71.7000961303711
10.266, -71.7265548706055
10.272, -71.7530136108398
10.278, -71.7802047729492
10.284, -71.8073959350586
10.29, -71.8353271484375
10.296, -71.8632507324219
10.302, -71.8919143676758
10.308, -71.9220504760742
10.314, -71.9529113769531
10.32, -71.9859848022461
10.326, -72.0205307006836
10.332, -72.0572738647461
10.338, -72.0962295532227
10.344, -72.1373825073242
10.35, -72.1807479858398
10.356, -72.2263107299805
10.362, -72.2733459472656
10.368, -72.3211212158203
10.374, -72.3688888549805
10.38, -72.4159240722656
10.386, -72.4614944458008
10.392, -72.5041198730469
10.398, -72.5430679321289
10.404, -72.5776138305664
10.41, -72.6077423095703
10.416, -72.6327285766602
10.422, -72.6525726318359
10.428, -72.6672744750977
10.434, -72.6775588989258
10.44, -72.6841735839844
10.446, -72.6885833740234
10.452, -72.690788269043
10.458, -72.6929931640625
10.464, -72.693733215332
10.47, -72.6966705322266
10.476, -72.7010803222656
10.482, -72.7084274291992
10.488, -72.7179870605469
10.494, -72.7319488525391
10.5, -72.7488479614258
10.506, -72.7701644897461
10.512, -72.7951507568359
10.518, -72.8238143920898
10.524, -72.8568878173828
10.53, -72.8928985595703
10.536, -72.9325866699219
10.542, -72.975944519043
10.548, -73.0229797363281
10.554, -73.0744247436523
10.56, -73.1295471191406
10.566, -73.189079284668
10.572, -73.2544860839844
10.578, -73.3257751464844
10.584, -73.403678894043
10.59, -73.4874649047852
10.596, -73.5800628662109
10.602, -73.6792831420898
10.608, -73.7858428955078
10.614, -73.8990249633789
10.62, -74.0173492431641
10.626, -74.1408233642578
10.632, -74.264289855957
10.638, -74.3877563476563
10.644, -74.5060806274414
10.65, -74.6177978515625
10.656, -74.7199478149414
10.662, -74.8088760375977
10.668, -74.8831100463867
10.674, -74.9419021606445
10.68, -74.9837951660156
10.686, -75.0087814331055
10.692, -75.0131912231445
10.698, -74.9977569580078
10.704, -74.9720306396484
10.71, -74.939697265625
10.716, -74.9051513671875
10.722, -74.868408203125
10.728, -74.8338623046875
10.734, -74.8022613525391
10.74, -74.7750701904297
10.746, -74.7552261352539
10.752, -74.7412643432617
10.758, -74.7353820800781
10.764, -74.7353820800781
10.77, -74.7383270263672
10.776, -74.7486114501953
10.782, -74.7669830322266
10.788, -74.7934417724609
10.794, -74.8272476196289
10.8, -74.8669357299805
10.806, -74.9132385253906
10.812, -74.9646835327148
10.818, -75.0220108032227
10.824, -75.0830078125
10.83, -75.1469497680664
10.836, -75.2153015136719
10.842, -75.2865829467773
10.848, -75.3600769042969
10.854, -75.4350433349609
10.86, -75.5122146606445
10.866, -75.5908508300781
10.872, -75.6694869995117
10.878, -75.7488632202148
10.884, -75.8282318115234
10.89, -75.9068756103516
10.896, -75.9862442016602
10.902, -76.0641479492188
10.908, -76.1420516967773
10.914, -76.2177505493164
10.92, -76.2927169799805
10.926, -76.366943359375
10.932, -76.4404373168945
10.938, -76.5124588012695
10.944, -76.5822830200195
10.95, -76.6513671875
10.956, -76.7189788818359
10.962, -76.7843856811523
10.968, -76.8475952148438
10.974, -76.9078598022461
10.98, -76.9659194946289
10.986, -77.0210342407227
10.992, -77.0724792480469
10.998, -77.1209869384766
11.004, -77.1665573120117
11.01, -77.2084426879883
11.016, -77.2459259033203
11.022, -77.2789993286133
11.028, -77.3083953857422
11.034, -77.333381652832
11.04, -77.3554306030273
11.046, -77.3738098144531
11.052, -77.3892364501953
11.058, -77.4017333984375
11.064, -77.4127578735352
11.07, -77.4223098754883
11.076, -77.4311294555664
11.082, -77.4384841918945
11.088, -77.4473037719727
11.094, -77.4568557739258
11.1, -77.4678802490234
11.106, -77.4811096191406
11.112, -77.4965438842773
11.118, -77.5149154663086
11.124, -77.5362243652344
11.13, -77.5604782104492
11.136, -77.5876693725586
11.142, -77.618537902832
11.148, -77.65234375
11.154, -77.689094543457
11.16, -77.7287826538086
11.166, -77.7714080810547
11.172, -77.8169708251953
11.178, -77.865478515625
11.184, -77.9169235229492
11.19, -77.970573425293
11.196, -78.0271682739258
11.202, -78.0866928100586
11.208, -78.1491622924805
11.214, -78.2145767211914
11.22, -78.2821884155273
11.226, -78.3534774780273
11.232, -78.4262390136719
11.238, -78.5011978149414
11.244, -78.5791015625
11.25, -78.6584777832031
11.256, -78.7393188476563
11.262, -78.8208999633789
11.268, -78.902473449707
11.274, -78.9847869873047
11.28, -79.0656280517578
11.286, -79.1457366943359
11.292, -79.2229080200195
11.298, -79.2978668212891
11.304, -79.3691558837891
11.31, -79.43603515625
11.316, -79.4992446899414
11.322, -79.5573043823242
11.328, -79.611686706543
11.334, -79.6616668701172
11.34, -79.7064971923828
11.346, -79.7469177246094
11.352, -79.7829284667969
11.358, -79.8152618408203
11.364, -79.8446655273438
11.37, -79.8711242675781
11.376, -79.8953704833984
11.382, -79.9181594848633
11.388, -79.9409408569336
11.394, -79.9622497558594
11.4, -79.9842987060547
11.406, -80.0078201293945
11.412, -80.0328063964844
11.418, -80.0585327148438
11.424, -80.0857238769531
11.43, -80.114387512207
11.436, -80.1445159912109
11.442, -80.1761169433594
11.448, -80.2091903686523
11.454, -80.2429962158203
11.46, -80.2782745361328
11.466, -80.3135528564453
11.472, -80.3495635986328
11.478, -80.3863143920898
11.484, -80.4230575561523
11.49, -80.4605407714844
11.496, -80.4987564086914
11.502, -80.538444519043
11.508, -80.5788650512695
11.514, -80.6214904785156
11.52, -80.6655883789063
11.526, -80.7126235961914
11.532, -80.7618637084961
11.538, -80.8133087158203
11.544, -80.8684310913086
11.55, -80.9264907836914
11.556, -80.9874877929688
11.562, -81.0506973266602
11.568, -81.1175765991211
11.574, -81.1866607666016
11.58, -81.256477355957
11.586, -81.327766418457
11.592, -81.399055480957
11.598, -81.4696044921875
11.604, -81.538688659668
11.61, -81.6055679321289
11.616, -81.6695098876953
11.622, -81.7297744750977
11.628, -81.7856292724609
11.634, -81.8363418579102
11.64, -81.8819046020508
11.646, -81.9208602905273
11.652, -81.9553985595703
11.658, -81.9840621948242
11.664, -82.0090484619141
11.67, -82.0288925170898
11.676, -82.0443267822266
11.682, -82.0575561523438
11.688, -82.0678482055664
11.694, -82.0766677856445
11.7, -82.0840148925781
11.706, -82.0906295776367
11.712, -82.0979766845703
11.718, -82.1060638427734
11.724, -82.1163482666016
11.73, -82.1281127929688
11.736, -82.1420745849609
11.742, -82.1597137451172
11.748, -82.1788177490234
11.754, -82.2008666992188
11.76, -82.2243881225586
11.766, -82.2501068115234
11.772, -82.2765655517578
11.778, -82.3030242919922
11.784, -82.3302154541016
11.79, -82.3559417724609
11.796, -82.3809280395508
11.802, -82.4037094116211
11.808, -82.4235534667969
11.814, -82.4404602050781
11.82, -82.4536895751953
11.826, -82.4639739990234
11.832, -82.469856262207
11.838, -82.4713287353516
11.844, -82.4676513671875
11.85, -82.4617691040039
11.856, -82.4536895751953
11.862, -82.4448699951172
11.868, -82.4353103637695
11.874, -82.4257583618164
11.88, -82.4184112548828
11.886, -82.4117965698242
11.892, -82.4073867797852
11.898, -82.4066543579102
11.904, -82.4073867797852
11.91, -82.4103240966797
11.916, -82.4184112548828
11.922, -82.430908203125
11.928, -82.4478073120117
11.934, -82.469856262207
11.94, -82.4970474243164
11.946, -82.5301208496094
11.952, -82.5690689086914
11.958, -82.613166809082
11.964, -82.6638793945313
11.97, -82.7204666137695
11.976, -82.7836761474609
11.982, -82.8527603149414
11.988, -82.9277191162109
11.994, -83.0100326538086
12.0, -83.0982284545898
12.006, -83.1930313110352
12.012, -83.2937164306641
12.018, -83.4002838134766
12.024, -83.5119934082031
12.03, -83.6288528442383
12.036, -83.7486419677734
12.042, -83.8713836669922
12.048, -83.9941177368164
12.054, -84.1175842285156
12.06, -84.2410507202148
12.066, -84.3623199462891
12.072, -84.4799041748047
12.078, -84.5945587158203
12.084, -84.7033309936523
12.09, -84.8084259033203
12.096, -84.9076385498047
12.102, -85.0009765625
12.108, -85.0899047851563
12.114, -85.1729507446289
12.12, -85.2508544921875
12.126, -85.3265533447266
12.132, -85.3985748291016
12.138, -85.4706039428711
12.144, -85.5411529541016
12.15, -85.6124420166016
12.156, -85.6837310791016
12.162, -85.7572250366211
12.168, -85.8314590454102
12.174, -85.9078903198242
12.18, -85.9850540161133
12.186, -86.0636978149414
12.192, -86.14306640625
12.198, -86.2224426269531
12.204, -86.3003463745117
12.21, -86.3745727539063
12.216, -86.4451293945313
12.222, -86.5112686157227
12.228, -86.5693283081055
12.234, -86.6200408935547
12.24, -86.6619338989258
12.246, -86.6928024291992
12.252, -86.712646484375
12.258, -86.7170562744141
12.264, -86.7016220092773
12.27, -86.6736907958984
12.276, -86.6354751586914
12.282, -86.5862350463867
12.288, -86.5281753540039
12.294, -86.461296081543
12.3, -86.3863296508789
12.306, -86.3040161132813
12.312, -86.2165603637695
12.318, -86.1254272460938
12.324, -86.0306243896484
12.33, -85.9350814819336
12.336, -85.8388061523438
12.342, -85.7439956665039
12.348, -85.6513977050781
12.354, -85.5624694824219
12.36, -85.4772186279297
12.366, -85.3978424072266
12.372, -85.323616027832
12.378, -85.2559967041016
12.384, -85.1949996948242
12.39, -85.1406173706055
12.396, -85.0943145751953
12.402, -85.0553665161133
12.408, -85.0237579345703
12.414, -84.9995040893555
12.42, -84.9826049804688
12.426, -84.9723129272461
12.432, -84.967903137207
12.438, -84.967903137207
12.444, -84.9693756103516
12.45, -84.9767227172852
12.456, -84.9899520874023
12.462, -85.0090637207031
12.468, -85.0325775146484
12.474, -85.0619735717773
12.48, -85.0957870483398
12.486, -85.1340026855469
12.492, -85.177360534668
12.498, -85.2251358032227
12.504, -85.2765808105469
12.51, -85.3309631347656
12.516, -85.3875503540039
12.522, -85.4463500976563
12.528, -85.5051422119141
12.534, -85.5646743774414
12.54, -85.6227340698242
12.546, -85.6793212890625
12.552, -85.7322387695313
12.558, -85.7822113037109
12.564, -85.8277816772461
12.57, -85.8682022094727
12.576, -85.9034805297852
12.582, -85.9343490600586
12.588, -85.9600677490234
12.594, -85.9821166992188
12.6, -86.00048828125
12.606, -86.0159225463867
12.612, -86.0298919677734
12.618, -86.0431137084961
12.624, -86.0563430786133
12.63, -86.071044921875
12.636, -86.0864791870117
12.642, -86.1063232421875
12.648, -86.1291046142578
12.654, -86.1555633544922
12.66, -86.1871643066406
12.666, -86.2224426269531
12.672, -86.2621307373047
12.678, -86.3062210083008
12.684, -86.3525238037109
12.69, -86.4017639160156
12.696, -86.4532089233398
12.702, -86.5046539306641
12.708, -86.5561065673828
12.714, -86.6053466796875
12.72, -86.6516418457031
12.726, -86.6942749023438
12.732, -86.7310180664063
12.738, -86.7626190185547
12.744, -86.7890777587891
12.75, -86.8089218139648
12.756, -86.822883605957
12.762, -86.8317031860352
12.768, -86.8361129760742
12.774, -86.8368453979492
12.78, -86.8353805541992
12.786, -86.8339080810547
12.792, -86.8331756591797
12.798, -86.8331756591797
12.804, -86.8361129760742
12.81, -86.8427276611328
12.816, -86.8544845581055
12.822, -86.8721237182617
12.828, -86.8956451416016
12.834, -86.926513671875
12.84, -86.9639892578125
12.846, -87.0088272094727
12.852, -87.0610046386719
12.858, -87.1197967529297
12.864, -87.1830062866211
12.87, -87.2520904541016
12.876, -87.3248443603516
12.882, -87.4005432128906
12.888, -87.4784469604492
12.894, -87.5563507080078
12.9, -87.6349868774414
12.906, -87.71142578125
12.912, -87.7878570556641
12.918, -87.8613510131836
12.924, -87.9326400756836
12.93, -88.0009918212891
12.936, -88.06787109375
12.942, -88.1318054199219
12.948, -88.1950149536133
12.954, -88.2574844360352
12.96, -88.3192138671875
12.966, -88.3816833496094
12.972, -88.4441528320313
12.978, -88.5080947875977
12.984, -88.5720367431641
12.99, -88.6359710693359
12.996, -88.6999130249023
13.002, -88.7631149291992
13.008, -88.8241195678711
13.014, -88.8829116821289
13.02, -88.9380340576172
13.026, -88.9865417480469
13.032, -89.029899597168
13.038, -89.0659103393555
13.044, -89.0938415527344
13.05, -89.1136856079102
13.056, -89.1247024536133
13.062, -89.1232376098633
13.068, -89.1114807128906
13.074, -89.0931015014648
13.08, -89.0710525512695
13.086, -89.0446014404297
13.092, -89.0166702270508
13.098, -88.9894790649414
13.104, -88.962287902832
13.11, -88.9394989013672
13.116, -88.9203948974609
13.122, -88.9078979492188
13.128, -88.9027557373047
13.134, -88.9020233154297
13.14, -88.9056930541992
13.146, -88.9174575805664
13.152, -88.9387664794922
13.158, -88.9696350097656
13.164, -89.0093231201172
13.17, -89.0570907592773
13.176, -89.1122131347656
13.182, -89.1746826171875
13.188, -89.2400894165039
13.194, -89.3099136352539
13.2, -89.3812026977539
13.206, -89.4510192871094
13.212, -89.5193634033203
13.218, -89.5833053588867
13.224, -89.6421051025391
13.23, -89.6942825317383
13.236, -89.7391128540039
13.242, -89.7765960693359
13.248, -89.8081970214844
13.254, -89.8339233398438
13.26, -89.8552322387695
13.266, -89.8736038208008
13.272, -89.889778137207
13.278, -89.9081497192383
13.284, -89.9279937744141
13.29, -89.9537124633789
13.296, -89.9853134155273
13.302, -90.0242691040039
13.308, -90.0742416381836
13.314, -90.1345062255859
13.32, -90.2080001831055
13.326, -90.2947235107422
13.332, -90.3946762084961
13.338, -90.5078582763672
13.344, -90.6335296630859
13.35, -90.7672882080078
13.356, -90.9128036499023
13.362, -91.06494140625
13.368, -91.2185440063477
13.374, -91.3743438720703
13.38, -91.5250091552734
13.386, -91.6683197021484
13.392, -91.8006134033203
13.398, -91.9174652099609
13.404, -92.0181503295898
13.41, -92.0997314453125
13.416, -92.1607284545898
13.422, -92.2040939331055
13.428, -92.2298126220703
13.434, -92.2386322021484
13.44, -92.2276077270508
13.446, -92.2107009887695
13.452, -92.1915969848633
13.458, -92.1724853515625
13.464, -92.1577911376953
13.47, -92.1482315063477
13.476, -92.1467666625977
13.482, -92.1474990844727
13.488, -92.1570510864258
13.494, -92.1776351928711
13.5, -92.2099685668945
13.506, -92.2540664672852
13.512, -92.3077163696289
13.518, -92.3723907470703
13.524, -92.4451522827148
13.53, -92.5223159790039
13.536, -92.6038970947266
13.542, -92.6840057373047
13.548, -92.7619094848633
13.554, -92.8331985473633
13.56, -92.8949279785156
13.566, -92.9456405639648
13.572, -92.9816513061523
13.578, -93.0014953613281
13.584, -92.9912109375
13.59, -92.9603424072266
13.596, -92.9133071899414
13.602, -92.849365234375
13.608, -92.7721939086914
13.614, -92.6825332641602
13.62, -92.5818481445313
13.626, -92.4723434448242
13.632, -92.3540191650391
13.638, -92.2298126220703
13.644, -92.101936340332
13.65, -91.9696426391602
13.656, -91.8366241455078
13.662, -91.7028656005859
13.668, -91.5713119506836
13.674, -91.4397583007813
13.68, -91.3111419677734
13.686, -91.1854705810547
13.692, -91.0642013549805
13.698, -90.9466171264648
13.704, -90.8341674804688
13.71, -90.7261352539063
13.716, -90.6254501342773
13.722, -90.5299072265625
13.728, -90.4417114257813
13.734, -90.3601379394531
13.74, -90.2859039306641
13.746, -90.2197647094727
13.752, -90.1602325439453
13.758, -90.1095199584961
13.764, -90.066162109375
13.77, -90.0316162109375
13.776, -90.0051574707031
13.782, -89.9867858886719
13.788, -89.9764938354492
13.794, -89.9735565185547
13.8, -89.9735565185547
13.806, -89.9779663085938
13.812, -89.9897232055664
13.818, -90.0081024169922
13.824, -90.033821105957
13.83, -90.066162109375
13.836, -90.103645324707
13.842, -90.1484756469727
13.848, -90.1999206542969
13.854, -90.2572402954102
13.86, -90.3219146728516
13.866, -90.3932037353516
13.872, -90.4703750610352
13.878, -90.5534210205078
13.884, -90.6430816650391
13.89, -90.7386245727539
13.896, -90.8385772705078
13.902, -90.9436721801758
13.908, -91.0524444580078
13.914, -91.1634216308594
13.92, -91.2743988037109
13.926, -91.385368347168
13.932, -91.494873046875
13.938, -91.6007080078125
13.944, -91.6991882324219
13.95, -91.7910537719727
13.956, -91.8726348876953
13.962, -91.9417190551758
13.968, -91.9975738525391
13.974, -92.0372619628906
13.98, -92.0607757568359
13.986, -92.0563659667969
13.992, -92.0284423828125
13.998, -91.9843444824219
14.004, -91.9240798950195
14.01, -91.8505859375
14.016, -91.7645950317383
14.022, -91.669059753418
14.028, -91.564697265625
14.034, -91.4537200927734
14.04, -91.3390731811523
14.046, -91.2214813232422
14.052, -91.1024169921875
14.058, -90.9840927124023
14.064, -90.8672409057617
14.07, -90.7533264160156
14.076, -90.6445541381836
14.082, -90.5387268066406
14.088, -90.4395065307617
14.094, -90.3461685180664
14.1, -90.2609176635742
14.106, -90.1844863891602
14.112, -90.1176071166992
14.118, -90.0610122680664
14.124, -90.0161819458008
14.13, -89.9838485717773
14.136, -89.9654769897461
14.142, -89.961067199707
14.148, -89.961067199707
14.154, -89.9720916748047
14.16, -89.9978103637695
14.166, -90.0397033691406
14.172, -90.0970306396484
14.178, -90.1690521240234
14.184, -90.2565078735352
14.19, -90.3564605712891
14.196, -90.4689025878906
14.202, -90.5923767089844
14.208, -90.7246627807617
14.214, -90.8643035888672
14.22, -91.0090866088867
14.226, -91.1568069458008
14.232, -91.3067321777344
14.238, -91.455192565918
14.244, -91.6014404296875
14.25, -91.7469635009766
14.256, -91.889533996582
14.262, -92.0291748046875
14.268, -92.1658706665039
14.274, -92.2996292114258
14.28, -92.4326553344727
14.286, -92.56494140625
14.292, -92.6964950561523
14.298, -92.8280487060547
14.304, -92.9603424072266
14.31, -93.0933609008789
14.316, -93.2263870239258
14.322, -93.3579406738281
14.328, -93.4865570068359
14.334, -93.6122283935547
14.34, -93.7283477783203
14.346, -93.8349151611328
14.352, -93.9282531738281
14.358, -94.0024795532227
14.364, -94.0568618774414
14.37, -94.0899353027344
14.376, -94.0840606689453
14.382, -94.0458374023438
14.388, -93.9841079711914
14.394, -93.9017944335938
14.4, -93.8025741577148
14.406, -93.6857223510742
14.412, -93.5563735961914
14.418, -93.4152679443359
14.424, -93.2668075561523
14.43, -93.1110000610352
14.436, -92.9493179321289
14.442, -92.7846908569336
14.448, -92.6163864135742
14.454, -92.4466171264648
14.46, -92.2753753662109
14.466, -92.102668762207
14.472, -91.9284896850586
14.478, -91.7550430297852
14.484, -91.5793914794922
14.49, -91.4030075073242
14.496, -91.2273559570313
14.502, -91.0539169311523
14.508, -90.8826751708984
14.514, -90.7165756225586
14.52, -90.5548934936523
14.526, -90.4012908935547
14.532, -90.2557754516602
14.538, -90.1205444335938
14.544, -89.9978103637695
14.55, -89.8890380859375
14.556, -89.7964401245117
14.562, -89.7207412719727
14.568, -89.6634140014648
14.574, -89.6259307861328
14.58, -89.6097640991211
14.586, -89.6097640991211
14.592, -89.6171112060547
14.598, -89.6472473144531
14.604, -89.7023696899414
14.61, -89.782470703125
14.616, -89.8875732421875
14.622, -90.0191268920898
14.628, -90.176399230957
14.634, -90.3593978881836
14.64, -90.5673828125
14.646, -90.7981567382813
14.652, -91.0553817749023
14.658, -91.3368682861328
14.664, -91.6396560668945
14.67, -91.9645004272461
14.676, -92.3084487915039
14.682, -92.668571472168
14.688, -93.0441207885742
14.694, -93.4277572631836
14.7, -93.8172760009766
14.706, -94.2075271606445
14.712, -94.5860214233398
14.718, -94.9498138427734
14.724, -95.2820053100586
14.73, -95.5715713500977
14.736, -95.8170394897461
14.742, -95.9985656738281
14.748, -96.1161575317383
14.754, -96.1418762207031
14.76, -96.0536880493164
14.766, -95.9081726074219
14.772, -95.7075347900391
14.778, -95.4679412841797
14.784, -95.1938095092773
14.79, -94.8946914672852
14.796, -94.5830764770508
14.802, -94.2633819580078
14.808, -93.9422149658203
14.814, -93.6254577636719
14.82, -93.3182525634766
14.826, -93.025016784668
14.832, -92.7472076416016
14.838, -92.4877777099609
14.844, -92.2474517822266
14.85, -92.026237487793
14.856, -91.8233947753906
14.862, -91.6396560668945
14.868, -91.4713592529297
14.874, -91.318489074707
14.88, -91.1781158447266
14.886, -91.0495071411133
14.892, -90.9275054931641
14.898, -90.8113861083984
14.904, -90.6989364624023
14.91, -90.5886993408203
14.916, -90.4791946411133
14.922, -90.3704223632813
14.928, -90.2601852416992
14.934, -90.1477355957031
14.94, -90.0345611572266
14.946, -89.9191741943359
14.952, -89.8030548095703
14.958, -89.6854629516602
14.964, -89.56787109375
14.97, -89.4488143920898
14.976, -89.3290176391602
14.982, -89.2092208862305
14.988, -89.0886917114258
14.994, -88.9674301147461
15.0, -88.8461685180664
15.006, -88.7241668701172
15.012, -88.6036376953125
15.018, -88.4831085205078
15.024, -88.3633117675781
15.03, -88.245719909668
15.036, -88.1303405761719
15.042, -88.0171585083008
15.048, -87.9091186523438
15.054, -87.8032913208008
15.06, -87.7026062011719
15.066, -87.6055908203125
15.072, -87.5144577026367
15.078, -87.4284744262695
15.084, -87.3476333618164
15.09, -87.2719345092773
15.096, -87.2013778686523
15.102, -87.1359710693359
15.108, -87.0749664306641
15.114, -87.0191116333008
15.12, -86.9676666259766
15.126, -86.9213638305664
15.132, -86.8802108764648
15.138, -86.8442001342773
15.144, -86.8148040771484
15.15, -86.7912826538086
15.156, -86.7736434936523
15.162, -86.7648239135742
15.168, -86.7626190185547
15.174, -86.7633514404297
15.18, -86.7699661254883
15.186, -86.785400390625
15.192, -86.8089218139648
15.198, -86.8412551879883
15.204, -86.8816833496094
15.21, -86.9294509887695
15.216, -86.9831008911133
15.222, -87.0433654785156
15.228, -87.1065673828125
15.234, -87.1734466552734
15.24, -87.2410659790039
15.246, -87.3079452514648
15.252, -87.3733520507813
15.258, -87.4358215332031
15.264, -87.4938812255859
15.27, -87.5467987060547
15.276, -87.5923614501953
15.282, -87.6313171386719
15.288, -87.6629180908203
15.294, -87.6864318847656
15.3, -87.7026062011719
15.306, -87.7106857299805
15.312, -87.7055435180664
15.318, -87.6930465698242
15.324, -87.6761474609375
15.33, -87.6548309326172
15.336, -87.6305770874023
15.342, -87.606330871582
15.348, -87.5806045532227
15.354, -87.5578231811523
15.36, -87.5372467041016
15.366, -87.5218124389648
15.372, -87.5122528076172
15.378, -87.5085830688477
15.384, -87.5093154907227
15.39, -87.5144577026367
15.396, -87.5291595458984
15.402, -87.5534133911133
15.408, -87.5879516601563
15.414, -87.6313171386719
15.42, -87.6834945678711
15.426, -87.744499206543
15.432, -87.8113784790039
15.438, -87.8841323852539
15.444, -87.9620361328125
15.45, -88.0414123535156
15.456, -88.1222534179688
15.462, -88.2008895874023
15.468, -88.2780609130859
15.474, -88.3515548706055
15.48, -88.4191665649414
15.486, -88.4809036254883
15.492, -88.536018371582
15.498, -88.5830612182617
15.504, -88.6220092773438
15.51, -88.6543502807617
15.516, -88.6793365478516
15.522, -88.6977081298828
15.528, -88.710205078125
15.534, -88.7175521850586
15.54, -88.7212295532227
15.546, -88.7219619750977
15.552, -88.7204895019531
15.558, -88.7190246582031
15.564, -88.7182846069336
15.57, -88.7182846069336
15.576, -88.7190246582031
15.582, -88.7204895019531
15.588, -88.7241668701172
15.594, -88.7278442382813
15.6, -88.7315139770508
15.606, -88.7337188720703
15.612, -88.7293090820313
15.618, -88.7182846069336
15.624, -88.6999130249023
15.63, -88.6719818115234
15.636, -88.6352386474609
15.642, -88.5874710083008
15.648, -88.530143737793
15.654, -88.463264465332
15.66, -88.386833190918
15.666, -88.3037796020508
15.672, -88.2148513793945
15.678, -88.1222534179688
15.684, -88.0289154052734
15.69, -87.9341125488281
15.696, -87.8429794311523
15.702, -87.7540512084961
15.708, -87.6702651977539
15.714, -87.5931015014648
15.72, -87.5218124389648
15.726, -87.4578704833984
15.732, -87.4012832641602
15.738, -87.3527755737305
15.744, -87.3108825683594
15.75, -87.2763442993164
15.756, -87.2476806640625
15.762, -87.2248916625977
15.768, -87.2072601318359
15.774, -87.1940307617188
15.78, -87.1852111816406
15.786, -87.178596496582
15.792, -87.174919128418
15.798, -87.1727142333984
15.804, -87.1719818115234
15.81, -87.1719818115234
15.816, -87.1734466552734
15.822, -87.175651550293
15.828, -87.179328918457
15.834, -87.1852111816406
15.84, -87.1918258666992
15.846, -87.2021102905273
15.852, -87.2153396606445
15.858, -87.2322463989258
15.864, -87.2535552978516
15.87, -87.2814865112305
15.876, -87.3160247802734
15.882, -87.3579177856445
15.888, -87.4071578979492
15.894, -87.4659576416016
15.9, -87.5335693359375
15.906, -87.6100006103516
15.912, -87.6952514648438
15.918, -87.7893295288086
15.924, -87.8900146484375
15.93, -87.997314453125
15.936, -88.107551574707
15.942, -88.2200012207031
15.948, -88.3317108154297
15.954, -88.4397430419922
15.96, -88.5433731079102
15.966, -88.6374435424805
15.972, -88.7190246582031
15.978, -88.7881088256836
15.984, -88.8402862548828
15.99, -88.8762969970703
15.996, -88.8946685791016
16.002, -88.8792343139648
16.008, -88.8491058349609
16.014, -88.8050079345703
16.02, -88.7506256103516
16.026, -88.6866836547852
16.032, -88.6161270141602
16.038, -88.5426330566406
16.044, -88.4669418334961
16.05, -88.391975402832
16.056, -88.3192138671875
16.062, -88.250129699707
16.068, -88.1861953735352
16.074, -88.1288681030273
16.08, -88.0788879394531
16.086, -88.035530090332
16.092, -87.9995193481445
16.098, -87.9715881347656
16.104, -87.9510116577148
16.11, -87.9355773925781
16.116, -87.9267578125
16.122, -87.9230880737305
16.128, -87.9230880737305
16.134, -87.9238204956055
16.14, -87.9282302856445
16.146, -87.9348449707031
16.152, -87.9436645507813
16.158, -87.9532165527344
16.164, -87.964241027832
16.17, -87.9752655029297
16.176, -87.9855575561523
16.182, -87.9958419799805
16.188, -88.0054016113281
16.194, -88.0142135620117
16.2, -88.0223007202148
16.206, -88.0296478271484
16.212, -88.034797668457
16.218, -88.0384674072266
16.224, -88.0399398803711
16.23, -88.036262512207
16.236, -88.0289154052734
16.242, -88.0171585083008
16.248, -88.0002517700195
16.254, -87.9774703979492
16.26, -87.9488067626953
16.266, -87.9150009155273
16.272, -87.8767852783203
16.278, -87.8341598510742
16.284, -87.7878570556641
16.29, -87.7408218383789
16.296, -87.6923141479492
16.302, -87.6452789306641
16.308, -87.6011810302734
16.314, -87.5614929199219
16.32, -87.5291595458984
16.326, -87.5041732788086
16.332, -87.4902038574219
16.338, -87.4857940673828
16.344, -87.4865341186523
16.35, -87.4938812255859
16.356, -87.5144577026367
16.362, -87.5475311279297
16.368, -87.5931015014648
16.374, -87.6511611938477
16.38, -87.7195053100586
16.386, -87.7974090576172
16.392, -87.8833999633789
16.398, -87.9752655029297
16.404, -88.0722808837891
16.41, -88.1707611083984
16.416, -88.2699737548828
16.422, -88.3677215576172
16.428, -88.4610595703125
16.434, -88.5507202148438
16.44, -88.6359710693359
16.446, -88.7175521850586
16.452, -88.7947235107422
16.458, -88.8689498901367
16.464, -88.9402389526367
16.47, -89.0107879638672
16.476, -89.0806121826172
16.482, -89.1526336669922
16.488, -89.2276000976563
16.494, -89.3062362670898
16.5, -89.3892822265625
16.506, -89.4767379760742
16.512, -89.56787109375
16.518, -89.6612091064453
16.524, -89.7589569091797
16.53, -89.8567047119141
16.536, -89.9551849365234
16.542, -90.0514602661133
16.548, -90.1433258056641
16.554, -90.2307891845703
16.56, -90.3108901977539
16.566, -90.3843841552734
16.572, -90.4490585327148
16.578, -90.5056533813477
16.584, -90.5548934936523
16.59, -90.5975189208984
16.596, -90.6350021362305
16.602, -90.6695404052734
16.608, -90.7033462524414
16.614, -90.7378921508789
16.62, -90.7768402099609
16.626, -90.8202056884766
16.632, -90.8716506958008
16.638, -90.9319152832031
16.644, -91.0024719238281
16.65, -91.0847854614258
16.656, -91.1781158447266
16.662, -91.2839508056641
16.668, -91.4022750854492
16.674, -91.5301513671875
16.68, -91.6646499633789
16.686, -91.8079605102539
16.692, -91.9520034790039
16.698, -92.0967864990234
16.704, -92.2349548339844
16.71, -92.3628387451172
16.716, -92.4782180786133
16.722, -92.5730285644531
16.728, -92.6450500488281
16.734, -92.6906204223633
16.74, -92.6928253173828
16.746, -92.6494598388672
16.752, -92.5774383544922
16.758, -92.4796905517578
16.764, -92.3576889038086
16.77, -92.2151107788086
16.776, -92.0585708618164
16.782, -91.889533996582
16.788, -91.7153549194336
16.794, -91.5382385253906
16.8, -91.3633193969727
16.806, -91.1935501098633
16.812, -91.031867980957
16.818, -90.8819427490234
16.824, -90.7452392578125
16.83, -90.6247100830078
16.836, -90.5218200683594
16.842, -90.4358291625977
16.848, -90.3689575195313
16.854, -90.319709777832
16.86, -90.2888488769531
16.866, -90.2748794555664
16.872, -90.2734146118164
16.878, -90.2770843505859
16.884, -90.2939910888672
16.89, -90.3241195678711
16.896, -90.3660125732422
16.902, -90.4181976318359
16.908, -90.4791946411133
16.914, -90.5446014404297
16.92, -90.6144256591797
16.926, -90.6871795654297
16.932, -90.7599411010742
16.938, -90.8319625854492
16.944, -90.9003143310547
16.95, -90.9657211303711
16.956, -91.0252532958984
16.962, -91.0774307250977
16.968, -91.1230010986328
16.974, -91.1597442626953
16.98, -91.1876754760742
16.986, -91.2060470581055
16.992, -91.2148666381836
16.998, -91.2067794799805
17.004, -91.1906127929688
17.01, -91.1692962646484
17.016, -91.1421051025391
17.022, -91.1127090454102
17.028, -91.0818405151367
17.034, -91.0495071411133
17.04, -91.0201110839844
17.046, -90.99365234375
17.052, -90.9716033935547
17.058, -90.955436706543
17.064, -90.9458770751953
17.07, -90.9436721801758
17.076, -90.9436721801758
17.082, -90.9495544433594
17.088, -90.9635162353516
17.094, -90.9862976074219
17.1, -91.0179061889648
17.106, -91.0575866699219
17.112, -91.1060943603516
17.118, -91.1619491577148
17.124, -91.2258911132813
17.13, -91.2957077026367
17.136, -91.3714065551758
17.142, -91.4522476196289
17.148, -91.5360336303711
17.154, -91.6227569580078
17.16, -91.7102127075195
17.166, -91.7962036132813
17.172, -91.8814544677734
17.178, -91.9637680053711
17.184, -92.0424041748047
17.19, -92.1173706054688
17.196, -92.1879196166992
17.202, -92.2533340454102
17.208, -92.315803527832
17.214, -92.3745956420898
17.22, -92.4311828613281
17.226, -92.4885101318359
17.232, -92.5458374023438
17.238, -92.6068344116211
17.244, -92.6715087890625
17.25, -92.7435302734375
17.256, -92.8236389160156
17.262, -92.9133071899414
17.268, -93.0154571533203
17.274, -93.1286392211914
17.28, -93.2557830810547
17.286, -93.3976287841797
17.292, -93.5534362792969
17.298, -93.7224655151367
17.304, -93.9062042236328
17.31, -94.100227355957
17.316, -94.3038024902344
17.322, -94.5147323608398
17.328, -94.7241897583008
17.334, -94.9351119995117
17.34, -95.1372222900391
17.346, -95.3261032104492
17.352, -95.4988098144531
17.358, -95.6465301513672
17.364, -95.7692642211914
17.37, -95.8618698120117
17.376, -95.9243392944336
17.382, -95.955940246582
17.388, -95.9294815063477
17.394, -95.8773040771484
17.4, -95.8016052246094
17.406, -95.70458984375
17.412, -95.5914154052734
17.418, -95.4627990722656
17.424, -95.3231582641602
17.43, -95.1739654541016
17.436, -95.0174255371094
17.442, -94.8564758300781
17.448, -94.6903839111328
17.454, -94.5213470458984
17.46, -94.3493728637695
17.466, -94.1759262084961
17.472, -94.0010070800781
17.478, -93.8238906860352
17.484, -93.6453018188477
17.49, -93.4630355834961
17.496, -93.277099609375
17.502, -93.0889511108398
17.508, -92.8978729248047
17.514, -92.7038497924805
17.52, -92.5083541870117
17.526, -92.312858581543
17.532, -92.1173706054688
17.538, -91.9248123168945
17.544, -91.7374038696289
17.55, -91.5566101074219
17.556, -91.384635925293
17.562, -91.2251510620117
17.568, -91.0766983032227
17.574, -90.9436721801758
17.58, -90.8260879516602
17.586, -90.7261352539063
17.592, -90.6452865600586
17.598, -90.5835571289063
17.604, -90.5416641235352
17.61, -90.5196151733398
17.616, -90.5166778564453
17.622, -90.5181427001953
17.628, -90.5357818603516
17.634, -90.5725326538086
17.64, -90.6276550292969
17.646, -90.7011413574219
17.652, -90.7900695800781
17.658, -90.8966369628906
17.664, -91.0186386108398
17.67, -91.1553344726563
17.676, -91.3052597045898
17.682, -91.4662170410156
17.688, -91.6381912231445
17.694, -91.8197174072266
17.7, -92.0108032226563
17.706, -92.2107009887695
17.712, -92.4179534912109
17.718, -92.6325607299805
17.724, -92.8537750244141
17.73, -93.0816040039063
