% Measurement ID: 3093
% Mode ID: 1
% Date and time: 2020-06-05 12:00:02
% Sample ID: TOT56-84
% Measurement type: ringdown
% Frequency [Hz]: 180159.0
% Quality factor: 18186431.757306967
% Temperature [K]: 293.0
% Pressure [mBar]: 4.2e-07
% Notes: 
% 
%
% measurement data
% time [s], power [dBm]
0.0, 8.377711
0.32843791722296395, 8.309352
0.6568758344459279, 8.231227
0.9853137516688919, 8.162867
1.3137516688918558, 8.094508
1.6421895861148197, 8.026148
1.9706275033377838, 7.948023
2.2990654205607477, 7.879664
2.6275033377837116, 7.801539
2.9559412550066755, 7.73318
3.2843791722296394, 7.659938
3.6128170894526033, 7.591578
3.9412550066755676, 7.50857
4.269692923898531, 7.440211
4.598130841121495, 7.362086
4.926568758344459, 7.283961
5.255006675567423, 7.215602
5.5834445927903875, 7.132594
5.911882510013351, 7.059352
6.240320427236315, 6.986109
6.568758344459279, 6.907984
6.897196261682243, 6.834742
7.2256341789052065, 6.751734
7.554072096128171, 6.668727
7.882510013351135, 6.595484
8.210947930574099, 6.512477
8.539385847797062, 6.434352
8.867823765020027, 6.351344
9.19626168224299, 6.278102
9.524699599465954, 6.199977
9.853137516688918, 6.121852
10.181575433911883, 6.043727
10.510013351134846, 5.960719
10.83845126835781, 5.872828
11.166889185580775, 5.799586
11.495327102803738, 5.711695
11.823765020026702, 5.63357
12.152202937249665, 5.555445
12.48064085447263, 5.467555
12.809078771695594, 5.38943
13.137516688918558, 5.306422
13.465954606141523, 5.223414
13.794392523364486, 5.145289
14.12283044058745, 5.067164
14.451268357810413, 4.979273
14.779706275033378, 4.901148
15.108144192256342, 4.813258
15.436582109479305, 4.735133
15.76502002670227, 4.647242
16.093457943925234, 4.569117
16.421895861148197, 4.481227
16.75033377837116, 4.403102
17.078771695594124, 4.324977
17.407209612817088, 4.237086
17.735647530040055, 4.163844
18.064085447263018, 4.080836
18.39252336448598, 3.997828
18.720961281708945, 3.91482
19.04939919893191, 3.836695
19.377837116154872, 3.748805
19.706275033377835, 3.665797
20.034712950600802, 3.582789
20.363150867823766, 3.499781
20.69158878504673, 3.411891
21.020026702269693, 3.333766
21.348464619492656, 3.245875
21.67690253671562, 3.162867
22.005340453938583, 3.074977
22.33377837116155, 2.996852
22.662216288384514, 2.918727
22.990654205607477, 2.82107
23.31909212283044, 2.752711
23.647530040053404, 2.66482
23.975967957276367, 2.57693
24.30440587449933, 2.489039
24.632843791722298, 2.401148
24.96128170894526, 2.313258
25.289719626168225, 2.225367
25.618157543391188, 2.137477
25.94659546061415, 2.049586
26.275033377837115, 1.961695
26.60347129506008, 1.873805
26.931909212283045, 1.781031
27.26034712950601, 1.688258
27.588785046728972, 1.619898
27.917222963951936, 1.527125
28.2456608811749, 1.444117
28.574098798397863, 1.365992
28.902536715620826, 1.278102
29.230974632843793, 1.199977
29.559412550066757, 1.116969
29.88785046728972, 1.033961
30.216288384512684, 0.9460703
30.544726301735647, 0.8581797
30.87316421895861, 0.7605234
31.201602136181574, 0.6726328
31.53004005340454, 0.5847422
31.858477970627504, 0.4968516
32.18691588785047, 0.4187266
32.51535380507343, 0.3308359
32.843791722296395, 0.2331797
33.17222963951936, 0.1452891
33.50066755674232, 0.06716406
33.829105473965285, -0.02072656
34.15754339118825, -0.1086172
34.48598130841121, -0.191625
34.814419225634175, -0.2746328
35.142857142857146, -0.3625234
35.47129506008011, -0.4455312
35.79973297730307, -0.5285391
36.128170894526036, -0.6164297
36.456608811749, -0.6994375
36.78504672897196, -0.7922109
37.11348464619493, -0.8801016
37.44192256341789, -0.9679922
37.77036048064085, -1.051
38.09879839786382, -1.143773
38.42723631508678, -1.24143
38.755674232309744, -1.339086
39.08411214953271, -1.436742
39.41255006675567, -1.529516
39.74098798397864, -1.607641
40.069425901201605, -1.695531
40.39786381842457, -1.768773
40.72630173564753, -1.856664
41.054739652870495, -1.939672
41.38317757009346, -2.037328
41.71161548731642, -2.125219
42.040053404539385, -2.227758
42.36849132176235, -2.305883
42.69692923898531, -2.398656
43.025367156208276, -2.476781
43.35380507343124, -2.564672
43.6822429906542, -2.64768
44.010680907877166, -2.73557
44.33911882510013, -2.833227
44.6675567423231, -2.930883
44.995994659546064, -3.018773
45.32443257676903, -3.101781
45.65287049399199, -3.170141
45.981308411214954, -3.262914
46.30974632843792, -3.36057
46.63818424566088, -3.448461
46.966622162883844, -3.551
47.29506008010681, -3.629125
47.62349799732977, -3.712133
47.951935914552735, -3.790258
48.2803738317757, -3.887914
48.60881174899866, -3.995336
48.937249666221625, -4.078344
49.265687583444596, -4.156469
49.59412550066756, -4.239477
49.92256341789052, -4.327367
50.251001335113486, -4.434789
50.57943925233645, -4.532445
50.90787716955941, -4.61057
51.236315086782376, -4.688695
51.56475300400534, -4.786352
51.8931909212283, -4.884008
52.22162883845127, -4.976781
52.55006675567423, -5.054906
52.87850467289719, -5.133031
53.20694259012016, -5.230687
53.53538050734312, -5.347875
53.86381842456609, -5.426
54.192256341789054, -5.494359
54.52069425901202, -5.587133
54.84913217623498, -5.689672
55.177570093457945, -5.777562
55.50600801068091, -5.86057
55.83444592790387, -5.953344
56.162883845126835, -6.051
56.4913217623498, -6.138891
56.81975967957276, -6.217016
57.148197596795725, -6.309789
57.47663551401869, -6.407445
57.80507343124165, -6.500219
58.133511348464616, -6.578344
58.461949265687586, -6.661352
58.79038718291055, -6.763891
59.11882510013351, -6.851781
59.44726301735648, -6.925023
59.77570093457944, -7.02268
60.104138851802404, -7.130102
60.43257676902537, -7.203344
60.76101468624833, -7.281469
61.089452603471294, -7.393773
61.41789052069426, -7.476781
61.74632843791722, -7.559789
62.074766355140184, -7.637914
62.40320427236315, -7.755102
62.73164218958611, -7.828344
63.06008010680908, -7.901586
63.388518024032045, -8.009008
63.71695594125501, -8.092016
64.04539385847796, -8.170141
64.37383177570094, -8.27268
64.70226969292389, -8.355687
65.03070761014686, -8.42893
65.35914552736982, -8.526586
65.68758344459279, -8.629125
66.01602136181576, -8.702367
66.34445927903872, -8.800023
66.67289719626169, -8.902562
67.00133511348464, -8.970922
67.32977303070761, -9.073461
67.65821094793057, -9.156469
67.98664886515354, -9.239477
68.3150867823765, -9.346898
68.64352469959947, -9.420141
68.97196261682242, -9.478734
69.3004005340454, -9.620336
69.62883845126835, -9.693578
69.95727636849132, -9.771703
70.28571428571429, -9.898656
70.61415220293725, -9.947484
70.94259012016022, -10.05002
71.27102803738318, -10.15745
71.59946595460615, -10.23069
71.9279038718291, -10.34299
72.25634178905207, -10.426
72.58477970627503, -10.51877
72.913217623498, -10.63108
73.24165554072096, -10.7092
73.57009345794393, -10.81174
73.89853137516688, -10.89475
74.22696929238985, -10.96799
74.55540720961281, -11.06565
74.88384512683578, -11.14866
75.21228304405875, -11.23166
75.5407209612817, -11.34397
75.86915887850468, -11.41721
76.19759679572763, -11.52463
76.5260347129506, -11.60764
76.85447263017356, -11.69065
77.18291054739653, -11.78342
77.51134846461949, -11.85178
77.83978638184246, -11.96897
78.16822429906541, -12.03733
78.49666221628839, -12.13987
78.82510013351134, -12.23264
79.15353805073431, -12.30588
79.48197596795728, -12.42307
79.81041388518024, -12.48655
80.13885180240321, -12.59885
80.46728971962617, -12.67209
80.79572763684914, -12.75998
81.12416555407209, -12.85764
81.45260347129506, -12.92112
81.78104138851802, -13.02366
82.10947930574099, -13.07248
82.43791722296395, -13.18967
82.76635514018692, -13.25315
83.09479305740987, -13.3508
83.42323097463284, -13.42405
83.7516688918558, -13.52659
84.08010680907877, -13.62912
84.40854472630174, -13.71213
84.7369826435247, -13.82444
85.06542056074767, -13.89768
85.39385847797062, -14.00022
85.7222963951936, -14.07346
86.05073431241655, -14.16623
86.37917222963952, -14.23459
86.70761014686248, -14.36155
87.03604806408545, -14.41037
87.3644859813084, -14.52756
87.69292389853138, -14.6008
88.02136181575433, -14.71311
88.3497997329773, -14.78147
88.67823765020026, -14.90842
89.00667556742323, -14.9719
89.3351134846462, -15.0842
89.66355140186916, -15.12327
89.99198931909213, -15.24045
90.32042723631508, -15.30393
90.64886515353805, -15.40647
90.97730307076101, -15.48948
91.30574098798398, -15.58225
91.63417890520694, -15.66526
91.96261682242991, -15.7678
92.29105473965286, -15.86057
92.61949265687583, -15.91428
92.94793057409879, -15.99729
93.27636849132176, -16.08518
93.60480640854473, -16.18284
93.93324432576769, -16.24631
94.26168224299066, -16.37327
94.59012016021362, -16.42209
94.91855807743659, -16.5344
95.24699599465954, -16.62229
95.57543391188251, -16.73459
95.90387182910547, -16.82737
96.23230974632844, -16.91526
96.5607476635514, -17.01291
96.88918558077437, -17.08616
97.21762349799732, -17.17405
97.5460614152203, -17.24729
97.87449933244325, -17.34006
98.20293724966622, -17.42307
98.53137516688919, -17.49631
98.85981308411215, -17.59885
99.18825100133512, -17.66233
99.51668891855807, -17.77463
99.84512683578104, -17.83811
100.173564753004, -17.91623
100.50200267022697, -18.01389
100.83044058744993, -18.07248
101.1588785046729, -18.17502
101.48731642189586, -18.2678
101.81575433911883, -18.36545
102.14419225634178, -18.45334
102.47263017356475, -18.5217
102.80106809078772, -18.64866
103.12950600801068, -18.71213
103.45794392523365, -18.79514
103.7863818424566, -18.88791
104.11481975967958, -18.9758
104.44325767690253, -19.07834
104.7716955941255, -19.16623
105.10013351134846, -19.24436
105.42857142857143, -19.37131
105.75700934579439, -19.42502
106.08544726301736, -19.52756
106.41388518024031, -19.6594
106.74232309746328, -19.73264
107.07076101468624, -19.84006
107.39919893190921, -19.92307
107.72763684913218, -20.02073
108.05607476635514, -20.12327
108.38451268357811, -20.18674
108.71295060080107, -20.25022
109.04138851802404, -20.35764
109.36982643524699, -20.4553
109.69826435246996, -20.5676
110.02670226969292, -20.67014
110.35514018691589, -20.74338
110.68357810413885, -20.81662
111.01201602136182, -20.92405
111.34045393858477, -21.01194
111.66889185580774, -21.09983
111.9973297730307, -21.23655
112.32576769025367, -21.32932
112.65420560747664, -21.37327
112.9826435246996, -21.51487
113.31108144192257, -21.61252
113.63951935914552, -21.7053
113.9679572763685, -21.82248
114.29639519359145, -21.92014
114.62483311081442, -21.9592
114.95327102803738, -22.05686
115.28170894526035, -22.16428
115.6101468624833, -22.20823
115.93858477970628, -22.2717
116.26702269692923, -22.37912
116.5954606141522, -22.50608
116.92389853137517, -22.56467
117.25233644859813, -22.62327
117.5807743658211, -22.70627
117.90921228304406, -22.77463
118.23765020026703, -22.86741
118.56608811748998, -22.94553
118.89452603471295, -23.02854
119.22296395193591, -23.08225
119.55140186915888, -23.2092
119.87983978638184, -23.32639
120.20827770360481, -23.37034
120.53671562082776, -23.45334
120.86515353805073, -23.551
121.19359145527369, -23.65842
121.52202937249666, -23.7219
121.85046728971963, -23.80979
122.17890520694259, -23.8928
122.50734312416556, -23.9758
122.83578104138851, -24.06858
123.16421895861149, -24.19553
123.49265687583444, -24.30295
123.82109479305741, -24.37131
124.14953271028037, -24.44944
124.47797062750334, -24.50315
124.8064085447263, -24.61545
125.13484646194927, -24.70334
125.46328437917222, -24.81077
125.79172229639519, -24.86936
126.12016021361816, -25.00608
126.44859813084112, -25.10373
126.77703604806409, -25.18186
127.10547396528705, -25.26487
127.43391188251002, -25.35276
127.76234979973297, -25.46506
128.09078771695593, -25.56272
128.4192256341789, -25.64084
128.74766355140187, -25.7092
129.07610146862484, -25.78733
129.40453938584778, -25.84592
129.73297730307075, -25.95334
130.06141522029372, -26.04123
130.3898531375167, -26.14866
130.71829105473964, -26.1926
131.0467289719626, -26.27073
131.37516688918558, -26.32444
131.70360480640855, -26.41233
132.03204272363152, -26.48069
132.36048064085446, -26.57346
132.68891855807743, -26.6467
133.0173564753004, -26.68577
133.34579439252337, -26.76389
133.67423230974632, -26.92991
134.0026702269693, -26.9885
134.33110814419226, -27.02756
134.65954606141523, -27.07639
134.98798397863817, -27.1008
135.31642189586114, -27.19358
135.6448598130841, -27.26682
135.97329773030708, -27.38889
136.30173564753005, -27.46702
136.630173564753, -27.48655
136.95861148197596, -27.60862
137.28704939919893, -27.6428
137.6154873164219, -27.73069
137.94392523364485, -27.79905
138.27236315086782, -27.90647
138.6008010680908, -27.96506
138.92923898531376, -28.08713
139.2576769025367, -28.16037
139.58611481975967, -28.22873
139.91455273698264, -28.33127
140.2429906542056, -28.44846
140.57142857142858, -28.49729
140.89986648865153, -28.5803
141.2283044058745, -28.70725
141.55674232309747, -28.84397
141.88518024032044, -28.89768
142.21361815754338, -28.99534
142.54205607476635, -29.11741
142.87049399198932, -29.19553
143.1989319092123, -29.33713
143.52736982643523, -29.39084
143.8558077436582, -29.53245
144.18424566088117, -29.66428
144.51268357810414, -29.73264
144.84112149532712, -29.81077
145.16955941255006, -29.92795
145.49799732977303, -30.00608
145.826435246996, -30.07444
146.15487316421897, -30.1135
146.4833110814419, -30.30881
146.81174899866488, -30.40159
147.14018691588785, -30.426
147.46862483311082, -30.52366
147.79706275033377, -30.66037
148.12550066755674, -30.77756
148.4539385847797, -30.8508
148.78237650200268, -30.96311
149.11081441922562, -31.04612
149.4392523364486, -31.051
149.76769025367156, -31.09006
150.09612817089453, -31.23655
150.4245660881175, -31.37327
150.75300400534044, -31.57834
151.0814419225634, -31.50998
151.40987983978638, -31.66135
151.73831775700936, -31.71506
152.0667556742323, -31.85178
152.39519359145527, -31.96897
152.72363150867824, -31.9885
153.0520694259012, -31.9885
153.38050734312415, -32.11545
153.70894526034712, -32.22288
154.0373831775701, -32.26682
154.36582109479306, -32.35471
154.69425901201603, -32.4719
155.02269692923898, -32.6135
155.35113484646195, -32.55979
155.67957276368492, -32.63303
156.0080106809079, -32.73557
156.33644859813083, -32.75998
156.6648865153538, -32.86252
156.99332443257677, -33.03342
157.32176234979974, -33.16526
157.65020026702268, -33.30686
157.97863818424565, -33.44358
158.30707610146862, -33.46311
158.6355140186916, -33.49241
158.96395193591457, -33.65842
159.2923898531375, -33.76096
159.62082777036048, -33.80979
159.94926568758345, -33.95139
160.27770360480642, -33.99045
160.60614152202936, -34.04905
160.93457943925233, -34.09299
161.2630173564753, -34.22483
161.59145527369827, -34.33713
161.91989319092121, -34.41526
162.24833110814419, -34.43967
162.57676902536716, -34.43479
162.90520694259013, -34.52268
163.23364485981307, -34.49827
163.56208277703604, -34.6008
163.890520694259, -34.71799
164.21895861148198, -34.82053
164.54739652870495, -34.78147
164.8758344459279, -34.9426
165.20427236315086, -34.93772
165.53271028037383, -34.97678
165.8611481975968, -35.10862
166.18958611481975, -35.21604
166.51802403204272, -35.27952
166.8464619492657, -35.426
167.17489986648866, -35.47483
167.5033377837116, -35.42112
167.83177570093457, -35.42112
168.16021361815754, -35.47971
168.4886515353805, -35.51389
168.81708945260348, -35.52854
169.14552736982643, -35.71409
169.4739652870494, -35.79709
169.80240320427237, -35.91428
170.13084112149534, -36.08518
170.45927903871828, -36.16819
170.78771695594125, -36.35862
171.11615487316422, -36.5344
171.4445927903872, -36.64182
171.77303070761013, -36.77854
172.1014686248331, -36.84202
172.42990654205607, -37.0178
172.75834445927904, -36.92014
173.08678237650201, -37.08616
173.41522029372496, -37.38401
173.74365821094793, -37.56467
174.0720961281709, -37.57444
174.40053404539387, -37.75998
174.7289719626168, -37.82834
175.05740987983978, -38.05295
175.38584779706275, -38.15061
175.71428571428572, -38.21409
176.04272363150866, -38.27756
176.37116154873164, -38.2092
176.6995994659546, -38.22873
177.02803738317758, -38.42893
177.35647530040052, -38.42893
177.6849132176235, -38.42893
178.01335113484646, -38.41916
178.34178905206943, -38.49729
178.6702269692924, -38.48264
178.99866488651534, -38.39475
179.3271028037383, -38.49241
179.65554072096128, -38.48752
179.98397863818425, -38.46799
180.3124165554072, -38.42893
180.64085447263017, -38.51194
180.96929238985314, -38.73166
181.2977303070761, -38.90256
181.62616822429905, -39.07834
181.95460614152202, -39.06858
182.283044058745, -39.27854
182.61148197596796, -39.42991
182.93991989319093, -39.4885
183.26835781041387, -39.55686
183.59679572763685, -39.61545
183.92523364485982, -39.67893
184.2536715620828, -39.55686
184.58210947930573, -39.64475
184.9105473965287, -39.66428
185.23898531375167, -39.89866
185.56742323097464, -39.98655
185.89586114819758, -39.88889
186.22429906542055, -40.07932
186.55273698264352, -40.04514
186.8811748998665, -40.1428
187.20961281708946, -40.07444
187.5380507343124, -40.13791
187.86648865153538, -40.08909
188.19492656875835, -39.93772
188.52336448598132, -40.06467
188.85180240320426, -40.33811
189.18024032042723, -40.4553
189.5086782376502, -40.79221
189.83711615487317, -40.99241
190.1655540720961, -41.04612
190.49399198931908, -41.34397
190.82242990654206, -41.60764
191.15086782376503, -41.29514
191.47930574098797, -41.51975
191.80774365821094, -41.58811
192.1361815754339, -41.62717
192.46461949265688, -41.88108
192.79305740987985, -41.88108
193.1214953271028, -41.92014
193.44993324432576, -41.94944
193.77837116154873, -42.02756
194.1068090787717, -42.26194
194.43524699599465, -42.34495
194.76368491321762, -42.42307
195.0921228304406, -42.46702
195.42056074766356, -42.51584
195.7489986648865, -42.67209
196.07743658210947, -43.22873
196.40587449933244, -43.19455
196.7343124165554, -43.32639
197.06275033377838, -43.4387
197.39118825100132, -43.56565
197.7196261682243, -43.94651
198.04806408544727, -44.33225
198.37650200267024, -44.61545
198.70493991989318, -44.86448
199.03337783711615, -45.07932
199.36181575433912, -45.04514
199.6902536715621, -44.58616
200.01869158878503, -44.62522
200.347129506008, -44.46897
200.67556742323097, -44.45432
201.00400534045394, -44.51291
201.3324432576769, -44.59592
201.66088117489986, -44.73264
201.98931909212283, -44.63498
202.3177570093458, -44.57151
202.64619492656877, -44.57639
202.9746328437917, -44.62034
203.30307076101468, -44.63498
203.63150867823765, -44.95237
203.95994659546062, -45.09397
204.28838451268356, -45.22092
204.61682242990653, -45.53342
204.9452603471295, -45.61643
205.27369826435248, -45.47483
205.60213618157545, -45.35764
205.9305740987984, -45.31858
206.25901201602136, -45.62131
206.58744993324433, -45.37229
206.9158878504673, -45.41135
207.24432576769024, -45.46995
207.5727636849132, -45.5383
207.90120160213618, -45.65061
208.22963951935915, -46.16819
208.5580774365821, -46.11448
208.88651535380507, -46.26096
209.21495327102804, -46.15354
209.543391188251, -46.10959
209.87182910547395, -45.84104
210.20026702269692, -45.55295
210.5287049399199, -45.59202
210.85714285714286, -45.50413
211.18558077436583, -45.51877
211.51401869158877, -45.58713
211.84245660881174, -45.35764
212.17089452603471, -45.6262
212.49933244325769, -45.77756
212.82777036048063, -45.86545
213.1562082777036, -45.95334
213.48464619492657, -46.24143
213.81308411214954, -46.15354
214.14152202937248, -46.24143
214.46995994659545, -46.21213
214.79839786381842, -46.27561
215.1268357810414, -46.71018
215.45527369826436, -46.92502
215.7837116154873, -46.94455
216.11214953271028, -46.93479
216.44058744993325, -46.91038
216.76902536715622, -46.58323
217.09746328437916, -46.54905
217.42590120160213, -46.32932
217.7543391188251, -45.64084
218.08277703604807, -45.37229
218.411214953271, -45.37229
218.73965287049398, -45.33811
219.06809078771695, -45.2551
219.39652870493993, -45.46506
219.7249666221629, -45.82639
220.05340453938584, -46.24631
220.3818424566088, -46.07053
220.71028037383178, -46.26096
221.03871829105475, -46.59299
221.3671562082777, -46.75901
221.69559412550066, -47.06663
222.02403204272363, -46.90549
222.3524699599466, -47.0178
222.68090787716955, -47.21799
223.00934579439252, -47.43284
223.3377837116155, -48.30686
223.66622162883846, -48.37522
223.9946595460614, -48.04807
224.32309746328437, -48.27268
224.65153538050734, -48.81467
224.9799732977303, -48.41916
225.30841121495328, -48.2092
225.63684913217622, -48.25803
225.9652870493992, -48.76584
226.29372496662216, -49.03928
226.62216288384514, -49.79612
226.95060080106808, -50.02561
227.27903871829105, -50.00608
227.60747663551402, -50.23069
227.935914552737, -49.94748
228.26435246995993, -49.44944
228.5927903871829, -49.12229
228.92122830440587, -49.29807
229.24966622162884, -49.38596
229.5781041388518, -49.16135
229.90654205607476, -49.10276
230.23497997329773, -48.45823
230.5634178905207, -48.6926
230.89185580774367, -48.68772
231.2202937249666, -48.96604
231.54873164218958, -49.18577
231.87716955941255, -48.64866
232.20560747663552, -48.54123
232.53404539385846, -49.41038
232.86248331108143, -48.89768
233.1909212283044, -48.63889
233.51935914552737, -48.60959
233.84779706275035, -48.45823
234.1762349799733, -48.14084
234.50467289719626, -47.92112
234.83311081441923, -48.41428
235.1615487316422, -49.09788
235.48998664886514, -48.3801
235.8184245660881, -48.37522
236.14686248331108, -47.7844
236.47530040053405, -47.97483
236.803738317757, -47.98459
237.13217623497997, -48.07248
237.46061415220294, -47.92112
237.7890520694259, -47.95041
238.11748998664885, -47.94553
238.44592790387182, -48.26291
238.7743658210948, -48.62913
239.10280373831776, -48.82444
239.43124165554073, -49.26389
239.75967957276367, -49.22483
240.08811748998664, -49.09299
240.41655540720961, -49.0637
240.74499332443258, -48.84885
241.07343124165553, -49.46897
241.4018691588785, -50.38205
241.73030707610147, -80.57878
242.05874499332444, -80.56206
242.38718291054738, -80.54729
242.71562082777035, -80.53448
243.04405874499332, -80.52363
243.3724966622163, -80.51474
243.70093457943926, -80.50781
244.0293724966622, -80.50283
244.35781041388518, -80.49981
244.68624833110815, -80.49875
245.01468624833112, -80.49965
245.34312416555406, -80.50251
245.67156208277703, -80.50732
246.0, -80.5141
