% Measurement ID: 2915
% Mode ID: 1
% Date and time: 2021-03-22 10:53:18
% Sample ID: TOT101-43
% Measurement type: ringdown
% Frequency [Hz]: 168267.0
% Quality factor: 18968847.36891147
% Temperature [K]: 293.0
% Pressure [mBar]: 5.3e-09
% Notes: 
% 
%
% measurement data
% time [s], power [dBm]
0.0, 7.689403
0.2673564753004005, 7.625927
0.534712950600801, 7.567333
0.8020694259012016, 7.508739
1.069425901201602, 7.450145
1.3367823765020026, 7.376903
1.6041388518024031, 7.318309
1.8714953271028036, 7.259716
2.138851802403204, 7.206005
2.4062082777036045, 7.147411
2.673564753004005, 7.079052
2.940921228304406, 7.020458
3.2082777036048062, 6.961864
3.4756341789052065, 6.90327
3.7429906542056073, 6.834911
4.010347129506008, 6.776317
4.277703604806408, 6.722606
4.545060080106809, 6.654247
4.812416555407209, 6.600536
5.07977303070761, 6.527294
5.34712950600801, 6.454052
5.614485981308411, 6.400341
5.881842456608812, 6.322216
6.149198931909212, 6.234325
6.4165554072096125, 6.151317
6.683911882510013, 6.087841
6.951268357810413, 6.039012
7.218624833110814, 5.990184
7.485981308411215, 5.931591
7.753337783711615, 5.872997
8.020694259012016, 5.789989
8.288050734312415, 5.726512
8.555407209612817, 5.658153
8.822763684913218, 5.599559
9.090120160213617, 5.5312
9.357476635514018, 5.462841
9.624833110814418, 5.414012
9.892189586114819, 5.355419
10.15954606141522, 5.301708
10.42690253671562, 5.243114
10.69425901201602, 5.174755
10.961615487316422, 5.116161
11.228971962616821, 5.047802
11.496328437917223, 4.979442
11.763684913217624, 4.915966
12.031041388518023, 4.857372
12.298397863818424, 4.793895
12.565754339118824, 4.725536
12.833110814419225, 4.666942
13.100467289719626, 4.603466
13.367823765020026, 4.539989
13.635180240320427, 4.491161
13.902536715620826, 4.43745
14.169893190921227, 4.383739
14.437249666221629, 4.334911
14.704606141522028, 4.2812
14.97196261682243, 4.217723
15.23931909212283, 4.154247
15.50667556742323, 4.09077
15.774032042723631, 4.032177
16.041388518024032, 3.963817
16.30874499332443, 3.900341
16.57610146862483, 3.841747
16.843457943925234, 3.768505
17.110814419225633, 3.724559
17.378170894526033, 3.6562
17.645527369826436, 3.607372
17.912883845126835, 3.553661
18.180240320427234, 3.480419
18.447596795727637, 3.426708
18.714953271028037, 3.353466
18.982309746328436, 3.294872
19.249666221628836, 3.231395
19.51702269692924, 3.172802
19.784379172229638, 3.104442
20.051735647530037, 3.050731
20.31909212283044, 2.982372
20.58644859813084, 2.918895
20.85380507343124, 2.855419
21.121161548731642, 2.796825
21.38851802403204, 2.728466
21.65587449933244, 2.669872
21.923230974632844, 2.572216
22.190587449933243, 2.523387
22.457943925233643, 2.474559
22.725300400534046, 2.415966
22.992656875834445, 2.352489
23.260013351134845, 2.289012
23.527369826435248, 2.230419
23.794726301735647, 2.162059
24.062082777036046, 2.103466
24.329439252336446, 2.025341
24.59679572763685, 1.966747
24.864152202937248, 1.878856
25.131508678237648, 1.810497
25.39886515353805, 1.722606
25.66622162883845, 1.654247
25.93357810413885, 1.585887
26.200934579439252, 1.497997
26.46829105473965, 1.429637
26.73564753004005, 1.361278
27.003004005340454, 1.283153
27.270360480640853, 1.239208
27.537716955941253, 1.165966
27.805073431241652, 1.117137
28.072429906542055, 1.048778
28.339786381842455, 0.9804187
28.607142857142854, 0.9120594
28.874499332443257, 0.8388172
29.141855807743656, 0.7851062
29.409212283044056, 0.7167469
29.67656875834446, 0.6679187
29.94392523364486, 0.609325
30.211281708945258, 0.5409656
30.47863818424566, 0.4726062
30.74599465954606, 0.4042469
31.01335113484646, 0.3651844
31.280707610146862, 0.296825
31.548064085447262, 0.2284656
31.81542056074766, 0.1894031
32.082777036048064, 0.09174687
32.35013351134846, 0.04291875
32.61748998664886, -0.005909375
32.884846461949266, -0.03520625
33.15220293724966, -0.1035656
33.419559412550065, -0.171925
33.68691588785047, -0.2305188
33.954272363150864, -0.3184094
34.22162883845127, -0.4014172
34.48898531375167, -0.4551281
34.756341789052065, -0.5332531
35.02369826435247, -0.5918469
35.29105473965287, -0.6602063
35.55841121495327, -0.7285656
35.82576769025367, -0.8066906
36.09312416555407, -0.8555188
36.36048064085447, -0.9043469
36.62783711615487, -0.9482922
36.895193591455275, -1.0313
37.16255006675567, -1.080128
37.429906542056074, -1.148488
37.69726301735648, -1.216847
37.96461949265687, -1.294972
38.231975967957275, -1.373097
38.49933244325767, -1.441456
38.766688918558074, -1.495167
39.03404539385848, -1.553761
39.30140186915887, -1.607472
39.568758344459276, -1.670948
39.83611481975968, -1.739308
40.103471295060075, -1.797902
40.37082777036048, -1.871144
40.63818424566088, -1.939503
40.90554072096128, -2.017628
41.17289719626168, -2.09087
41.44025367156208, -2.15923
41.70761014686248, -2.203175
41.97496662216288, -2.252003
42.242323097463284, -2.310597
42.50967957276368, -2.359425
42.77703604806408, -2.418019
43.044392523364486, -2.486378
43.31174899866488, -2.574269
43.579105473965285, -2.632863
43.84646194926569, -2.701222
44.113818424566084, -2.75005
44.38117489986649, -2.818409
44.64853137516689, -2.896534
44.915887850467286, -2.964894
45.18324432576769, -3.043019
45.45060080106809, -3.091847
45.71795727636849, -3.169972
45.98531375166889, -3.2188
46.25267022696929, -3.267628
46.52002670226969, -3.345753
46.78738317757009, -3.394581
47.054739652870495, -3.482472
47.32209612817089, -3.541066
47.589452603471294, -3.599659
47.85680907877169, -3.668019
48.12416555407209, -3.765675
48.391522029372496, -3.834034
48.65887850467289, -3.902394
48.926234979973295, -3.941456
49.1935914552737, -4.019581
49.46094793057409, -4.078175
49.728304405874496, -4.136769
49.9956608811749, -4.200245
50.263017356475295, -4.273488
50.5303738317757, -4.302784
50.7977303070761, -4.400441
51.0650867823765, -4.454152
51.3324432576769, -4.537159
51.5997997329773, -4.605519
51.8671562082777, -4.673878
52.1345126835781, -4.74712
52.401869158878505, -4.835011
52.6692256341789, -4.913136
52.9365821094793, -4.957081
53.203938584779706, -5.005909
53.4712950600801, -5.035206
53.738651535380505, -5.0938
54.00600801068091, -5.142628
54.273364485981304, -5.230519
54.54072096128171, -5.289113
54.80807743658211, -5.347706
55.075433911882506, -5.4063
55.34279038718291, -5.494191
55.610146862483305, -5.543019
55.87750333778371, -5.611378
56.14485981308411, -5.68462
56.412216288384506, -5.75298
56.67957276368491, -5.806691
56.94692923898531, -5.860402
57.21428571428571, -5.923878
57.48164218958611, -5.992238
57.748998664886514, -6.041066
58.01635514018691, -6.109425
58.28371161548731, -6.177784
58.551068090787716, -6.241261
58.81842456608811, -6.324269
59.085781041388515, -6.387745
59.35313751668892, -6.470753
59.62049399198931, -6.548878
59.88785046728972, -6.612355
60.15520694259012, -6.675831
60.422563417890515, -6.749073
60.68991989319092, -6.807667
60.95727636849132, -6.866261
61.22463284379172, -6.919972
61.49198931909212, -6.988331
61.75934579439252, -7.042042
62.02670226969292, -7.115284
62.29405874499332, -7.188527
62.561415220293725, -7.261769
62.82877169559412, -7.335011
63.096128170894524, -7.398488
63.36348464619493, -7.457081
63.63084112149532, -7.525441
63.898197596795725, -7.574269
64.16555407209613, -7.637745
64.43291054739653, -7.71587
64.70026702269692, -7.789113
64.96762349799732, -7.852589
65.23497997329773, -7.911183
65.50233644859813, -7.964894
65.76969292389853, -8.038136
66.03704939919893, -8.111378
66.30440587449932, -8.189503
66.57176234979973, -8.248097
66.83911882510013, -8.296925
67.10647530040053, -8.345753
67.37383177570094, -8.404347
67.64118825100134, -8.477589
67.90854472630173, -8.541066
68.17590120160213, -8.599659
68.44325767690253, -8.677784
68.71061415220294, -8.746144
68.97797062750334, -8.814503
69.24532710280373, -8.868214
69.51268357810413, -8.941456
69.78004005340453, -8.990284
70.04739652870494, -9.048878
70.31475300400534, -9.117238
70.58210947930574, -9.185597
70.84946595460613, -9.253956
71.11682242990653, -9.31255
71.38417890520694, -9.380909
71.65153538050734, -9.454152
71.91889185580774, -9.517628
72.18624833110815, -9.576222
72.45360480640853, -9.644581
72.72096128170894, -9.722706
72.98831775700934, -9.795948
73.25567423230974, -9.859425
73.52303070761015, -9.93755
73.79038718291055, -10.00591
74.05774365821094, -10.07915
74.32510013351134, -10.14263
74.59245660881174, -10.22075
74.85981308411215, -10.28911
75.12716955941255, -10.33794
75.39452603471295, -10.39653
75.66188251001334, -10.44536
75.92923898531375, -10.50396
76.19659546061415, -10.56743
76.46395193591455, -10.63579
76.73130841121495, -10.70903
76.99866488651534, -10.77739
77.26602136181575, -10.83599
77.53337783711615, -10.87993
77.80073431241655, -10.94341
78.06809078771695, -11.00689
78.33544726301736, -11.0606
78.60280373831775, -11.12896
78.87016021361815, -11.21685
79.13751668891855, -11.29009
79.40487316421896, -11.36333
79.67222963951936, -11.44146
79.93958611481976, -11.5147
80.20694259012015, -11.61235
80.47429906542055, -11.54888
80.74165554072096, -11.54888
81.00901201602136, -11.77349
81.27636849132176, -11.89068
81.54372496662216, -11.94927
81.81108144192255, -12.02739
82.07843791722296, -12.10064
82.34579439252336, -12.16411
82.61315086782376, -12.20318
82.88050734312417, -12.2813
83.14786381842457, -12.34966
83.41522029372496, -12.40825
83.68257676902536, -12.46685
83.94993324432576, -12.50591
84.21728971962617, -12.54497
84.48464619492657, -12.58892
84.75200267022697, -12.65239
85.01935914552736, -12.72075
85.28671562082776, -12.77935
85.55407209612817, -12.85259
85.82142857142857, -12.91118
86.08878504672897, -12.95513
86.35614152202936, -13.02349
86.62349799732976, -13.09185
86.89085447263017, -13.16997
87.15821094793057, -13.22857
87.42556742323097, -13.30669
87.69292389853138, -13.36528
87.96028037383176, -13.42388
88.22763684913217, -13.49224
88.49499332443257, -13.54107
88.76234979973297, -13.62896
89.02970627503338, -13.69732
89.29706275033378, -13.75591
89.56441922563417, -13.83892
89.83177570093457, -13.8731
90.09913217623497, -13.93169
90.36648865153538, -13.95122
90.63384512683578, -14.03911
90.90120160213618, -14.08794
91.16855807743657, -14.17583
91.43591455273697, -14.23443
91.70327102803738, -14.30278
91.97062750333778, -14.34185
92.23798397863818, -14.39068
92.50534045393859, -14.45415
92.77269692923898, -14.50786
93.04005340453938, -14.59087
93.30740987983978, -14.65435
93.57476635514018, -14.72759
93.84212283044059, -14.79107
94.10947930574099, -14.84966
94.37683578104138, -14.92778
94.64419225634178, -15.01079
94.91154873164218, -15.07427
95.17890520694259, -15.14751
95.44626168224299, -15.25005
95.71361815754338, -15.32818
95.98097463284378, -15.39653
96.24833110814419, -15.4356
96.51568758344459, -15.46489
96.78304405874499, -15.55767
97.0504005340454, -15.56255
97.31775700934578, -15.58696
97.58511348464619, -15.63091
97.85246995994659, -15.66509
98.11982643524699, -15.70903
98.3871829105474, -15.76763
98.6545393858478, -15.8311
98.92189586114819, -15.96782
99.18925233644859, -16.02642
99.45660881174899, -16.2022
99.7239652870494, -16.28032
99.9913217623498, -16.30962
100.2586782376502, -16.3438
100.52603471295059, -16.42681
100.793391188251, -16.46099
101.0607476635514, -16.52935
101.3281041388518, -16.69536
101.5954606141522, -16.75396
101.8628170894526, -16.81743
102.130173564753, -16.90044
102.3975300400534, -18.02349
102.6648865153538, -17.33989
102.9322429906542, -17.00298
103.1995994659546, -17.19341
103.466955941255, -17.30083
103.7343124165554, -17.37896
104.0016688918558, -17.48638
104.2690253671562, -17.5938
104.5363818424566, -17.69146
104.80373831775701, -17.76958
105.0710947930574, -17.83794
105.3384512683578, -17.9063
105.6058077436582, -17.9356
105.8731642189586, -17.97466
106.14052069425901, -18.00396
106.40787716955941, -18.03814
106.6752336448598, -18.11626
106.9425901201602, -18.21392
107.20994659546061, -18.29204
107.47730307076101, -18.38482
107.74465954606141, -18.43364
108.01201602136182, -18.45318
108.2793724966622, -18.49712
108.54672897196261, -18.56548
108.81408544726301, -18.63872
109.08144192256341, -18.70708
109.34879839786382, -18.78032
109.61615487316422, -18.83403
109.88351134846461, -18.86333
110.15086782376501, -18.9561
110.41822429906541, -19.01958
110.68558077436582, -19.10747
110.95293724966622, -19.13677
111.22029372496661, -19.22466
111.48765020026701, -19.27349
111.75500667556742, -19.33208
112.02236315086782, -19.36138
112.28971962616822, -19.45903
112.55707610146862, -19.52739
112.82443257676901, -19.60552
113.09178905206942, -19.71294
113.35914552736982, -19.74224
113.62650200267022, -19.77153
113.89385847797062, -19.85943
114.16121495327103, -19.89849
114.42857142857142, -19.94732
114.69592790387182, -19.98638
114.96328437917222, -20.07427
115.23064085447263, -20.13286
115.49799732977303, -20.16216
115.76535380507343, -20.22075
116.03271028037382, -20.27935
116.30006675567422, -20.377
116.56742323097463, -20.46489
116.83477970627503, -20.48443
117.10213618157543, -20.54302
117.36949265687583, -20.59185
117.63684913217622, -20.6895
117.90420560747663, -20.7188
118.17156208277703, -20.85552
118.43891855807743, -20.87505
118.70627503337784, -20.89458
118.97363150867824, -21.01177
119.24098798397863, -21.01177
119.50834445927903, -21.0313
119.77570093457943, -21.12896
120.04305740987984, -21.17778
120.31041388518024, -21.22661
120.57777036048063, -21.24614
120.84512683578103, -21.28521
121.11248331108143, -21.36333
121.37983978638184, -21.43169
121.64719626168224, -21.42193
121.91455273698264, -21.48052
122.18190921228303, -21.61724
122.44926568758343, -21.66607
122.71662216288384, -21.72466
122.98397863818424, -21.83208
123.25133511348464, -21.91021
123.51869158878505, -22.00786
123.78604806408543, -22.02739
124.05340453938584, -22.17876
124.32076101468624, -22.23247
124.58811748998664, -22.28618
124.85547396528705, -22.30083
125.12283044058745, -22.42778
125.39018691588784, -22.5645
125.65754339118824, -22.64751
125.92489986648864, -22.66216
126.19225634178905, -22.71099
126.45961281708945, -22.80864
126.72696929238985, -22.877
126.99432576769024, -22.94536
127.26168224299064, -22.94536
127.52903871829105, -23.0772
127.79639519359145, -23.17485
128.06375166889185, -23.30669
128.33110814419226, -23.43364
128.59846461949266, -23.5313
128.86582109479306, -23.63872
129.13317757009344, -23.66802
129.40053404539384, -23.72661
129.66789052069424, -23.79009
129.93524699599465, -23.82427
130.20260347129505, -23.8438
130.46995994659545, -23.83403
130.73731642189586, -23.92193
131.00467289719626, -24.03911
131.27202937249666, -24.11724
131.53938584779706, -24.16607
131.80674232309747, -24.26372
132.07409879839787, -24.36138
132.34145527369824, -24.38091
132.60881174899865, -24.41021
132.87616822429905, -24.39068
133.14352469959945, -24.49321
133.41088117489986, -24.52739
133.67823765020026, -24.60064
133.94559412550066, -24.67388
134.21295060080107, -24.68853
134.48030707610147, -24.76177
134.74766355140187, -24.80083
135.01502002670227, -24.83013
135.28237650200268, -24.86919
135.54973297730305, -24.89849
135.81708945260345, -24.9522
136.08444592790386, -24.98638
136.35180240320426, -24.98638
136.61915887850466, -25.04985
136.88651535380507, -25.16216
137.15387182910547, -25.21099
137.42122830440587, -25.27935
137.68858477970628, -25.31841
137.95594125500668, -25.51372
138.22329773030708, -25.54302
138.49065420560746, -25.5186
138.75801068090786, -25.65044
139.02536715620826, -25.72368
139.29272363150866, -25.80181
139.56008010680907, -25.92876
139.82743658210947, -25.91411
140.09479305740987, -25.93853
140.36214953271028, -25.99224
140.62950600801068, -26.0313
140.89686248331108, -26.002
141.16421895861149, -26.07036
141.4315754339119, -26.12896
141.69893190921226, -26.15825
141.96628838451267, -26.15825
142.23364485981307, -26.28032
142.50100133511347, -26.30474
142.76835781041387, -26.43657
143.03571428571428, -26.50982
143.30307076101468, -26.53911
143.57042723631508, -26.57329
143.8377837116155, -26.58794
144.1051401869159, -26.58794
144.3724966622163, -26.50005
144.6398531375167, -26.51958
144.90720961281707, -26.54888
145.17456608811747, -26.66607
145.44192256341788, -26.73931
145.70927903871828, -26.89068
145.97663551401868, -26.94927
146.24399198931908, -27.05669
146.5113484646195, -27.15435
146.7787049399199, -27.23247
147.0460614152203, -27.23247
147.3134178905207, -27.32525
147.5807743658211, -27.32036
147.84813084112147, -27.42778
148.11548731642188, -27.38872
148.38284379172228, -27.4815
148.65020026702268, -27.5645
148.9175567423231, -27.64263
149.1849132176235, -27.78911
149.4522696929239, -27.9063
149.7196261682243, -27.91118
149.9869826435247, -27.9063
150.2543391188251, -28.08208
150.5216955941255, -28.06743
150.7890520694259, -28.22368
151.05640854472628, -28.42388
151.32376502002668, -28.30669
151.5911214953271, -28.43853
151.8584779706275, -28.48247
152.1258344459279, -28.58013
152.3931909212283, -28.70708
152.6605473965287, -28.77544
152.9279038718291, -28.79497
153.1952603471295, -28.93169
153.4626168224299, -29.00982
153.7299732977303, -29.07818
153.99732977303069, -29.2979
154.2646862483311, -29.36626
154.5320427236315, -29.30767
154.7993991989319, -29.28814
155.0667556742323, -29.3565
155.3341121495327, -29.55669
155.6014686248331, -29.80083
155.8688251001335, -29.9522
156.1361815754339, -29.99126
156.4035380507343, -30.04985
156.67089452603471, -30.09868
156.93825100133512, -30.02056
157.2056074766355, -30.04497
157.4729639519359, -29.85454
157.7403204272363, -29.91802
158.0076769025367, -29.91314
158.2750333778371, -30.04009
158.5423898531375, -30.0645
158.8097463284379, -30.06939
159.0771028037383, -30.01568
159.34445927903872, -30.08403
159.61181575433912, -30.08403
159.87917222963952, -30.11333
160.14652870493993, -29.98638
160.4138851802403, -29.89849
160.6812416555407, -29.88872
160.9485981308411, -29.99614
161.2159546061415, -29.92778
161.4833110814419, -29.9229
161.75066755674231, -29.89849
162.01802403204272, -29.85454
162.28538050734312, -29.97173
162.55273698264352, -30.17193
162.82009345794393, -30.34771
163.08744993324433, -30.35747
163.3548064085447, -30.27935
163.6221628838451, -30.38677
163.8895193591455, -30.45513
164.1568758344459, -30.44536
164.42423230974632, -30.52349
164.69158878504672, -30.65044
164.95894526034712, -30.75298
165.22630173564752, -30.76275
165.49365821094793, -30.8604
165.76101468624833, -31.05083
166.02837116154873, -31.09478
166.29572763684914, -31.08989
166.5630841121495, -31.0606
166.8304405874499, -31.17778
167.09779706275032, -31.23638
167.36515353805072, -31.13384
167.63251001335112, -31.09966
167.89986648865153, -31.09966
168.16722296395193, -31.09966
168.43457943925233, -31.26568
168.70193591455273, -31.24126
168.96929238985314, -31.44146
169.23664886515354, -31.57818
169.50400534045394, -31.50005
169.77136181575432, -31.50982
170.03871829105472, -31.52935
170.30607476635512, -31.53423
170.57343124165553, -31.53911
170.84078771695593, -31.61724
171.10814419225633, -31.61235
171.37550066755674, -31.58306
171.64285714285714, -31.75884
171.91021361815754, -31.92485
172.17757009345794, -31.91021
172.44492656875835, -31.97857
172.71228304405872, -32.16411
172.97963951935913, -32.05181
173.24699599465953, -32.17388
173.51435246995993, -32.26177
173.78170894526033, -32.12505
174.04906542056074, -32.18364
174.31642189586114, -31.9688
174.58377837116154, -31.87603
174.85113484646195, -31.95903
175.11849132176235, -31.9395
175.38584779706275, -32.04693
175.65320427236315, -32.20806
175.92056074766353, -32.36919
176.18791722296393, -32.29595
176.45527369826434, -32.34478
176.72263017356474, -32.53521
176.98998664886514, -32.83794
177.25734312416554, -33.03814
177.52469959946595, -33.08696
177.79205607476635, -33.13579
178.05941255006675, -33.13091
178.32676902536716, -33.25298
178.59412550066756, -33.3897
178.86148197596796, -33.40435
179.12883845126834, -33.39458
179.39619492656874, -33.52642
179.66355140186914, -33.45806
179.93090787716955, -33.22368
180.19826435246995, -33.16021
180.46562082777035, -33.03814
180.73297730307075, -32.90142
181.00033377837116, -32.84771
181.26769025367156, -32.79888
181.53504672897196, -32.82818
181.80240320427237, -32.77446
182.06975967957274, -32.89165
182.33711615487314, -33.19927
182.60447263017355, -33.35552
182.87182910547395, -33.6729
183.13918558077435, -33.90728
183.40654205607476, -33.89263
183.67389853137516, -34.00493
183.94125500667556, -34.07329
184.20861148197596, -34.38091
184.47596795727637, -34.36138
184.74332443257677, -34.29302
185.01068090787717, -34.42974
185.27803738317755, -34.42974
185.54539385847795, -34.38579
185.81275033377835, -34.50298
186.08010680907876, -34.80083
186.34746328437916, -34.9815
186.61481975967956, -35.32329
186.88217623497997, -35.6895
187.14953271028037, -35.75786
187.41688918558077, -35.93364
187.68424566088117, -35.94341
187.95160213618158, -35.73833
188.21895861148198, -35.68462
188.48631508678235, -35.84575
188.75367156208276, -36.07525
189.02102803738316, -36.1436
189.28838451268356, -36.08501
189.55574098798397, -36.11919
189.82309746328437, -36.04107
190.09045393858477, -35.94829
190.35781041388518, -35.8311
190.62516688918558, -35.81157
190.89252336448598, -35.92876
191.15987983978638, -36.15825
191.42723631508676, -36.29497
191.69459279038716, -36.33403
191.96194926568757, -36.31939
192.22930574098797, -36.38286
192.49666221628837, -36.52935
192.76401869158877, -36.50982
193.03137516688918, -36.46587
193.29873164218958, -36.45122
193.56608811748998, -36.35357
193.83344459279039, -36.2315
194.1008010680908, -36.24126
194.3681575433912, -36.627
194.63551401869157, -36.65142
194.90287049399197, -36.76372
195.17022696929237, -36.80767
195.43758344459278, -36.83696
195.70493991989318, -37.13482
195.97229639519358, -37.29107
196.23965287049398, -37.30083
196.5070093457944, -37.2813
196.7743658210948, -37.64263
197.0417222963952, -37.877
197.3090787716956, -37.63775
197.57643524699597, -37.51568
197.84379172229637, -37.10552
198.11114819759678, -36.85161
198.37850467289718, -36.89556
198.64586114819758, -36.84185
198.91321762349799, -36.67095
199.1805740987984, -36.32427
199.4479305740988, -36.22661
199.7152870493992, -36.36821
199.9826435246996, -36.43657
200.25, -36.51958
