% Measurement ID: 654
% Mode ID: 1
% Date and time: 2019-04-18 12:04:18
% Sample ID: SP21-55
% Measurement type: ringdown
% Frequency [Hz]: 1603032.77
% Quality factor: 11803975.219777944
% Temperature [K]: 293.0
% Pressure [mBar]: 1.62e-06
% Notes: 
% 
%
% measurement data
% time [s], power [dBm]
0.006, -97.4610290527344
0.012, -97.544807434082
0.018, -97.611686706543
0.024, -97.6653366088867
0.03, -97.7057571411133
0.036, -97.7329559326172
0.042, -97.7505874633789
0.048, -97.758674621582
0.054, -97.7520599365234
0.06, -97.7395706176758
0.066, -97.72119140625
0.072, -97.6984100341797
0.078, -97.6704864501953
0.084, -97.6374130249023
0.09, -97.5999298095703
0.096, -97.5573043823242
0.102, -97.5095291137695
0.108, -97.4566192626953
0.114, -97.4000244140625
0.12, -97.3390274047852
0.126, -97.2743530273438
0.132, -97.2074737548828
0.138, -97.1398620605469
0.144, -97.0729827880859
0.15, -97.0068359375
0.156, -96.9458389282227
0.162, -96.8892440795898
0.168, -96.8385314941406
0.174, -96.7973785400391
0.18, -96.7635726928711
0.186, -96.7393188476563
0.192, -96.7246170043945
0.198, -96.7194747924805
0.204, -96.7194747924805
0.21, -96.7231521606445
0.216, -96.7341766357422
0.222, -96.7496109008789
0.228, -96.7687149047852
0.234, -96.7870864868164
0.24, -96.8032608032227
0.246, -96.8142852783203
0.252, -96.8039932250977
0.258, -96.7775344848633
0.264, -96.7349090576172
0.27, -96.6753768920898
0.276, -96.5974731445313
0.282, -96.5011978149414
0.288, -96.3902206420898
0.294, -96.2638168334961
0.3, -96.1249084472656
0.306, -95.9771881103516
0.312, -95.8221206665039
0.318, -95.6633682250977
0.324, -95.5031585693359
0.33, -95.3444061279297
0.336, -95.1915435791016
0.342, -95.043083190918
0.348, -94.903450012207
0.354, -94.7741012573242
0.36, -94.6565093994141
0.366, -94.5521469116211
0.372, -94.4610137939453
0.378, -94.3853149414063
0.384, -94.3257904052734
0.39, -94.2824249267578
0.396, -94.2559661865234
0.402, -94.2464141845703
0.408, -94.2464141845703
0.414, -94.2537612915039
0.42, -94.2765426635742
0.426, -94.3147659301758
0.432, -94.3684158325195
0.438, -94.4352951049805
0.444, -94.5139312744141
0.45, -94.6043243408203
0.456, -94.7020721435547
0.462, -94.8071670532227
0.468, -94.9166793823242
0.474, -95.0276489257813
0.48, -95.1378936767578
0.486, -95.2451934814453
0.492, -95.3480834960938
0.498, -95.4443588256836
0.504, -95.5310821533203
0.51, -95.6104583740234
0.516, -95.6810073852539
0.522, -95.7420120239258
0.528, -95.794189453125
0.534, -95.8382873535156
0.54, -95.8757705688477
0.546, -95.9081039428711
0.552, -95.936767578125
0.558, -95.9632263183594
0.564, -95.9896850585938
0.57, -96.0176086425781
0.576, -96.0484771728516
0.582, -96.0837554931641
0.588, -96.1234436035156
0.594, -96.1704788208008
0.6, -96.22265625
0.606, -96.2821884155273
0.612, -96.3483352661133
0.618, -96.4196243286133
0.624, -96.4953231811523
0.63, -96.5746917724609
0.636, -96.6562728881836
0.642, -96.7400512695313
0.648, -96.8223648071289
0.654, -96.9039459228516
0.66, -96.9825820922852
0.666, -97.0568084716797
0.672, -97.1273651123047
0.678, -97.1935119628906
0.684, -97.254508972168
0.69, -97.3103637695313
0.696, -97.3610763549805
0.702, -97.4059066772461
0.708, -97.4470596313477
0.714, -97.4838104248047
0.72, -97.5168838500977
0.726, -97.5470123291016
0.732, -97.5734710693359
0.738, -97.5955200195313
0.744, -97.6146240234375
0.75, -97.6285934448242
0.756, -97.6366729736328
0.762, -97.6344680786133
0.768, -97.6205062866211
0.774, -97.5962524414063
0.78, -97.5609741210938
0.786, -97.5146789550781
0.792, -97.4558792114258
0.798, -97.3838577270508
0.804, -97.2993392944336
0.81, -97.2023315429688
0.816, -97.0935592651367
0.822, -96.9752349853516
0.828, -96.8458862304688
0.834, -96.7077178955078
0.84, -96.5629348754883
0.846, -96.4130096435547
0.852, -96.259407043457
0.858, -96.1043319702148
0.864, -95.9499969482422
0.87, -95.7963943481445
0.876, -95.6464691162109
0.882, -95.5024185180664
0.888, -95.3642501831055
0.894, -95.2334365844727
0.9, -95.1107025146484
0.906, -94.9975204467773
0.912, -94.8931579589844
0.918, -94.7990875244141
0.924, -94.7145690917969
0.93, -94.6403427124023
0.936, -94.5764007568359
0.942, -94.5220184326172
0.948, -94.477180480957
0.954, -94.4419097900391
0.96, -94.4147109985352
0.966, -94.3948745727539
0.972, -94.3831100463867
0.978, -94.3779678344727
0.984, -94.3772354125977
0.99, -94.3772354125977
0.996, -94.3823776245117
1.002, -94.3904647827148
1.008, -94.401481628418
1.014, -94.4147109985352
1.02, -94.4279403686523
1.026, -94.4404373168945
1.032, -94.4507293701172
1.038, -94.4595489501953
1.044, -94.4646911621094
1.05, -94.4602813720703
1.056, -94.4507293701172
1.062, -94.4352951049805
1.068, -94.4139785766602
1.074, -94.3882598876953
1.08, -94.3573913574219
1.086, -94.3228454589844
1.092, -94.2831573486328
1.098, -94.2412719726563
1.104, -94.1979064941406
1.11, -94.15234375
1.116, -94.1075134277344
1.122, -94.0634155273438
1.128, -94.0207901000977
1.134, -93.9803695678711
1.14, -93.9436187744141
1.146, -93.9105453491211
1.152, -93.8818817138672
1.158, -93.8568954467773
1.164, -93.8377914428711
1.17, -93.8230895996094
1.176, -93.8127975463867
1.182, -93.8083953857422
1.188, -93.8083953857422
1.194, -93.8091278076172
1.2, -93.8135375976563
1.206, -93.8223571777344
1.212, -93.833381652832
1.218, -93.8480758666992
1.224, -93.8642501831055
1.23, -93.8811492919922
1.236, -93.8987884521484
1.242, -93.9164276123047
1.248, -93.9340667724609
1.254, -93.9502334594727
1.26, -93.9649353027344
1.266, -93.9781646728516
1.272, -93.9906539916992
1.278, -94.0024185180664
1.284, -94.0141754150391
1.29, -94.0259323120117
1.296, -94.0398941040039
1.302, -94.0560684204102
1.308, -94.0751724243164
1.314, -94.0994262695313
1.32, -94.1288223266602
1.326, -94.1655731201172
1.332, -94.2096633911133
1.338, -94.2633209228516
1.344, -94.3265228271484
1.35, -94.400016784668
1.356, -94.4845352172852
1.362, -94.580810546875
1.368, -94.6881103515625
1.374, -94.8057022094727
1.38, -94.9335784912109
1.386, -95.0702743530273
1.392, -95.2143249511719
1.398, -95.3635177612305
1.404, -95.5171203613281
1.41, -95.6729278564453
1.416, -95.826530456543
1.422, -95.974983215332
1.428, -96.117561340332
1.434, -96.2476425170898
1.44, -96.3659744262695
1.446, -96.468864440918
1.452, -96.5548477172852
1.458, -96.6239318847656
1.464, -96.6753768920898
1.47, -96.7091827392578
1.476, -96.7275619506836
1.482, -96.7216796875
1.488, -96.7018356323242
1.494, -96.6724395751953
1.5, -96.6378936767578
1.506, -96.5974731445313
1.512, -96.5548477172852
1.518, -96.5100173950195
1.524, -96.4644546508789
1.53, -96.4196243286133
1.536, -96.3755264282227
1.542, -96.331428527832
1.548, -96.2880706787109
1.554, -96.2454376220703
1.56, -96.2013473510742
1.566, -96.1572494506836
1.572, -96.1116790771484
1.578, -96.0639114379883
1.584, -96.0146713256836
1.59, -95.9632263183594
1.596, -95.9088363647461
1.602, -95.8529815673828
1.608, -95.7956619262695
1.614, -95.7376022338867
1.62, -95.6795425415039
1.626, -95.6214828491211
1.632, -95.5663604736328
1.638, -95.5127105712891
1.644, -95.4634704589844
1.65, -95.4179000854492
1.656, -95.3782196044922
1.662, -95.3444061279297
1.668, -95.3179550170898
1.674, -95.2981109619141
1.68, -95.2863464355469
1.686, -95.2826766967773
1.692, -95.2826766967773
1.698, -95.2863464355469
1.704, -95.2981109619141
1.71, -95.3157501220703
1.716, -95.3407363891602
1.722, -95.3701324462891
1.728, -95.404670715332
1.734, -95.4428939819336
1.74, -95.4840469360352
1.746, -95.5266723632813
1.752, -95.5692977905273
1.758, -95.6111907958984
1.764, -95.651611328125
1.77, -95.6876220703125
1.776, -95.7184906005859
1.782, -95.7434768676758
1.788, -95.759651184082
1.794, -95.7647933959961
1.8, -95.7508316040039
1.806, -95.7265777587891
1.812, -95.689826965332
1.818, -95.6420593261719
1.824, -95.5847320556641
1.83, -95.5171203613281
1.836, -95.4421539306641
1.842, -95.3613128662109
1.848, -95.2753219604492
1.854, -95.1871337890625
1.86, -95.0982055664063
1.866, -95.0107498168945
1.872, -94.9269638061523
1.878, -94.8468551635742
1.884, -94.7718963623047
1.89, -94.7035446166992
1.896, -94.6418075561523
1.902, -94.5874252319336
1.908, -94.5411224365234
1.914, -94.5029067993164
1.92, -94.472038269043
1.926, -94.4485244750977
1.932, -94.4308853149414
1.938, -94.4183883666992
1.944, -94.4110412597656
1.95, -94.4066314697266
1.956, -94.404426574707
1.962, -94.4022216796875
1.968, -94.400016784668
1.974, -94.3948745727539
1.98, -94.3860549926758
1.986, -94.3720855712891
1.992, -94.3507766723633
1.998, -94.3228454589844
2.004, -94.2861022949219
2.01, -94.2412719726563
2.016, -94.1876220703125
2.022, -94.1251525878906
2.028, -94.0545959472656
2.034, -93.976692199707
2.04, -93.8929061889648
2.046, -93.8032455444336
2.052, -93.7077026367188
2.058, -93.6084899902344
2.064, -93.5070648193359
2.07, -93.4034423828125
2.076, -93.3005523681641
2.082, -93.1976623535156
2.088, -93.0969696044922
2.094, -92.9999618530273
2.1, -92.905891418457
2.106, -92.8162307739258
2.112, -92.7317123413086
2.118, -92.6516036987305
2.124, -92.5773696899414
2.13, -92.5082855224609
2.136, -92.4443511962891
2.142, -92.3855514526367
2.148, -92.331901550293
2.154, -92.2819290161133
2.16, -92.2370986938477
2.166, -92.1952056884766
2.172, -92.1562576293945
2.178, -92.1195068359375
2.184, -92.084228515625
2.19, -92.050422668457
2.196, -92.0173492431641
2.202, -91.9850158691406
2.208, -91.9512100219727
2.214, -91.9166641235352
2.22, -91.8806533813477
2.226, -91.8439025878906
2.232, -91.8056869506836
2.238, -91.7660064697266
2.244, -91.7248458862305
2.25, -91.6829528808594
2.256, -91.6395950317383
2.262, -91.5954971313477
2.268, -91.549934387207
2.274, -91.5043640136719
2.28, -91.4588012695313
2.286, -91.4124984741211
2.292, -91.3654632568359
2.298, -91.3176879882813
2.304, -91.2691879272461
2.31, -91.2199478149414
2.316, -91.1714401245117
2.322, -91.122200012207
2.328, -91.0722198486328
2.334, -91.0222473144531
2.34, -90.9722747802734
2.346, -90.9215621948242
2.352, -90.87158203125
2.358, -90.8216094970703
2.364, -90.7723693847656
2.37, -90.7231292724609
2.376, -90.6753540039063
2.382, -90.6283187866211
2.388, -90.5834884643555
2.394, -90.5408630371094
2.4, -90.5004425048828
2.406, -90.4622268676758
2.412, -90.4254760742188
2.418, -90.3916702270508
2.424, -90.3593368530273
2.43, -90.3299407958984
2.436, -90.3027420043945
2.442, -90.2777557373047
2.448, -90.2549743652344
2.454, -90.2336578369141
2.46, -90.2145538330078
2.466, -90.1969146728516
2.472, -90.1807479858398
2.478, -90.1653137207031
2.484, -90.1513442993164
2.49, -90.1381149291992
2.496, -90.1263580322266
2.502, -90.1146011352539
2.508, -90.1043090820313
2.514, -90.0932846069336
2.52, -90.0830001831055
2.526, -90.0719757080078
2.532, -90.0602188110352
2.538, -90.048454284668
2.544, -90.0352249145508
2.55, -90.0205307006836
2.556, -90.0043640136719
2.562, -89.9874572753906
2.568, -89.9690856933594
2.574, -89.9492416381836
2.58, -89.9279251098633
2.586, -89.905143737793
2.592, -89.8801574707031
2.598, -89.8544311523438
2.604, -89.8272399902344
2.61, -89.7985763549805
2.616, -89.7684478759766
2.622, -89.7375793457031
2.628, -89.7059783935547
2.634, -89.6736373901367
2.64, -89.6405639648438
2.646, -89.6067581176758
2.652, -89.5729522705078
2.658, -89.5384140014648
2.664, -89.5038681030273
2.67, -89.4707946777344
2.676, -89.4384613037109
2.682, -89.4068603515625
2.688, -89.3767242431641
2.694, -89.3473281860352
2.7, -89.3193969726563
2.706, -89.2944107055664
2.712, -89.2708969116211
2.718, -89.2495803833008
2.724, -89.2312088012695
2.73, -89.2157745361328
2.736, -89.2025451660156
2.742, -89.1929931640625
2.748, -89.1856384277344
2.754, -89.1812286376953
2.76, -89.1797637939453
2.766, -89.1797637939453
2.772, -89.1812286376953
2.778, -89.1856384277344
2.784, -89.192253112793
2.79, -89.2010726928711
2.796, -89.2120971679688
2.802, -89.2238540649414
2.808, -89.2378234863281
2.814, -89.2525177001953
2.82, -89.267219543457
2.826, -89.2811813354492
2.832, -89.2951431274414
2.838, -89.3069076538086
2.844, -89.3171920776367
2.85, -89.3252792358398
2.856, -89.3304214477539
2.862, -89.3289566040039
2.868, -89.3216018676758
2.874, -89.3083724975586
2.88, -89.2892684936523
2.886, -89.263542175293
2.892, -89.2319412231445
2.898, -89.1929931640625
2.904, -89.1481628417969
2.91, -89.0967102050781
2.916, -89.0393905639648
2.922, -88.976921081543
2.928, -88.9093017578125
2.934, -88.838752746582
2.94, -88.763053894043
2.946, -88.6844177246094
2.952, -88.6043090820313
2.958, -88.5234603881836
2.964, -88.4426193237305
2.97, -88.3625106811523
2.976, -88.2846069335938
2.982, -88.2089080810547
2.988, -88.1361541748047
2.994, -88.0678024291992
3.0, -88.0031280517578
3.006, -87.9435958862305
3.012, -87.8899459838867
3.018, -87.840705871582
3.024, -87.7966079711914
3.03, -87.7583923339844
3.036, -87.7253189086914
3.042, -87.698127746582
3.048, -87.6768188476563
3.054, -87.6613845825195
3.06, -87.6518249511719
3.066, -87.6481552124023
3.072, -87.6481552124023
3.078, -87.6503601074219
3.084, -87.6577072143555
3.09, -87.6709365844727
3.096, -87.6893081665039
3.102, -87.7135620117188
3.108, -87.7436981201172
3.114, -87.7797088623047
3.12, -87.8208618164063
3.126, -87.8671646118164
3.132, -87.9186096191406
3.138, -87.9744644165039
3.144, -88.0347290039063
3.15, -88.0994033813477
3.156, -88.1677551269531
3.162, -88.2390441894531
3.168, -88.3132705688477
3.174, -88.3904418945313
3.18, -88.4683456420898
3.186, -88.5469818115234
3.192, -88.6270904541016
3.198, -88.7079315185547
3.204, -88.7880401611328
3.21, -88.8666763305664
3.216, -88.94384765625
3.222, -89.0202789306641
3.228, -89.0945053100586
3.234, -89.1679992675781
3.24, -89.2400283813477
3.246, -89.3120498657227
3.252, -89.3840713500977
3.258, -89.4561004638672
3.264, -89.5295944213867
3.27, -89.6060256958008
3.276, -89.6846618652344
3.282, -89.7684478759766
3.288, -89.8559036254883
3.294, -89.9492416381836
3.3, -90.0499267578125
3.306, -90.1609039306641
3.312, -90.2843704223633
3.318, -90.4218063354492
3.324, -90.5805511474609
3.33, -90.7628173828125
3.336, -90.9480209350586
3.342, -91.1163177490234
3.348, -91.1148529052734
3.354, -90.7304763793945
3.36, -90.0366973876953
3.366, -89.0026397705078
3.372, -87.6540298461914
3.378, -86.1114044189453
3.384, -84.3865051269531
3.39, -82.559455871582
3.396, -80.6743392944336
3.402, -78.7495422363281
3.408, -76.8342971801758
3.414, -74.9344863891602
3.42, -73.0927352905273
3.426, -71.2847900390625
3.432, -69.53564453125
3.438, -67.8548431396484
3.444, -66.2453308105469
3.45, -64.7122573852539
3.456, -63.2578163146973
3.462, -61.8812789916992
3.468, -60.5848503112793
3.474, -59.366325378418
3.48, -58.2264404296875
3.486, -57.1615180969238
3.492, -56.1722946166992
3.498, -55.2550926208496
3.504, -54.4172630310059
3.51, -53.6374969482422
3.516, -52.9238739013672
3.522, -52.2719841003418
3.528, -51.680362701416
3.534, -51.1453285217285
3.54, -50.6617393493652
3.546, -50.2288627624512
3.552, -49.8430213928223
3.558, -49.4998054504395
3.564, -49.1984786987305
3.57, -48.931697845459
3.576, -48.6994590759277
3.582, -48.4988212585449
3.588, -48.323169708252
3.594, -48.1725082397461
3.6, -48.0431594848633
3.606, -47.932918548584
3.612, -47.8403167724609
3.618, -47.7616806030273
3.624, -47.6970062255859
3.63, -47.6433563232422
3.636, -47.6007270812988
3.642, -47.5661849975586
3.648, -47.5389938354492
3.654, -47.5184173583984
3.66, -47.5029830932617
3.666, -47.4934272766113
3.672, -47.4868125915527
3.678, -47.4846076965332
3.684, -47.4838752746582
3.69, -47.4846076965332
3.696, -47.4868125915527
3.702, -47.4904861450195
3.708, -47.4948959350586
3.714, -47.5007781982422
3.72, -47.5059204101563
3.726, -47.5110664367676
3.732, -47.5154762268066
3.738, -47.5184173583984
3.744, -47.5206184387207
3.75, -47.5198860168457
3.756, -47.5184173583984
3.762, -47.5154762268066
3.768, -47.5110664367676
3.774, -47.5066566467285
3.78, -47.5022468566895
3.786, -47.4978370666504
3.792, -47.4934272766113
3.798, -47.4890174865723
3.804, -47.4860763549805
3.81, -47.4846076965332
3.816, -47.4846076965332
3.822, -47.4846076965332
3.828, -47.487548828125
3.834, -47.4919586181641
3.84, -47.4993057250977
3.846, -47.5095977783203
3.852, -47.5220909118652
3.858, -47.537525177002
3.864, -47.5558967590332
3.87, -47.5772094726563
3.876, -47.6014633178711
3.882, -47.6286544799805
3.888, -47.6580543518066
3.894, -47.6889190673828
3.9, -47.7212562561035
3.906, -47.7550659179688
3.912, -47.7881355285645
3.918, -47.8212089538574
3.924, -47.8528099060059
3.93, -47.882942199707
3.936, -47.9101371765137
3.942, -47.9336547851563
3.948, -47.953498840332
3.954, -47.9689331054688
3.96, -47.9784851074219
3.966, -47.9814262390137
3.972, -47.9740753173828
3.978, -47.9608459472656
3.984, -47.9417381286621
3.99, -47.9182205200195
3.996, -47.8902931213379
4.002, -47.8579559326172
4.008, -47.8226776123047
4.014, -47.7859306335449
4.02, -47.7484512329102
4.026, -47.7102355957031
4.032, -47.6734886169434
4.038, -47.6374740600586
4.044, -47.6036682128906
4.05, -47.5720672607422
4.056, -47.5441398620605
4.062, -47.5184173583984
4.068, -47.4971008300781
4.074, -47.4787292480469
4.08, -47.4632949829102
4.086, -47.4508018493652
4.092, -47.4405136108398
4.098, -47.4324264526367
4.104, -47.4258117675781
4.11, -47.4199333190918
4.116, -47.4140548706055
4.122, -47.4089088439941
4.128, -47.4037666320801
4.134, -47.3978843688965
4.14, -47.3912696838379
4.146, -47.3839225769043
4.152, -47.3765716552734
4.158, -47.3677520751953
4.164, -47.3596687316895
4.17, -47.3508491516113
4.176, -47.3420295715332
4.182, -47.3346824645996
4.188, -47.328067779541
4.194, -47.3229217529297
4.2, -47.3192481994629
4.206, -47.3185119628906
4.212, -47.3185119628906
4.218, -47.3207168579102
4.224, -47.3251266479492
4.23, -47.3332099914551
4.236, -47.3442344665527
4.242, -47.3582000732422
4.248, -47.3765716552734
4.254, -47.3978843688965
4.26, -47.4228744506836
4.266, -47.4515380859375
4.272, -47.4831390380859
4.278, -47.5176811218262
4.284, -47.5544281005859
4.29, -47.5933799743652
4.296, -47.6345367431641
4.302, -47.6756935119629
4.308, -47.718318939209
4.314, -47.7594757080078
4.32, -47.7998962402344
4.326, -47.8388481140137
4.332, -47.8755950927734
4.338, -47.9094009399414
4.344, -47.9402694702148
4.35, -47.9674606323242
4.356, -47.9909782409668
4.362, -48.0100898742676
4.368, -48.025520324707
4.374, -48.0358123779297
4.38, -48.0424270629883
4.386, -48.041690826416
4.392, -48.0358123779297
4.398, -48.0262565612793
4.404, -48.0130271911621
4.41, -47.9968605041504
4.416, -47.9777488708496
4.422, -47.9557037353516
4.428, -47.9314498901367
4.434, -47.9049911499023
4.44, -47.8763313293457
4.446, -47.8469314575195
4.452, -47.8153305053711
4.458, -47.7837257385254
4.464, -47.7506561279297
4.47, -47.718318939209
4.476, -47.6874504089355
4.482, -47.6573181152344
4.488, -47.6293907165527
4.494, -47.6036682128906
4.5, -47.5808868408203
4.506, -47.5610427856445
4.512, -47.5456085205078
4.518, -47.5345840454102
4.524, -47.5279693603516
4.53, -47.525764465332
4.536, -47.525764465332
4.542, -47.5294380187988
4.548, -47.5367889404297
4.554, -47.5485496520996
4.56, -47.5639801025391
4.566, -47.5838241577148
4.572, -47.6066093444824
4.578, -47.6330642700195
4.584, -47.6609916687012
4.59, -47.6903915405273
4.596, -47.7212562561035
4.602, -47.7535934448242
4.608, -47.7859306335449
4.614, -47.8190040588379
4.62, -47.8513412475586
4.626, -47.8836784362793
4.632, -47.916015625
4.638, -47.9483528137207
4.644, -47.9784851074219
4.65, -48.008617401123
4.656, -48.0380172729492
4.662, -48.0666770935059
4.668, -48.0938720703125
4.674, -48.1195945739746
4.68, -48.1431121826172
4.686, -48.1651611328125
4.692, -48.185001373291
4.698, -48.2026405334473
4.704, -48.2166061401367
4.71, -48.2283630371094
4.716, -48.2364501953125
4.722, -48.2415924072266
4.728, -48.2430610656738
4.734, -48.239387512207
4.74, -48.2335090637207
4.746, -48.2254257202148
4.752, -48.2144012451172
4.758, -48.2026405334473
4.764, -48.1886787414551
4.77, -48.1754493713379
4.776, -48.1614837646484
4.782, -48.1482543945313
4.788, -48.1357612609863
4.794, -48.1247367858887
4.8, -48.1166534423828
4.806, -48.1122436523438
4.812, -48.1115074157715
4.818, -48.1115074157715
4.824, -48.1166534423828
4.83, -48.1284141540527
4.836, -48.1482543945313
4.842, -48.1776542663574
4.848, -48.2195434570313
4.854, -48.2739295959473
4.86, -48.3459548950195
4.866, -48.436351776123
4.872, -48.5487976074219
4.878, -48.6862297058105
4.884, -48.8501205444336
4.89, -49.0441436767578
4.896, -49.2741775512695
4.902, -49.5424308776855
4.908, -49.8533096313477
4.914, -50.2075500488281
4.92, -50.6124992370605
4.926, -51.0696296691895
4.932, -51.5826148986816
4.938, -52.1566009521484
4.944, -52.7937889099121
4.95, -53.4993286132813
4.956, -54.2754211425781
4.962, -55.1220703125
4.968, -56.0319213867188
4.974, -57.0196762084961
4.98, -58.0610809326172
4.986, -59.1531944274902
4.992, -60.2504539489746
4.998, -61.3205223083496
5.004, -62.3428192138672
5.01, -63.2445869445801
5.016, -64.0206832885742
5.022, -64.6637496948242
5.028, -65.1730575561523
5.034, -65.5588989257813
5.04, -65.8565521240234
5.046, -66.0682144165039
5.052, -66.2232818603516
5.058, -66.3371963500977
5.064, -66.4151000976563
5.07, -66.4738998413086
5.076, -66.5143203735352
5.082, -66.5459213256836
5.088, -66.5709075927734
5.094, -66.5914840698242
5.1, -66.610595703125
5.106, -66.6282348632813
5.112, -66.6451416015625
5.118, -66.6620407104492
5.124, -66.6782073974609
5.13, -66.6951141357422
5.136, -66.7120208740234
5.142, -66.7296524047852
5.148, -66.7480316162109
5.154, -66.7671356201172
5.16, -66.786247253418
5.166, -66.8053512573242
5.172, -66.8259353637695
5.178, -66.8457794189453
5.184, -66.8670883178711
5.19, -66.8876647949219
5.196, -66.9089813232422
5.202, -66.930290222168
5.208, -66.9516067504883
5.214, -66.9729232788086
5.22, -66.9942321777344
5.226, -67.0148086547852
5.232, -67.0353927612305
5.238, -67.0552291870117
5.244, -67.0750732421875
5.25, -67.0941848754883
5.256, -67.1132965087891
5.262, -67.1324005126953
5.268, -67.1507720947266
5.274, -67.1684112548828
5.28, -67.1875228881836
5.286, -67.2058944702148
5.292, -67.2235336303711
5.298, -67.2419052124023
5.304, -67.2610168457031
5.31, -67.2808609008789
5.316, -67.3007049560547
5.322, -67.3212814331055
5.328, -67.3418579101563
5.334, -67.3639068603516
5.34, -67.3859558105469
5.346, -67.4087371826172
5.352, -67.432258605957
5.358, -67.4565048217773
5.364, -67.4807586669922
5.37, -67.505012512207
5.376, -67.5299987792969
5.382, -67.5549926757813
5.388, -67.5807113647461
5.394, -67.6071701049805
5.4, -67.6336288452148
5.406, -67.6600875854492
5.412, -67.6865463256836
5.418, -67.713737487793
5.424, -67.7401962280273
5.43, -67.7673873901367
5.436, -67.7945785522461
5.442, -67.8217697143555
5.448, -67.8489608764648
5.454, -67.8768920898438
5.46, -67.9040832519531
5.466, -67.932014465332
5.472, -67.9606781005859
5.478, -67.9886016845703
5.484, -68.0172653198242
5.49, -68.0466613769531
5.496, -68.076057434082
5.502, -68.1054534912109
5.508, -68.1355895996094
5.514, -68.1657180786133
5.52, -68.1958541870117
5.526, -68.2259902954102
5.532, -68.2561187744141
5.538, -68.2862548828125
5.544, -68.3163833618164
5.55, -68.3465194702148
5.556, -68.3773803710938
5.562, -68.4082489013672
5.568, -68.4398498535156
5.574, -68.4714584350586
5.58, -68.5023193359375
5.586, -68.5346603393555
5.592, -68.5662612915039
5.598, -68.5986022949219
5.604, -68.6309356689453
5.61, -68.6632766723633
5.616, -68.6963424682617
5.622, -68.7286834716797
5.628, -68.7617568969727
5.634, -68.7955627441406
5.64, -68.8286361694336
5.646, -68.8617095947266
5.652, -68.894775390625
5.658, -68.927848815918
5.664, -68.9601898193359
5.67, -68.9925231933594
5.676, -69.0241241455078
5.682, -69.0549926757813
5.688, -69.0851287841797
5.694, -69.1137924194336
5.7, -69.1424560546875
5.706, -69.1696472167969
5.712, -69.1968383789063
5.718, -69.2232971191406
5.724, -69.2482833862305
5.73, -69.2725372314453
5.736, -69.2960510253906
5.742, -69.3188400268555
5.748, -69.3416213989258
5.754, -69.3636703491211
5.76, -69.3857192993164
5.766, -69.4070281982422
5.772, -69.4290771484375
5.778, -69.4503936767578
5.784, -69.4709701538086
5.79, -69.4922790527344
5.796, -69.5135955810547
5.802, -69.534912109375
5.808, -69.5562210083008
5.814, -69.5775375366211
5.82, -69.5988464355469
5.826, -69.6201629638672
5.832, -69.641471862793
5.838, -69.6627883911133
5.844, -69.6840972900391
5.85, -69.7061462402344
5.856, -69.7274627685547
5.862, -69.7487716674805
5.868, -69.7700881958008
5.874, -69.7914047241211
5.88, -69.8134460449219
5.886, -69.8347625732422
5.892, -69.8560791015625
5.898, -69.8773880004883
5.904, -69.8979644775391
5.91, -69.9192810058594
5.916, -69.9413299560547
5.922, -69.9626388549805
5.928, -69.9846878051758
5.934, -70.0060043334961
5.94, -70.0273132324219
5.946, -70.0493621826172
5.952, -70.0714111328125
5.958, -70.0934600830078
5.964, -70.1155090332031
5.97, -70.1368179321289
5.976, -70.1581344604492
5.982, -70.1801834106445
5.988, -70.2014923095703
5.994, -70.2235412597656
6.0, -70.2448577880859
6.006, -70.2661666870117
6.012, -70.287483215332
6.018, -70.3087997436523
6.024, -70.3301086425781
6.03, -70.3521575927734
6.036, -70.3742065429688
6.042, -70.3962554931641
6.048, -70.4190368652344
6.054, -70.4418182373047
6.06, -70.4653396606445
6.066, -70.4888534545898
6.072, -70.5138473510742
6.078, -70.5395660400391
6.084, -70.5652923583984
6.09, -70.5917434692383
6.096, -70.6189422607422
6.102, -70.6461334228516
6.108, -70.6733245849609
6.114, -70.7012557983398
6.12, -70.7291793823242
6.126, -70.7571105957031
6.132, -70.785774230957
6.138, -70.8136978149414
6.144, -70.8408889770508
6.15, -70.8680801391602
6.156, -70.8952789306641
6.162, -70.9217300415039
6.168, -70.9481887817383
6.174, -70.9731826782227
6.18, -70.9981689453125
6.186, -71.0224227905273
6.192, -71.0459365844727
6.198, -71.068717956543
6.204, -71.0907669067383
6.21, -71.1135559082031
6.216, -71.1348648071289
6.222, -71.1561813354492
6.228, -71.177490234375
6.234, -71.1988067626953
6.24, -71.2201156616211
6.246, -71.2414321899414
6.252, -71.2627410888672
6.258, -71.2840576171875
6.264, -71.3053741455078
6.27, -71.3259506225586
6.276, -71.3479995727539
6.282, -71.3693084716797
6.288, -71.390625
6.294, -71.4126739501953
6.3, -71.4347229003906
6.306, -71.4567642211914
6.312, -71.4788131713867
6.318, -71.500862121582
6.324, -71.5229110717773
6.33, -71.5456924438477
6.336, -71.5692138671875
6.342, -71.5919952392578
6.348, -71.6155166625977
6.354, -71.639030456543
6.36, -71.6632843017578
6.366, -71.6890106201172
6.372, -71.714729309082
6.378, -71.7411880493164
6.384, -71.7683792114258
6.39, -71.7970428466797
6.396, -71.8257064819336
6.402, -71.8543701171875
6.408, -71.8837661743164
6.414, -71.9138946533203
6.42, -71.9432983398438
6.426, -71.9726943969727
6.432, -72.0013580322266
6.438, -72.0300216674805
6.444, -72.0579452514648
6.45, -72.0858764648438
6.456, -72.1130676269531
6.462, -72.138786315918
6.468, -72.1630401611328
6.474, -72.1872940063477
6.48, -72.209342956543
6.486, -72.2313919067383
6.492, -72.2512359619141
6.498, -72.2703399658203
6.504, -72.2879791259766
6.51, -72.3041458129883
6.516, -72.319580078125
6.522, -72.3342819213867
6.528, -72.3482437133789
6.534, -72.3629455566406
6.54, -72.3769073486328
6.546, -72.390869140625
6.552, -72.4048385620117
6.558, -72.4195327758789
6.564, -72.4342346191406
6.57, -72.4496688842773
6.576, -72.4651031494141
6.582, -72.4820022583008
6.588, -72.498908996582
6.594, -72.5172805786133
6.6, -72.5363922119141
6.606, -72.5562362670898
6.612, -72.5768127441406
6.618, -72.5973892211914
6.624, -72.6187057495117
6.63, -72.6400146484375
6.636, -72.6613311767578
6.642, -72.6826400756836
6.648, -72.7039566040039
6.654, -72.7245330810547
6.66, -72.7451095581055
6.666, -72.7649536132813
6.672, -72.784065246582
6.678, -72.8031692504883
6.684, -72.8222808837891
6.69, -72.8406524658203
6.696, -72.8582916259766
6.702, -72.8759307861328
6.708, -72.8935699462891
6.714, -72.9112091064453
6.72, -72.9288482666016
6.726, -72.9464874267578
6.732, -72.9648590087891
6.738, -72.9832305908203
6.744, -73.0023422241211
6.75, -73.0221786499023
6.756, -73.0427627563477
6.762, -73.0640716552734
6.768, -73.0868530273438
6.774, -73.1096420288086
6.78, -73.1331558227539
6.786, -73.1574096679688
6.792, -73.1816635131836
6.798, -73.2066497802734
6.804, -73.2323760986328
6.81, -73.2580947875977
6.816, -73.283821105957
6.822, -73.3102798461914
6.828, -73.3367385864258
6.834, -73.3624572753906
6.84, -73.388916015625
6.846, -73.4146347045898
6.852, -73.4396286010742
6.858, -73.4646148681641
6.864, -73.4888687133789
6.87, -73.5123825073242
6.876, -73.5359039306641
6.882, -73.5594177246094
6.888, -73.5814666748047
6.894, -73.603515625
6.9, -73.6248321533203
6.906, -73.6454086303711
6.912, -73.6659851074219
6.918, -73.6858291625977
6.924, -73.7064056396484
6.93, -73.7262496948242
6.936, -73.74609375
6.942, -73.7652053833008
6.948, -73.784309387207
6.954, -73.8041534423828
6.96, -73.8239974975586
6.966, -73.8445739746094
6.972, -73.8651580810547
6.978, -73.8864669799805
6.984, -73.9085159301758
6.99, -73.9305648803711
6.996, -73.9533462524414
7.002, -73.9768676757813
7.008, -74.0003814697266
7.014, -74.0246353149414
7.02, -74.0488891601563
7.026, -74.0731430053711
7.032, -74.0966567993164
7.038, -74.1209106445313
7.044, -74.1444320678711
7.05, -74.1672134399414
7.056, -74.1892623901367
7.062, -74.211311340332
7.068, -74.2318878173828
7.074, -74.2509994506836
7.08, -74.2693710327148
7.086, -74.2870101928711
7.092, -74.3046493530273
7.098, -74.3208160400391
7.104, -74.3362503051758
7.11, -74.3516845703125
7.116, -74.3663787841797
7.122, -74.3803482055664
7.128, -74.3950424194336
7.134, -74.4097442626953
7.14, -74.425178527832
7.146, -74.4420776367188
7.152, -74.458984375
7.158, -74.4773559570313
7.164, -74.4957275390625
7.17, -74.5155715942383
7.176, -74.5361480712891
7.182, -74.5574645996094
7.188, -74.5795135498047
7.194, -74.602294921875
7.2, -74.6250762939453
7.206, -74.6478652954102
7.212, -74.6699066162109
7.218, -74.6919555664063
7.224, -74.7125396728516
7.23, -74.7323760986328
7.236, -74.7507553100586
7.242, -74.7669219970703
7.248, -74.781623840332
7.254, -74.7941131591797
7.26, -74.8058700561523
7.266, -74.816162109375
7.272, -74.8249816894531
7.278, -74.8323287963867
7.284, -74.8382110595703
7.29, -74.8440933227539
7.296, -74.849967956543
7.302, -74.855110168457
7.308, -74.8609924316406
7.314, -74.8676071166992
7.32, -74.8749542236328
7.326, -74.8830413818359
7.332, -74.8925933837891
7.338, -74.9043579101563
7.344, -74.9183197021484
7.35, -74.9344863891602
7.356, -74.9528579711914
7.362, -74.9727020263672
7.368, -74.9947509765625
7.374, -75.0182723999023
7.38, -75.0439910888672
7.386, -75.0719223022461
7.392, -75.1005859375
7.398, -75.1299819946289
7.404, -75.1593780517578
7.41, -75.1895065307617
7.416, -75.2203750610352
7.422, -75.2512435913086
7.428, -75.282112121582
7.434, -75.3122482299805
7.44, -75.3416442871094
7.446, -75.3695678710938
7.452, -75.3974990844727
7.458, -75.424690246582
7.464, -75.4504089355469
7.47, -75.4761352539063
7.476, -75.5011215209961
7.482, -75.5253753662109
7.488, -75.5488967895508
7.494, -75.5731506347656
7.5, -75.5966644287109
7.506, -75.6201858520508
7.512, -75.6444320678711
7.518, -75.6694259643555
7.524, -75.6951446533203
7.53, -75.7216033935547
7.536, -75.7480621337891
7.542, -75.7752532958984
7.548, -75.8039169311523
7.554, -75.8325805664063
7.56, -75.8627090454102
7.566, -75.8928451538086
7.572, -75.923713684082
7.578, -75.9545822143555
7.584, -75.9854431152344
7.59, -76.0170516967773
7.596, -76.0479125976563
7.602, -76.0787811279297
7.608, -76.1089172363281
7.614, -76.138313293457
7.62, -76.1677093505859
7.626, -76.1956405639648
7.632, -76.2220993041992
7.638, -76.2478179931641
7.644, -76.2720718383789
7.65, -76.2955932617188
7.656, -76.3183746337891
7.662, -76.3389511108398
7.668, -76.3595275878906
7.674, -76.3793716430664
7.68, -76.3977432250977
7.686, -76.4153823852539
7.692, -76.4322891235352
7.698, -76.4477233886719
7.704, -76.4638900756836
7.71, -76.4793243408203
7.716, -76.4940185546875
7.722, -76.5094528198242
7.728, -76.5241546630859
7.734, -76.5388565063477
7.74, -76.5542907714844
7.746, -76.5697174072266
7.752, -76.5866241455078
7.758, -76.6035308837891
7.764, -76.6219024658203
7.77, -76.6402740478516
7.776, -76.6593856811523
7.782, -76.6784896850586
7.788, -76.6990661621094
7.794, -76.7196502685547
7.8, -76.7409591674805
7.806, -76.7630081176758
7.812, -76.7843246459961
7.818, -76.8056335449219
7.824, -76.8269500732422
7.83, -76.848258972168
7.836, -76.8681030273438
7.842, -76.8879470825195
7.848, -76.9077911376953
7.854, -76.9261627197266
7.86, -76.9438018798828
7.866, -76.9607086181641
7.872, -76.9768753051758
7.878, -76.9923095703125
7.884, -77.0077438354492
7.89, -77.0231781005859
7.896, -77.0386123657227
7.902, -77.0540466308594
7.908, -77.0694808959961
7.914, -77.0863800048828
7.92, -77.1040191650391
7.926, -77.1223907470703
7.932, -77.1422348022461
7.938, -77.1628112792969
7.944, -77.1856002807617
7.95, -77.209114074707
7.956, -77.2348403930664
7.962, -77.2620315551758
7.968, -77.2899551391602
7.974, -77.3193588256836
7.98, -77.3494873046875
7.986, -77.3810882568359
7.992, -77.4126892089844
7.998, -77.4457626342773
8.004, -77.4788360595703
8.01, -77.5126419067383
8.016, -77.5471878051758
8.022, -77.5809936523438
8.028, -77.6155319213867
8.034, -77.6508102416992
8.04, -77.6853561401367
8.046, -77.7198944091797
8.052, -77.7544403076172
8.058, -77.7882461547852
8.064, -77.8227844238281
8.07, -77.8565979003906
8.076, -77.8904037475586
8.082, -77.9234771728516
8.088, -77.9572830200195
8.094, -77.9903564453125
8.1, -78.0234222412109
8.106, -78.0564956665039
8.112, -78.0888366699219
8.118, -78.1211700439453
8.124, -78.1527709960938
8.13, -78.1843795776367
8.136, -78.2152404785156
8.142, -78.2453765869141
8.148, -78.2762451171875
8.154, -78.3071136474609
8.16, -78.3379745483398
8.166, -78.3688430786133
8.172, -78.4004440307617
8.178, -78.4313125610352
8.184, -78.4629135131836
8.19, -78.4952545166016
8.196, -78.5283279418945
8.202, -78.5614013671875
8.208, -78.5966720581055
8.214, -78.6326904296875
8.22, -78.668701171875
8.226, -78.706916809082
8.232, -78.7451324462891
8.238, -78.7855529785156
8.244, -78.8259735107422
8.25, -78.8678665161133
8.256, -78.9104919433594
8.262, -78.953857421875
8.268, -78.9979476928711
8.274, -79.0427856445313
8.28, -79.0883483886719
8.286, -79.1339111328125
8.292, -79.1794815063477
8.298, -79.2243118286133
8.304, -79.2684097290039
8.31, -79.3125076293945
8.316, -79.3558654785156
8.322, -79.3977584838867
8.328, -79.4381790161133
8.334, -79.4778671264648
8.34, -79.5146102905273
8.346, -79.5506210327148
8.352, -79.5844268798828
8.358, -79.6160354614258
8.364, -79.6461639404297
8.37, -79.6748275756836
8.376, -79.700553894043
8.382, -79.7240676879883
8.388, -79.7461166381836
8.394, -79.7659606933594
8.4, -79.7843322753906
8.406, -79.8012390136719
8.412, -79.8166732788086
8.418, -79.8306350708008
8.424, -79.8431243896484
8.43, -79.8556213378906
8.436, -79.8666458129883
8.442, -79.8776702880859
8.448, -79.8886947631836
8.454, -79.8997192382813
8.46, -79.9107437133789
8.466, -79.9225006103516
8.472, -79.9342575073242
8.478, -79.9460220336914
8.484, -79.9592514038086
8.49, -79.9724731445313
8.496, -79.986442565918
8.502, -80.0004043579102
8.508, -80.0151062011719
8.514, -80.0298004150391
8.52, -80.0445022583008
8.526, -80.059196472168
8.532, -80.0731658935547
8.538, -80.0863952636719
8.544, -80.0988845825195
8.55, -80.1106414794922
8.556, -80.1216659545898
8.562, -80.1312255859375
8.568, -80.1400451660156
8.574, -80.1466598510742
8.58, -80.1532745361328
8.586, -80.1576843261719
8.592, -80.1620941162109
8.598, -80.1650314331055
8.604, -80.16650390625
8.61, -80.167236328125
8.616, -80.16650390625
8.622, -80.1650314331055
8.628, -80.1642990112305
8.634, -80.1628265380859
8.64, -80.1613540649414
8.646, -80.1598892211914
8.652, -80.1591491699219
8.658, -80.1576843261719
8.664, -80.1569442749023
8.67, -80.1569442749023
8.676, -80.1569442749023
8.682, -80.1569442749023
8.688, -80.1576843261719
8.694, -80.1598892211914
8.7, -80.1620941162109
8.706, -80.1650314331055
8.712, -80.168701171875
8.718, -80.1731109619141
8.724, -80.1782608032227
8.73, -80.1834030151367
8.736, -80.1900177001953
8.742, -80.1973648071289
8.748, -80.204719543457
8.754, -80.2135391235352
8.76, -80.2223587036133
8.766, -80.2319107055664
8.772, -80.2429351806641
8.778, -80.2546920776367
8.784, -80.2671890258789
8.79, -80.2804183959961
8.796, -80.2951126098633
8.802, -80.311279296875
8.808, -80.3296585083008
8.814, -80.348762512207
8.82, -80.3693389892578
8.826, -80.3921279907227
8.832, -80.415641784668
8.838, -80.4413681030273
8.844, -80.4685592651367
8.85, -80.4972229003906
8.856, -80.5266189575195
8.862, -80.557487487793
8.868, -80.5883560180664
8.874, -80.6192245483398
8.88, -80.6508255004883
8.886, -80.6816940307617
8.892, -80.7118225097656
8.898, -80.7404861450195
8.904, -80.7669448852539
8.91, -80.7919311523438
8.916, -80.8147125244141
8.922, -80.8345565795898
8.928, -80.8514633178711
8.934, -80.8654251098633
8.94, -80.8757171630859
8.946, -80.8823318481445
8.952, -80.8845367431641
8.958, -80.880126953125
8.964, -80.8727722167969
8.97, -80.8624877929688
8.976, -80.8492584228516
8.982, -80.8345565795898
8.988, -80.8169174194336
8.994, -80.7992782592773
9.0, -80.7801742553711
9.006, -80.7610626220703
9.012, -80.7419586181641
9.018, -80.7235794067383
9.024, -80.7074127197266
9.03, -80.6919784545898
9.036, -80.6794891357422
9.042, -80.6691970825195
9.048, -80.6611099243164
9.054, -80.6552352905273
9.06, -80.6530303955078
9.066, -80.6530303955078
9.072, -80.6537628173828
9.078, -80.6574401855469
9.084, -80.6647872924805
9.09, -80.6743392944336
9.096, -80.6868362426758
9.102, -80.7022705078125
9.108, -80.7199096679688
9.114, -80.7404861450195
9.12, -80.7632675170898
9.126, -80.7882537841797
9.132, -80.8147125244141
9.138, -80.843376159668
9.144, -80.8742446899414
9.15, -80.9058456420898
9.156, -80.9396514892578
9.162, -80.9741973876953
9.168, -81.0102081298828
9.174, -81.0462188720703
9.18, -81.0822296142578
9.186, -81.1189804077148
9.192, -81.1542510986328
9.198, -81.1895294189453
9.204, -81.2233352661133
9.21, -81.2564086914063
9.216, -81.2880096435547
9.222, -81.3166732788086
9.228, -81.343132019043
9.234, -81.3666534423828
9.24, -81.3872299194336
9.246, -81.4041366577148
9.252, -81.418830871582
9.258, -81.4305877685547
9.264, -81.4386749267578
9.27, -81.4445571899414
9.276, -81.4474945068359
9.282, -81.4474945068359
9.288, -81.4445571899414
9.294, -81.4408798217773
9.3, -81.4357376098633
9.306, -81.4305877685547
9.312, -81.4254455566406
9.318, -81.4210357666016
9.324, -81.4173583984375
9.33, -81.414421081543
9.336, -81.4129486083984
9.342, -81.4129486083984
9.348, -81.4129486083984
9.354, -81.414421081543
9.36, -81.4173583984375
9.366, -81.4225082397461
9.372, -81.4291229248047
9.378, -81.4379425048828
9.384, -81.4482269287109
9.39, -81.4599914550781
9.396, -81.4732208251953
9.402, -81.4879150390625
9.408, -81.5040817260742
9.414, -81.5209884643555
9.42, -81.5393600463867
9.426, -81.557731628418
9.432, -81.5768432617188
9.438, -81.5959548950195
9.444, -81.6165313720703
9.45, -81.6371078491211
9.456, -81.6584243774414
9.462, -81.6790008544922
9.468, -81.7010498046875
9.474, -81.7223587036133
9.48, -81.7436752319336
9.486, -81.7657241821289
9.492, -81.7877731323242
9.498, -81.8105545043945
9.504, -81.8333358764648
9.51, -81.8568572998047
9.516, -81.881103515625
9.522, -81.9060974121094
9.528, -81.9325561523438
9.534, -81.9604797363281
9.54, -81.9906158447266
9.546, -82.022216796875
9.552, -82.056022644043
9.558, -82.0920333862305
9.564, -82.1302490234375
9.57, -82.1706695556641
9.576, -82.2132949829102
9.582, -82.2595977783203
9.588, -82.307373046875
9.594, -82.3580780029297
9.6, -82.4095230102539
9.606, -82.4646453857422
9.612, -82.5205001831055
9.618, -82.5778274536133
9.624, -82.6366195678711
9.63, -82.6961517333984
9.636, -82.7556838989258
9.642, -82.8144760131836
9.648, -82.8725357055664
9.654, -82.9298629760742
9.66, -82.9864501953125
9.666, -83.0415725708008
9.672, -83.0952224731445
9.678, -83.1466674804688
9.684, -83.198112487793
9.69, -83.2473526000977
9.696, -83.2958602905273
9.702, -83.3428955078125
9.708, -83.3884582519531
9.714, -83.4340286254883
9.72, -83.4773864746094
9.726, -83.520751953125
9.732, -83.5619049072266
9.738, -83.6030654907227
9.744, -83.6420135498047
9.75, -83.6794967651367
9.756, -83.7147750854492
9.762, -83.7485809326172
9.768, -83.7794494628906
9.774, -83.807373046875
9.78, -83.8316268920898
9.786, -83.8529434204102
9.792, -83.8698425292969
9.798, -83.8823394775391
9.804, -83.8904266357422
9.81, -83.8918914794922
9.816, -83.8852767944336
9.822, -83.8742523193359
9.828, -83.8573532104492
9.834, -83.8367767333984
9.84, -83.8117828369141
9.846, -83.7831192016602
9.852, -83.7515182495117
9.858, -83.7169799804688
9.864, -83.6809692382813
9.87, -83.6427536010742
9.876, -83.6037979125977
9.882, -83.5648498535156
9.888, -83.5266265869141
9.894, -83.4891510009766
9.9, -83.4531326293945
9.906, -83.4200668334961
9.912, -83.3891983032227
9.918, -83.3627395629883
9.924, -83.3392181396484
9.93, -83.3201141357422
9.936, -83.30615234375
9.942, -83.2958602905273
9.948, -83.2907180786133
9.954, -83.2899780273438
9.96, -83.2899780273438
9.966, -83.2936553955078
9.972, -83.3010025024414
9.978, -83.3127670288086
9.984, -83.3281936645508
9.99, -83.345832824707
9.996, -83.3664169311523
10.002, -83.3884582519531
10.008, -83.411247253418
10.014, -83.4340286254883
10.02, -83.4560775756836
10.026, -83.4773864746094
10.032, -83.4957656860352
10.038, -83.5119323730469
10.044, -83.5251617431641
10.05, -83.5339813232422
10.056, -83.5398559570313
10.062, -83.5398559570313
10.068, -83.5347137451172
10.074, -83.5266265869141
10.08, -83.5156021118164
10.086, -83.5031127929688
10.092, -83.4891510009766
10.098, -83.4737167358398
10.104, -83.4590148925781
10.11, -83.4443206787109
10.116, -83.4318237304688
10.122, -83.4207992553711
10.128, -83.412712097168
10.134, -83.4075698852539
10.14, -83.4060974121094
10.146, -83.4060974121094
10.152, -83.4090423583984
10.158, -83.415657043457
10.164, -83.4266815185547
10.17, -83.4421157836914
10.176, -83.4612197875977
10.182, -83.4847412109375
10.188, -83.5119323730469
10.194, -83.5428009033203
10.2, -83.5766067504883
10.206, -83.6133499145508
10.212, -83.6530380249023
10.218, -83.6941986083984
10.224, -83.7375564575195
10.23, -83.7823867797852
10.236, -83.8279571533203
10.242, -83.8742523193359
10.248, -83.9212875366211
10.254, -83.9697952270508
10.26, -84.0175704956055
10.266, -84.0660705566406
10.272, -84.1145782470703
10.278, -84.163818359375
10.284, -84.2130584716797
10.29, -84.2622985839844
10.296, -84.3115386962891
10.302, -84.3615188598633
10.308, -84.410758972168
10.314, -84.4607315063477
10.32, -84.5107116699219
10.326, -84.5599517822266
10.332, -84.6099243164063
10.338, -84.6599044799805
10.344, -84.7098770141602
10.35, -84.7598495483398
10.356, -84.8098297119141
10.362, -84.8598022460938
10.368, -84.910514831543
10.374, -84.9619598388672
10.38, -85.0134048461914
10.386, -85.0663223266602
10.392, -85.1199722290039
10.398, -85.1736221313477
10.404, -85.2294769287109
10.41, -85.2860641479492
10.416, -85.3441314697266
10.422, -85.4036560058594
10.428, -85.4646606445313
10.434, -85.5256576538086
10.44, -85.5881271362305
10.446, -85.6513290405273
10.452, -85.7137985229492
10.458, -85.7770080566406
10.464, -85.838737487793
10.47, -85.9004745483398
10.476, -85.9600067138672
10.482, -86.0173263549805
10.488, -86.0724487304688
10.494, -86.1246337890625
10.5, -86.1738739013672
10.506, -86.2201690673828
10.512, -86.2642669677734
10.518, -86.3054275512695
10.524, -86.3443756103516
10.53, -86.3818588256836
10.536, -86.4178695678711
10.542, -86.4531478881836
10.548, -86.4884262084961
10.554, -86.5237045288086
10.56, -86.5597152709961
10.566, -86.5979309082031
10.572, -86.6368789672852
10.578, -86.6780395507813
10.584, -86.7213973999023
10.59, -86.7669677734375
10.596, -86.8147354125977
10.602, -86.8647079467773
10.608, -86.9161605834961
10.614, -86.9690704345703
10.62, -87.0234603881836
10.626, -87.0785751342773
10.632, -87.1336975097656
10.638, -87.1880798339844
10.644, -87.2417373657227
10.65, -87.2939147949219
10.656, -87.3446273803711
10.662, -87.3938674926758
10.668, -87.4409027099609
10.674, -87.4872055053711
10.68, -87.5305633544922
10.686, -87.5724563598633
10.692, -87.6128768920898
10.698, -87.6510925292969
10.704, -87.6878433227539
10.71, -87.7231140136719
10.716, -87.7569274902344
10.722, -87.7892608642578
10.728, -87.8201293945313
10.734, -87.8495254516602
10.74, -87.8781890869141
10.746, -87.9053802490234
10.752, -87.9318389892578
10.758, -87.9575653076172
10.764, -87.9810791015625
10.77, -88.0038604736328
10.776, -88.0244445800781
10.782, -88.0435485839844
10.788, -88.0619201660156
10.794, -88.0780944824219
10.8, -88.0942611694336
10.806, -88.1089553833008
10.812, -88.1236572265625
10.818, -88.1376190185547
10.824, -88.1508483886719
10.83, -88.1655502319336
10.836, -88.1802444458008
10.842, -88.196418762207
10.848, -88.2147903442383
10.854, -88.2353668212891
10.86, -88.2581481933594
10.866, -88.2838745117188
10.872, -88.3132705688477
10.878, -88.3470764160156
10.884, -88.3845596313477
10.89, -88.4264526367188
10.896, -88.4727554321289
10.902, -88.5234603881836
10.908, -88.5785827636719
10.914, -88.6381149291992
10.92, -88.7027893066406
10.926, -88.7711334228516
10.932, -88.8431625366211
10.938, -88.9188613891602
10.944, -88.9982299804688
10.95, -89.0805435180664
10.956, -89.1657943725586
10.962, -89.2532577514648
10.968, -89.3429183959961
10.974, -89.4347839355469
10.98, -89.5266494750977
10.986, -89.620719909668
10.992, -89.7155303955078
10.998, -89.8103332519531
11.004, -89.905876159668
11.01, -89.9999542236328
11.016, -90.0925521850586
11.022, -90.1829528808594
11.028, -90.2704086303711
11.034, -90.3534545898438
11.04, -90.4313583374023
11.046, -90.5033798217773
11.052, -90.5680541992188
11.058, -90.623176574707
11.064, -90.6694793701172
11.07, -90.7062225341797
11.076, -90.7326812744141
11.082, -90.7481155395508
11.088, -90.7473831176758
11.094, -90.7326812744141
11.1, -90.7069625854492
11.106, -90.6738891601563
11.112, -90.6334686279297
11.118, -90.5871658325195
11.124, -90.5357208251953
11.13, -90.480598449707
11.136, -90.4247436523438
11.142, -90.3666839599609
11.148, -90.3086242675781
11.154, -90.2520370483398
11.16, -90.1976470947266
11.166, -90.1469345092773
11.172, -90.0991668701172
11.178, -90.0558090209961
11.184, -90.0168533325195
11.19, -89.9830474853516
11.196, -89.9536514282227
11.202, -89.9293975830078
11.208, -89.908821105957
11.214, -89.8933868408203
11.22, -89.8823623657227
11.226, -89.8757476806641
11.232, -89.8735427856445
11.238, -89.8735427856445
11.244, -89.8750076293945
11.25, -89.8816223144531
11.256, -89.8919143676758
11.262, -89.9073486328125
11.268, -89.9271926879883
11.274, -89.9507064819336
11.28, -89.9793701171875
11.286, -90.0124435424805
11.292, -90.0499267578125
11.298, -90.0918197631836
11.304, -90.1381149291992
11.31, -90.1880950927734
11.316, -90.2417449951172
11.322, -90.2983322143555
11.328, -90.3571319580078
11.334, -90.4173965454102
11.34, -90.4783935546875
11.346, -90.5393905639648
11.352, -90.5974502563477
11.358, -90.6540451049805
11.364, -90.7062225341797
11.37, -90.7539978027344
11.376, -90.7966232299805
11.382, -90.831901550293
11.388, -90.8605575561523
11.394, -90.8811416625977
11.4, -90.8943710327148
11.406, -90.8973083496094
11.412, -90.8877563476563
11.418, -90.870849609375
11.424, -90.8473358154297
11.43, -90.8179321289063
11.436, -90.7848663330078
11.442, -90.7473831176758
11.448, -90.7084274291992
11.454, -90.6672744750977
11.46, -90.6268539428711
11.466, -90.5871658325195
11.472, -90.548210144043
11.478, -90.5121994018555
11.484, -90.479866027832
11.49, -90.4504699707031
11.496, -90.4269485473633
11.502, -90.4071044921875
11.508, -90.3924102783203
11.514, -90.3835906982422
11.52, -90.3791809082031
11.526, -90.3791809082031
11.532, -90.3806457519531
11.538, -90.3872604370117
11.544, -90.3982849121094
11.55, -90.4137191772461
11.556, -90.4342956542969
11.562, -90.4585494995117
11.568, -90.4872131347656
11.574, -90.5188140869141
11.58, -90.5540924072266
11.586, -90.5915756225586
11.592, -90.6312637329102
11.598, -90.6724166870117
11.604, -90.7150421142578
11.61, -90.7576675415039
11.616, -90.8010330200195
11.622, -90.8436584472656
11.628, -90.8848114013672
11.634, -90.9244995117188
11.64, -90.9619827270508
11.646, -90.9957885742188
11.652, -91.0266571044922
11.658, -91.0538482666016
11.664, -91.0758972167969
11.67, -91.0942687988281
11.676, -91.1074981689453
11.682, -91.1163177490234
11.688, -91.1199951171875
11.694, -91.1155853271484
11.7, -91.1089706420898
11.706, -91.0994186401367
11.712, -91.0883941650391
11.718, -91.0766296386719
11.724, -91.0641403198242
11.73, -91.0523834228516
11.736, -91.0420913696289
11.742, -91.0340042114258
11.748, -91.0288619995117
11.754, -91.0273895263672
11.76, -91.0281295776367
11.766, -91.0310668945313
11.772, -91.0391540527344
11.778, -91.0523834228516
11.784, -91.0707550048828
11.79, -91.0942687988281
11.796, -91.123664855957
11.802, -91.1582107543945
11.808, -91.1978988647461
11.814, -91.2434616088867
11.82, -91.2927017211914
11.826, -91.3456192016602
11.832, -91.4022064208984
11.838, -91.4610061645508
11.844, -91.5220031738281
11.85, -91.583740234375
11.856, -91.6447372436523
11.862, -91.7050018310547
11.868, -91.7630615234375
11.874, -91.8196563720703
11.88, -91.8725662231445
11.886, -91.9218063354492
11.892, -91.9673767089844
11.898, -92.0092697143555
11.904, -92.046745300293
11.91, -92.0805587768555
11.916, -92.1114196777344
11.922, -92.1393508911133
11.928, -92.1650772094727
11.934, -92.189323425293
11.94, -92.2135772705078
11.946, -92.2393035888672
11.952, -92.2672271728516
11.958, -92.2988357543945
11.964, -92.335578918457
11.97, -92.3796768188477
11.976, -92.4311218261719
11.982, -92.4921188354492
11.988, -92.5634078979492
11.994, -92.6464538574219
12.0, -92.7427368164063
12.006, -92.8515014648438
12.012, -92.973503112793
12.018, -93.1101989746094
12.024, -93.2601318359375
12.03, -93.4218139648438
12.036, -93.5974655151367
12.042, -93.7841415405273
12.048, -93.9803695678711
12.054, -94.1839447021484
12.06, -94.3904647827148
12.066, -94.5999145507813
12.072, -94.8071670532227
12.078, -95.00927734375
12.084, -95.2055053710938
12.09, -95.3899765014648
12.096, -95.5634231567383
12.102, -95.7214279174805
12.108, -95.86474609375
12.114, -95.9904174804688
12.12, -96.1013946533203
12.126, -96.1954650878906
12.132, -96.2748413085938
12.138, -96.3395156860352
12.144, -96.3902206420898
12.15, -96.4299087524414
12.156, -96.4570999145508
12.162, -96.474739074707
12.168, -96.4835586547852
12.174, -96.4769439697266
12.18, -96.4622497558594
12.186, -96.4402008056641
12.192, -96.4115371704102
12.198, -96.3762588500977
12.204, -96.3343658447266
12.21, -96.2873306274414
12.216, -96.2358856201172
12.222, -96.1792984008789
12.228, -96.1204986572266
12.234, -96.0587692260742
12.24, -95.9955596923828
12.246, -95.9330902099609
12.252, -95.8713607788086
12.258, -95.8133010864258
12.264, -95.7581787109375
12.27, -95.7089385986328
12.276, -95.6633682250977
12.282, -95.6236877441406
12.288, -95.5898742675781
12.294, -95.5619506835938
12.3, -95.5406341552734
12.306, -95.5244674682617
12.312, -95.5134429931641
12.318, -95.50830078125
12.324, -95.507568359375
12.33, -95.50830078125
12.336, -95.5127105712891
12.342, -95.5215301513672
12.348, -95.5340194702148
12.354, -95.5501937866211
12.36, -95.5700378417969
12.366, -95.5928192138672
12.372, -95.6192779541016
12.378, -95.6486740112305
12.384, -95.6802749633789
12.39, -95.7155532836914
12.396, -95.7522964477539
12.402, -95.7897796630859
12.408, -95.827995300293
12.414, -95.865478515625
12.42, -95.902229309082
12.426, -95.93603515625
12.432, -95.9669036865234
12.438, -95.9940948486328
12.444, -96.0161437988281
12.45, -96.0337829589844
12.456, -96.046272277832
12.462, -96.0536193847656
12.468, -96.0558242797852
12.474, -96.0506820678711
12.48, -96.0447998046875
12.486, -96.0374526977539
12.492, -96.0293731689453
12.498, -96.0234909057617
12.504, -96.0190811157227
12.51, -96.0176086425781
12.516, -96.0176086425781
12.522, -96.0205535888672
12.528, -96.0271682739258
12.534, -96.0389251708984
12.54, -96.0558242797852
12.546, -96.0778732299805
12.552, -96.1050720214844
12.558, -96.1374053955078
12.564, -96.1741485595703
12.57, -96.2145767211914
12.576, -96.2586669921875
12.582, -96.3042373657227
12.588, -96.3512725830078
12.594, -96.3968353271484
12.6, -96.4409332275391
12.606, -96.4813537597656
12.612, -96.5188369750977
12.618, -96.5511779785156
12.624, -96.578369140625
12.63, -96.5996780395508
12.636, -96.615852355957
12.642, -96.6261367797852
12.648, -96.6320190429688
12.654, -96.6334838867188
12.66, -96.6320190429688
12.666, -96.6290817260742
12.672, -96.6276092529297
12.678, -96.6276092529297
12.684, -96.6283416748047
12.69, -96.6305465698242
12.696, -96.6356887817383
12.702, -96.6452484130859
12.708, -96.6570053100586
12.714, -96.6717071533203
12.72, -96.688606262207
12.726, -96.7055130004883
12.732, -96.722412109375
12.738, -96.7356414794922
12.744, -96.7444610595703
12.75, -96.7429962158203
12.756, -96.7297668457031
12.762, -96.7055130004883
12.768, -96.6695022583008
12.774, -96.6209945678711
12.78, -96.5599975585938
12.786, -96.4872360229492
12.792, -96.402717590332
12.798, -96.3086471557617
12.804, -96.2057571411133
12.81, -96.0977172851563
12.816, -95.9838027954102
12.822, -95.8698883056641
12.828, -95.755973815918
12.834, -95.6457366943359
12.84, -95.541374206543
12.846, -95.4421539306641
12.852, -95.3524932861328
12.858, -95.2723846435547
12.864, -95.2033004760742
12.87, -95.1467132568359
12.876, -95.1011428833008
12.882, -95.0688095092773
12.888, -95.0482330322266
12.894, -95.0386734008789
12.9, -95.0379409790039
12.906, -95.0401458740234
12.912, -95.0519027709961
12.918, -95.0724792480469
12.924, -95.1004104614258
12.93, -95.1349487304688
12.936, -95.1746368408203
12.942, -95.2180023193359
12.948, -95.2642974853516
12.954, -95.3120727539063
12.96, -95.3605804443359
12.966, -95.4083480834961
12.972, -95.4553833007813
12.978, -95.5002136230469
12.984, -95.542839050293
12.99, -95.5832595825195
12.996, -95.6200103759766
13.002, -95.6538162231445
13.008, -95.683952331543
13.014, -95.7111434936523
13.02, -95.7346572875977
13.026, -95.7545013427734
13.032, -95.7714080810547
13.038, -95.7853698730469
13.044, -95.7963943481445
13.05, -95.8052139282227
13.056, -95.8118286132813
13.062, -95.8169708251953
13.068, -95.8221206665039
13.074, -95.826530456543
13.08, -95.832405090332
13.086, -95.8397598266602
13.092, -95.8507766723633
13.098, -95.8640060424805
13.104, -95.8809127807617
13.11, -95.9014892578125
13.116, -95.9257431030273
13.122, -95.9544067382813
13.128, -95.9874801635742
13.134, -96.0227584838867
13.14, -96.0617065429688
13.146, -96.1021270751953
13.152, -96.1418151855469
13.158, -96.1822357177734
13.164, -96.2197189331055
13.17, -96.2535247802734
13.176, -96.2843933105469
13.182, -96.3086471557617
13.188, -96.327018737793
13.194, -96.3380432128906
13.2, -96.3387756347656
13.206, -96.327751159668
13.212, -96.3093795776367
13.218, -96.2858657836914
13.224, -96.2579345703125
13.23, -96.2256011962891
13.236, -96.1917877197266
13.242, -96.1565170288086
13.248, -96.1212387084961
13.254, -96.0874328613281
13.26, -96.0565643310547
13.266, -96.0308380126953
13.272, -96.0102615356445
13.278, -95.9955596923828
13.284, -95.9882125854492
13.29, -95.9874801635742
13.296, -95.9889450073242
13.302, -95.9970321655273
13.308, -96.0131988525391
13.314, -96.0374526977539
13.32, -96.0697937011719
13.326, -96.1102142333984
13.332, -96.1572494506836
13.338, -96.2108993530273
13.344, -96.2704315185547
13.35, -96.3351058959961
13.356, -96.4049224853516
13.362, -96.4769439697266
13.368, -96.5526428222656
13.374, -96.6298141479492
13.38, -96.7062454223633
13.386, -96.7826766967773
13.392, -96.8569107055664
13.398, -96.9289321899414
13.404, -96.9950790405273
13.41, -97.0568084716797
13.416, -97.1104583740234
13.422, -97.1567611694336
13.428, -97.1942443847656
13.434, -97.221435546875
13.44, -97.2376022338867
13.446, -97.2346649169922
13.452, -97.2155609130859
13.458, -97.1854248046875
13.464, -97.1442718505859
13.47, -97.0935592651367
13.476, -97.0332946777344
13.482, -96.9664154052734
13.488, -96.8951263427734
13.494, -96.8186950683594
13.5, -96.7415237426758
13.506, -96.6636199951172
13.512, -96.5864486694336
13.518, -96.5129547119141
13.524, -96.4431381225586
13.53, -96.3784637451172
13.536, -96.3196716308594
13.542, -96.2667541503906
13.548, -96.2197189331055
13.554, -96.1785583496094
13.56, -96.1418151855469
13.566, -96.1087417602539
13.572, -96.07861328125
13.578, -96.0499496459961
13.584, -96.0227584838867
13.59, -95.9940948486328
13.596, -95.9646987915039
13.602, -95.9330902099609
13.608, -95.899284362793
13.614, -95.8640060424805
13.62, -95.8257904052734
13.626, -95.7853698730469
13.632, -95.7434768676758
13.638, -95.7008514404297
13.644, -95.6567535400391
13.65, -95.613395690918
13.656, -95.5692977905273
13.662, -95.5251998901367
13.668, -95.4811096191406
13.674, -95.437744140625
13.68, -95.3943862915039
13.686, -95.3510208129883
13.692, -95.3069305419922
13.698, -95.261360168457
13.704, -95.2150573730469
13.71, -95.1665573120117
13.716, -95.1158447265625
13.722, -95.0636596679688
13.728, -95.00927734375
13.734, -94.9534225463867
13.74, -94.8960952758789
13.746, -94.8373031616211
13.752, -94.7777709960938
13.758, -94.7189788818359
13.764, -94.6601867675781
13.77, -94.6035919189453
13.776, -94.5492095947266
13.782, -94.4984970092773
13.788, -94.4507293701172
13.794, -94.4088363647461
13.8, -94.3720855712891
13.806, -94.3419570922852
13.812, -94.3191757202148
13.818, -94.3044738769531
13.824, -94.2985916137695
13.83, -94.2985916137695
13.836, -94.3030014038086
13.842, -94.3177032470703
13.848, -94.3448944091797
13.854, -94.3838500976563
13.86, -94.4352951049805
13.866, -94.5007019042969
13.872, -94.5793380737305
13.878, -94.6726760864258
13.884, -94.7799758911133
13.89, -94.9019775390625
13.896, -95.0379409790039
13.902, -95.185661315918
13.908, -95.3480834960938
13.914, -95.5222625732422
13.92, -95.7074661254883
13.926, -95.903694152832
13.932, -96.1080093383789
13.938, -96.3189315795898
13.944, -96.5357437133789
13.95, -96.7562255859375
13.956, -96.9774398803711
13.962, -97.1993865966797
13.968, -97.4191360473633
13.974, -97.6352081298828
13.98, -97.8439254760742
13.986, -98.0482406616211
13.992, -98.2444686889648
13.998, -98.4304046630859
14.004, -98.6075286865234
14.01, -98.7721557617188
14.016, -98.9257507324219
14.022, -99.0675964355469
14.028, -99.1969451904297
14.034, -99.3138046264648
14.04, -99.4174270629883
14.046, -99.5078277587891
14.052, -99.5849914550781
14.058, -99.6489334106445
14.064, -99.6981735229492
14.07, -99.7349166870117
14.076, -99.7591705322266
14.082, -99.7716674804688
14.088, -99.7672576904297
14.094, -99.7547607421875
14.1, -99.7371215820313
14.106, -99.719482421875
14.112, -99.7033157348633
14.118, -99.6908264160156
14.124, -99.6878814697266
14.13, -99.6886215209961
14.136, -99.6952362060547
14.142, -99.7165451049805
14.148, -99.7540283203125
14.154, -99.8084106445313
14.16, -99.8826446533203
14.166, -99.9767150878906
14.172, -100.092102050781
14.178, -100.227325439453
14.184, -100.383865356445
14.19, -100.559516906738
14.196, -100.755012512207
14.202, -100.964469909668
14.208, -101.189361572266
14.214, -101.426010131836
14.22, -101.671478271484
14.226, -101.922828674316
14.232, -102.180786132813
14.238, -102.443161010742
14.244, -102.707740783691
14.25, -102.973052978516
14.256, -103.239097595215
14.262, -103.504409790039
14.268, -103.769721984863
14.274, -104.035766601563
14.28, -104.301818847656
14.286, -104.567863464355
14.292, -104.83317565918
14.298, -105.098487854004
14.304, -105.35865020752
14.31, -105.617347717285
14.316, -105.872375488281
14.322, -106.117111206055
14.328, -106.35228729248
14.334, -106.572769165039
14.34, -106.777084350586
14.346, -106.962287902832
14.352, -107.126174926758
14.358, -107.268753051758
14.364, -107.392219543457
14.37, -107.49658203125
14.376, -107.585510253906
14.382, -107.663414001465
14.388, -107.73176574707
14.394, -107.80305480957
14.4, -107.87801361084
14.406, -107.964736938477
14.412, -108.069831848145
14.418, -108.196975708008
14.424, -108.353523254395
14.43, -108.54093170166
14.436, -108.75626373291
14.442, -108.99585723877
14.448, -109.252349853516
14.454, -109.490463256836
14.46, -109.707275390625
14.466, -109.856468200684
14.472, -109.87410736084
14.478, -109.718299865723
14.484, -109.44783782959
14.49, -109.084785461426
14.496, -108.64087677002
14.502, -108.130096435547
14.508, -107.581100463867
14.514, -107.001235961914
14.52, -106.408874511719
14.526, -105.817253112793
14.532, -105.230041503906
14.538, -104.660461425781
14.544, -104.11808013916
14.55, -103.597007751465
14.556, -103.106811523438
14.562, -102.647476196289
14.568, -102.223411560059
14.574, -101.83390045166
14.58, -101.480392456055
14.586, -101.162902832031
14.592, -100.880683898926
14.598, -100.633743286133
14.604, -100.421348571777
14.61, -100.242027282715
14.616, -100.094306945801
14.622, -99.9774475097656
14.628, -99.8863143920898
14.634, -99.8216400146484
14.64, -99.7797470092773
14.646, -99.7591705322266
14.652, -99.756233215332
14.658, -99.7577056884766
14.664, -99.7709350585938
14.67, -99.7988586425781
14.676, -99.8356094360352
14.682, -99.8811721801758
14.688, -99.9326171875
14.694, -99.9862670898438
14.7, -100.042121887207
14.706, -100.09651184082
14.712, -100.149421691895
14.718, -100.198661804199
14.724, -100.243492126465
14.73, -100.283920288086
14.736, -100.319190979004
14.742, -100.349327087402
14.748, -100.375045776367
14.754, -100.396362304688
14.76, -100.413269042969
14.766, -100.427230834961
14.772, -100.438255310059
14.778, -100.447807312012
14.784, -100.455154418945
14.79, -100.461036682129
14.796, -100.466178894043
14.802, -100.469856262207
14.808, -100.472061157227
14.814, -100.473533630371
14.82, -100.471328735352
14.826, -100.466918945313
14.832, -100.460304260254
14.838, -100.452217102051
14.844, -100.443397521973
14.85, -100.432373046875
14.856, -100.422088623047
14.862, -100.411064147949
14.868, -100.400772094727
14.874, -100.391220092773
14.88, -100.38313293457
14.886, -100.375785827637
14.892, -100.367698669434
14.898, -100.359619140625
14.904, -100.347122192383
14.91, -100.330215454102
14.916, -100.305961608887
14.922, -100.270690917969
14.928, -100.224388122559
14.934, -100.164123535156
14.94, -100.089157104492
14.946, -100.000228881836
14.952, -99.899543762207
14.958, -99.7856292724609
14.964, -99.6658325195313
14.97, -99.5401611328125
14.976, -99.4144897460938
14.982, -99.2932205200195
14.988, -99.1785736083984
14.994, -99.076416015625
15.0, -98.9889602661133
15.006, -98.9198760986328
15.012, -98.8728408813477
15.018, -98.8485870361328
15.024, -98.8456497192383
15.03, -98.8485870361328
15.036, -98.8735733032227
15.042, -98.9235534667969
15.048, -98.9977798461914
15.054, -99.0962600708008
15.06, -99.2145843505859
15.066, -99.3534851074219
15.072, -99.5078277587891
15.078, -99.6746520996094
15.084, -99.8517761230469
15.09, -100.034042358398
15.096, -100.21997833252
15.102, -100.407386779785
15.108, -100.594795227051
15.114, -100.781471252441
15.12, -100.967407226563
15.126, -101.154815673828
15.132, -101.347373962402
15.138, -101.545806884766
15.144, -101.753051757813
15.15, -101.975738525391
15.156, -102.21459197998
15.162, -102.478439331055
15.168, -102.770942687988
15.174, -103.096519470215
15.18, -103.463989257813
15.186, -103.875549316406
15.192, -104.343704223633
15.198, -104.864044189453
15.204, -105.459342956543
15.21, -106.134750366211
15.216, -106.890998840332
15.222, -107.742790222168
15.228, -108.690856933594
15.234, -109.694778442383
15.24, -110.720016479492
15.246, -111.724670410156
15.252, -112.522079467773
15.258, -113.090919494629
15.264, -113.42163848877
15.27, -113.384162902832
15.276, -113.137954711914
15.282, -112.777839660645
15.288, -112.358924865723
15.294, -111.910614013672
15.3, -111.442459106445
15.306, -110.983856201172
15.312, -110.537017822266
15.318, -110.11296081543
15.324, -109.716827392578
15.33, -109.350830078125
15.336, -109.015701293945
15.342, -108.712905883789
15.348, -108.439506530762
15.354, -108.198448181152
15.36, -107.981643676758
15.366, -107.789085388184
15.372, -107.620056152344
15.378, -107.472328186035
15.384, -107.343719482422
15.39, -107.231269836426
15.396, -107.133522033691
15.402, -107.049011230469
15.408, -106.97331237793
15.414, -106.904960632324
15.42, -106.842491149902
15.426, -106.7822265625
15.432, -106.722694396973
15.438, -106.659492492676
15.444, -106.590408325195
15.45, -106.511772155762
15.456, -106.420639038086
15.462, -106.314804077148
15.468, -106.189865112305
15.474, -106.045822143555
15.48, -105.87899017334
15.486, -105.687171936035
15.492, -105.471099853516
15.498, -105.230041503906
15.504, -104.965461730957
15.51, -104.678100585938
15.516, -104.373840332031
15.522, -104.048263549805
15.528, -103.709457397461
15.534, -103.356689453125
15.54, -102.997299194336
15.546, -102.632041931152
15.552, -102.26383972168
15.558, -101.899307250977
15.564, -101.537719726563
15.57, -101.184951782227
15.576, -100.842468261719
15.582, -100.512481689453
15.588, -100.199401855469
15.594, -99.9017486572266
15.6, -99.6261520385742
15.606, -99.3674545288086
15.612, -99.1300659179688
15.618, -98.9154663085938
15.624, -98.7236480712891
15.63, -98.5553436279297
15.636, -98.4105606079102
15.642, -98.2900314331055
15.648, -98.1922912597656
15.654, -98.1180572509766
15.66, -98.0666122436523
15.666, -98.0372161865234
15.672, -98.0291290283203
15.678, -98.0291290283203
15.684, -98.0408935546875
15.69, -98.0732269287109
15.696, -98.1232070922852
15.702, -98.1915512084961
15.708, -98.2760696411133
15.714, -98.3745498657227
15.72, -98.4869995117188
15.726, -98.610466003418
15.732, -98.7456970214844
15.738, -98.8882751464844
15.744, -99.038932800293
15.75, -99.1940078735352
15.756, -99.3512802124023
15.762, -99.5100326538086
15.768, -99.6651000976563
15.774, -99.8179702758789
15.78, -99.964958190918
15.786, -100.102386474609
15.792, -100.229530334473
15.798, -100.341979980469
15.804, -100.438987731934
15.81, -100.519096374512
15.816, -100.578628540039
15.822, -100.618316650391
15.828, -100.631538391113
15.834, -100.605087280273
15.84, -100.557312011719
15.846, -100.488227844238
15.852, -100.400039672852
15.858, -100.294204711914
15.864, -100.174407958984
15.87, -100.042854309082
15.876, -99.9010162353516
15.882, -99.7540283203125
15.888, -99.6033630371094
15.894, -99.4519653320313
15.9, -99.3020401000977
15.906, -99.1565246582031
15.912, -99.0176239013672
15.918, -98.8860702514648
15.924, -98.7655410766602
15.93, -98.6552963256836
15.936, -98.5560836791992
15.942, -98.4693603515625
15.948, -98.395133972168
15.954, -98.3326644897461
15.96, -98.2826843261719
15.966, -98.2437362670898
15.972, -98.2158050537109
15.978, -98.1981658935547
15.984, -98.1908187866211
15.99, -98.1900863647461
15.996, -98.1922912597656
16.002, -98.2018432617188
16.008, -98.22021484375
16.014, -98.2452011108398
16.02, -98.2782745361328
16.026, -98.3186950683594
16.032, -98.3657302856445
16.038, -98.4186477661133
16.044, -98.4781799316406
16.05, -98.542854309082
16.056, -98.6126708984375
16.062, -98.686897277832
16.068, -98.7640686035156
16.074, -98.8449096679688
16.08, -98.9257507324219
16.086, -99.0080642700195
16.092, -99.0874404907227
16.098, -99.1660766601563
16.104, -99.2417755126953
16.11, -99.3115997314453
16.116, -99.3755340576172
16.122, -99.43212890625
16.128, -99.4813690185547
16.134, -99.5232543945313
16.14, -99.5563278198242
16.146, -99.5813217163086
16.152, -99.5996932983398
16.158, -99.6121826171875
16.164, -99.6202697753906
16.17, -99.6254119873047
16.176, -99.6290893554688
16.182, -99.6357040405273
16.188, -99.6452560424805
16.194, -99.6614227294922
16.2, -99.6878814697266
16.206, -99.7253646850586
16.212, -99.7775497436523
16.218, -99.8473663330078
16.224, -99.9355545043945
16.23, -100.045799255371
16.236, -100.178085327148
16.242, -100.33536529541
16.248, -100.517623901367
16.254, -100.723411560059
16.26, -100.957855224609
16.266, -101.21802520752
16.272, -101.50244140625
16.278, -101.809646606445
16.284, -102.136695861816
16.29, -102.479904174805
16.296, -102.836349487305
16.302, -103.194999694824
16.308, -103.555854797363
16.314, -103.90495300293
16.32, -104.23787689209
16.326, -104.547286987305
16.332, -104.819213867188
16.338, -105.050712585449
16.344, -105.23518371582
16.35, -105.368209838867
16.356, -105.448318481445
16.362, -105.448318481445
16.368, -105.375556945801
16.374, -105.259437561035
16.38, -105.105102539063
16.386, -104.920631408691
16.392, -104.708236694336
16.398, -104.478935241699
16.404, -104.233467102051
16.41, -103.982116699219
16.416, -103.724151611328
16.422, -103.464721679688
16.428, -103.208961486816
16.434, -102.959823608398
16.44, -102.71802520752
16.446, -102.487991333008
16.452, -102.268981933594
16.458, -102.063201904297
16.464, -101.871383666992
16.47, -101.69278717041
16.476, -101.52742767334
16.482, -101.375297546387
16.488, -101.234191894531
16.494, -101.104843139648
16.5, -100.981369018555
16.506, -100.865249633789
16.512, -100.753540039063
16.518, -100.644035339355
16.524, -100.536735534668
16.53, -100.42943572998
16.536, -100.322868347168
16.542, -100.21556854248
16.548, -100.109001159668
16.554, -100.002433776855
16.56, -99.898078918457
16.566, -99.7973861694336
16.572, -99.7033157348633
16.578, -99.6165924072266
16.584, -99.538688659668
16.59, -99.4740142822266
16.596, -99.4233093261719
16.602, -99.3887634277344
16.608, -99.3733291625977
16.614, -99.3725967407227
16.62, -99.3770065307617
16.626, -99.4027252197266
16.632, -99.4505004882813
16.638, -99.5217895507813
16.644, -99.6158599853516
16.65, -99.7319793701172
16.656, -99.8650054931641
16.662, -100.012725830078
16.668, -100.170738220215
16.674, -100.332420349121
16.68, -100.494842529297
16.686, -100.642562866211
16.692, -100.775588989258
16.698, -100.883628845215
16.704, -100.960792541504
16.71, -101.007095336914
16.716, -100.996070861816
16.722, -100.944625854492
16.728, -100.865989685059
16.734, -100.766036987305
16.74, -100.649917602539
16.746, -100.519828796387
16.752, -100.384605407715
16.758, -100.246437072754
16.764, -100.107528686523
16.77, -99.9737777709961
16.776, -99.8444213867188
16.782, -99.7231597900391
16.788, -99.6107177734375
16.794, -99.5056228637695
16.8, -99.4078750610352
16.806, -99.3167419433594
16.812, -99.2300186157227
16.818, -99.147705078125
16.824, -99.0661239624023
16.83, -98.9823455810547
16.836, -98.8970947265625
16.842, -98.8059616088867
16.848, -98.7089462280273
16.854, -98.6023788452148
16.86, -98.4862594604492
16.866, -98.3591156005859
16.872, -98.220947265625
16.878, -98.0710220336914
16.884, -97.9115447998047
16.89, -97.7425079345703
16.896, -97.5668563842773
16.902, -97.3838577270508
16.908, -97.1949768066406
16.914, -97.0038986206055
16.92, -96.8120803833008
16.926, -96.6202621459961
16.932, -96.4335861206055
16.938, -96.2505874633789
16.944, -96.0756683349609
16.95, -95.9095764160156
16.956, -95.7530364990234
16.962, -95.6075134277344
16.968, -95.4737548828125
16.974, -95.3524932861328
16.98, -95.2437210083008
16.986, -95.1467132568359
16.992, -95.0614547729492
16.998, -94.9879684448242
17.004, -94.9254913330078
17.01, -94.8725814819336
17.016, -94.828483581543
17.022, -94.7924728393555
17.028, -94.7638092041016
17.034, -94.7402877807617
17.04, -94.7219161987305
17.046, -94.7079544067383
17.052, -94.6969299316406
17.058, -94.6888427734375
17.064, -94.6837005615234
17.07, -94.6807632446289
17.076, -94.6800231933594
17.082, -94.6807632446289
17.088, -94.6837005615234
17.094, -94.690315246582
17.1, -94.7020721435547
17.106, -94.7182464599609
17.112, -94.7402877807617
17.118, -94.7696914672852
17.124, -94.8064346313477
17.13, -94.8520050048828
17.136, -94.904914855957
17.142, -94.9659194946289
17.148, -95.0342636108398
17.154, -95.1107025146484
17.16, -95.1922760009766
17.166, -95.2797317504883
17.172, -95.3701324462891
17.178, -95.4619979858398
17.184, -95.5546035766602
17.19, -95.6427917480469
17.196, -95.7280426025391
17.202, -95.8066864013672
17.208, -95.8787078857422
17.214, -95.9426498413086
17.22, -95.9985046386719
17.226, -96.045539855957
17.232, -96.0859603881836
17.238, -96.118293762207
17.244, -96.1462249755859
17.25, -96.1704788208008
17.256, -96.1917877197266
17.262, -96.2138366699219
17.268, -96.2380905151367
17.274, -96.2645492553711
17.28, -96.2954177856445
17.286, -96.331428527832
17.292, -96.3725814819336
17.298, -96.4188842773438
17.304, -96.470329284668
17.31, -96.5261840820313
17.316, -96.5857162475586
17.322, -96.6467132568359
17.328, -96.7077178955078
17.334, -96.7672424316406
17.34, -96.8223648071289
17.346, -96.8730773925781
17.352, -96.9157028198242
17.358, -96.9502487182617
17.364, -96.974494934082
17.37, -96.9877243041992
17.376, -96.9789047241211
17.382, -96.9561233520508
17.388, -96.9230499267578
17.394, -96.8782196044922
17.4, -96.8245697021484
17.406, -96.7628326416016
17.412, -96.6930160522461
17.418, -96.6187896728516
17.424, -96.5394134521484
17.43, -96.4593048095703
17.436, -96.3791961669922
17.442, -96.3005599975586
17.448, -96.2270660400391
17.454, -96.1579818725586
17.46, -96.0955123901367
17.466, -96.041862487793
17.472, -95.9955596923828
17.478, -95.9602890014648
17.484, -95.9345626831055
17.49, -95.9198608398438
17.496, -95.9147186279297
17.502, -95.9147186279297
17.508, -95.9198608398438
17.514, -95.9323577880859
17.52, -95.9536743164063
17.526, -95.9786605834961
17.532, -96.008056640625
17.538, -96.0396575927734
17.544, -96.0705261230469
17.55, -96.0991897583008
17.556, -96.1227035522461
17.562, -96.1396102905273
17.568, -96.1484298706055
17.574, -96.1381378173828
17.58, -96.117561340332
17.586, -96.0859603881836
17.592, -96.0447998046875
17.598, -95.9955596923828
17.604, -95.9382400512695
17.61, -95.8757705688477
17.616, -95.8096237182617
17.622, -95.7412719726563
17.628, -95.6743927001953
17.634, -95.6075134277344
17.64, -95.545783996582
17.646, -95.4891891479492
17.652, -95.4406890869141
17.658, -95.400260925293
17.664, -95.3686599731445
17.67, -95.3480834960938
17.676, -95.3377914428711
17.682, -95.3363265991211
17.688, -95.3377914428711
17.694, -95.3488159179688
17.7, -95.3701324462891
17.706, -95.399528503418
17.712, -95.4384841918945
17.718, -95.4825744628906
17.724, -95.5332870483398
17.73, -95.5876693725586
17.736, -95.6435317993164
17.742, -95.6993865966797
17.748, -95.7537689208984
17.754, -95.8052139282227
17.76, -95.8537216186523
17.766, -95.8963470458984
17.772, -95.9338302612305
17.778, -95.9661636352539
17.784, -95.9940948486328
17.79, -96.0183486938477
17.796, -96.0396575927734
17.802, -96.0595016479492
17.808, -96.0808181762695
17.814, -96.1028671264648
17.82, -96.1293182373047
17.826, -96.1609268188477
17.832, -96.1991424560547
17.838, -96.2454376220703
17.844, -96.2998275756836
17.85, -96.364501953125
17.856, -96.4379959106445
17.862, -96.5217742919922
17.868, -96.6151123046875
17.874, -96.7187423706055
17.88, -96.8289794921875
17.886, -96.9487762451172
17.892, -97.077392578125
17.898, -97.2118835449219
17.904, -97.3522567749023
17.91, -97.4992446899414
17.916, -97.6513748168945
17.922, -97.8101196289063
17.928, -97.9740142822266
17.934, -98.1437835693359
17.94, -98.3201675415039
17.946, -98.5031661987305
17.952, -98.6920471191406
17.958, -98.8860702514648
17.964, -99.0889129638672
17.97, -99.2983703613281
17.976, -99.5144424438477
17.982, -99.7371215820313
17.988, -99.964958190918
17.994, -100.197929382324
18.0, -100.43384552002
18.006, -100.671226501465
18.012, -100.908615112305
18.018, -101.143058776855
18.024, -101.372360229492
18.03, -101.590637207031
18.036, -101.797149658203
18.042, -101.983825683594
18.048, -102.149917602539
18.054, -102.291030883789
18.06, -102.399803161621
18.066, -102.475494384766
18.072, -102.515182495117
18.078, -102.480644226074
18.084, -102.410087585449
18.09, -102.304992675781
18.096, -102.170501708984
18.102, -102.011016845703
18.108, -101.827285766602
18.114, -101.628852844238
18.12, -101.412048339844
18.126, -101.185684204102
18.132, -100.952713012695
18.138, -100.715324401855
18.144, -100.47794342041
18.15, -100.239822387695
18.156, -100.005378723145
18.162, -99.7760772705078
18.168, -99.5511856079102
18.174, -99.3336410522461
18.18, -99.1219863891602
18.186, -98.9176712036133
18.192, -98.7207107543945
18.198, -98.5318298339844
18.204, -98.3466262817383
18.21, -98.1672973632813
18.216, -97.9923858642578
18.222, -97.8211441040039
18.228, -97.6521072387695
18.234, -97.4860153198242
18.24, -97.3213882446289
18.246, -97.1574935913086
18.252, -96.9936065673828
18.258, -96.830451965332
18.264, -96.6672973632813
18.27, -96.5034027099609
18.276, -96.3417205810547
18.282, -96.1770935058594
18.288, -96.0131988525391
18.294, -95.8500442504883
18.3, -95.6868896484375
18.306, -95.5237350463867
18.312, -95.3613128662109
18.318, -95.1996231079102
18.324, -95.0386734008789
18.33, -94.8777236938477
18.336, -94.7175064086914
18.342, -94.5580291748047
18.348, -94.400016784668
18.354, -94.2434768676758
18.36, -94.0906066894531
18.366, -93.9406814575195
18.372, -93.7936935424805
18.378, -93.652587890625
18.384, -93.5195617675781
18.39, -93.3946228027344
18.396, -93.2807083129883
18.402, -93.1778182983398
18.408, -93.0896224975586
18.414, -93.0168685913086
18.42, -92.9610061645508
18.426, -92.9249954223633
18.432, -92.9080963134766
18.438, -92.906623840332
18.444, -92.9125061035156
18.45, -92.93896484375
18.456, -92.9882049560547
18.462, -93.0602264404297
18.468, -93.154296875
18.474, -93.2696838378906
18.48, -93.4071197509766
18.486, -93.5636596679688
18.492, -93.7378387451172
18.498, -93.9289245605469
18.504, -94.1317672729492
18.51, -94.3463668823242
18.516, -94.5683135986328
18.522, -94.79541015625
18.528, -95.0232391357422
18.534, -95.2518081665039
18.54, -95.4781646728516
18.546, -95.6993865966797
18.552, -95.9147186279297
18.558, -96.1227035522461
18.564, -96.3233413696289
18.57, -96.5166320800781
18.576, -96.7018356323242
18.582, -96.8804244995117
18.588, -97.0516662597656
18.594, -97.2155609130859
18.6, -97.3728332519531
18.606, -97.5234985351563
18.612, -97.6646041870117
18.618, -97.7998352050781
18.624, -97.9262390136719
18.63, -98.0423583984375
18.636, -98.1467208862305
18.642, -98.2393264770508
18.648, -98.3172302246094
18.654, -98.3811645507813
18.66, -98.4289398193359
18.666, -98.4612731933594
18.672, -98.4774398803711
18.678, -98.4649505615234
18.684, -98.4377593994141
18.69, -98.3980712890625
18.696, -98.3466262817383
18.702, -98.2870941162109
18.708, -98.22021484375
18.714, -98.148193359375
18.72, -98.0732269287109
18.726, -97.9953231811523
18.732, -97.9181594848633
18.738, -97.8424606323242
18.744, -97.7689666748047
18.75, -97.6998825073242
18.756, -97.6344680786133
18.762, -97.5756759643555
18.768, -97.5227584838867
18.774, -97.4757232666016
18.78, -97.43603515625
18.786, -97.4044342041016
18.792, -97.3816528320313
18.798, -97.3669509887695
18.804, -97.3625411987305
18.81, -97.3625411987305
18.816, -97.3684234619141
18.822, -97.3853302001953
18.828, -97.4139938354492
18.834, -97.4551467895508
18.84, -97.5095291137695
18.846, -97.5793533325195
18.852, -97.6631317138672
18.858, -97.7645568847656
18.864, -97.8828811645508
18.87, -98.0188446044922
18.876, -98.1731796264648
18.882, -98.3458862304688
18.888, -98.5362396240234
18.894, -98.7442245483398
18.9, -98.9691162109375
18.906, -99.2087020874023
18.912, -99.4622573852539
18.918, -99.7246322631836
18.924, -99.9958190917969
18.93, -100.26774597168
18.936, -100.535263061523
18.942, -100.799842834473
18.948, -101.048988342285
18.954, -101.281959533691
18.96, -101.489944458008
18.966, -101.67000579834
18.972, -101.819198608398
18.978, -101.93238067627
18.984, -102.010284423828
18.99, -102.05143737793
18.996, -102.027923583984
19.002, -101.966918945313
19.008, -101.877258300781
19.014, -101.760406494141
19.02, -101.62003326416
19.026, -101.459083557129
19.032, -101.280494689941
19.038, -101.084999084473
19.044, -100.876274108887
19.05, -100.655792236328
19.056, -100.425025939941
19.062, -100.186904907227
19.068, -99.9414367675781
19.074, -99.6922912597656
19.08, -99.4394760131836
19.086, -99.185188293457
19.092, -98.933837890625
19.098, -98.681022644043
19.104, -98.433349609375
19.11, -98.1908187866211
19.116, -97.9563751220703
19.122, -97.7314834594727
19.128, -97.5176162719727
19.134, -97.3177108764648
19.14, -97.1317749023438
19.146, -96.9627380371094
19.152, -96.8106079101563
19.158, -96.6768493652344
19.164, -96.5622024536133
19.17, -96.4681243896484
19.176, -96.3938980102539
19.182, -96.3402481079102
19.188, -96.3079071044922
19.194, -96.2954177856445
19.2, -96.2946853637695
19.206, -96.3027648925781
19.212, -96.3292236328125
19.218, -96.3740539550781
19.224, -96.435791015625
19.23, -96.5122222900391
19.236, -96.6033554077148
19.242, -96.7047729492188
19.248, -96.8172225952148
19.254, -96.9377517700195
19.26, -97.0612182617188
19.266, -97.1905670166016
19.272, -97.3191833496094
19.278, -97.4477996826172
19.284, -97.5727386474609
19.29, -97.6932678222656
19.296, -97.8086547851563
19.302, -97.9152145385742
19.308, -98.0144348144531
19.314, -98.1040954589844
19.32, -98.1842041015625
19.326, -98.2547607421875
19.332, -98.3150253295898
19.338, -98.3649978637695
19.344, -98.4061508178711
19.35, -98.4392242431641
19.356, -98.4649505615234
19.362, -98.4855270385742
19.368, -98.5009613037109
19.374, -98.5149230957031
19.38, -98.5274200439453
19.386, -98.539909362793
19.392, -98.5553436279297
19.398, -98.5729827880859
19.404, -98.5957717895508
19.41, -98.6236953735352
19.416, -98.6575012207031
19.422, -98.6964569091797
19.428, -98.7412872314453
19.434, -98.79052734375
19.44, -98.8449096679688
19.446, -98.9022369384766
19.452, -98.9610290527344
19.458, -99.0220336914063
19.464, -99.0830307006836
19.47, -99.1440277099609
19.476, -99.2042922973633
19.482, -99.2638244628906
19.488, -99.323356628418
19.494, -99.3828887939453
19.5, -99.4431533813477
19.506, -99.5078277587891
19.512, -99.576171875
19.518, -99.6496658325195
19.524, -99.7305068969727
19.53, -99.8194351196289
19.536, -99.9164505004883
19.542, -100.021545410156
19.548, -100.134727478027
19.554, -100.253051757813
19.56, -100.377250671387
19.566, -100.50072479248
19.572, -100.62052154541
19.578, -100.734436035156
19.584, -100.833648681641
19.59, -100.920372009277
19.596, -100.985046386719
19.602, -101.02693939209
19.608, -101.037223815918
19.614, -101.00341796875
19.62, -100.947563171387
19.626, -100.868927001953
19.632, -100.771911621094
19.638, -100.658737182617
19.644, -100.531593322754
19.65, -100.394889831543
19.656, -100.252311706543
19.662, -100.103858947754
19.668, -99.9539337158203
19.674, -99.8032684326172
19.68, -99.6562805175781
19.686, -99.5122375488281
19.692, -99.3755340576172
19.698, -99.2476577758789
19.704, -99.1285934448242
19.71, -99.0205612182617
19.716, -98.9235534667969
19.722, -98.8397674560547
19.728, -98.7699508666992
19.734, -98.7140960693359
19.74, -98.6736679077148
19.746, -98.64794921875
19.752, -98.6383972167969
19.758, -98.6376571655273
19.764, -98.6442718505859
19.77, -98.6655883789063
19.776, -98.7030715942383
19.782, -98.7559814453125
19.788, -98.824333190918
19.794, -98.9073791503906
19.8, -99.00439453125
19.806, -99.113899230957
19.812, -99.2366333007813
19.818, -99.3689193725586
19.824, -99.5092926025391
19.83, -99.6592178344727
19.836, -99.8142929077148
19.842, -99.9737777709961
19.848, -100.135459899902
19.854, -100.297882080078
19.86, -100.458831787109
19.866, -100.615371704102
19.872, -100.768241882324
19.878, -100.914489746094
19.884, -101.054130554199
19.89, -101.187156677246
19.896, -101.312828063965
19.902, -101.431884765625
19.908, -101.544334411621
19.914, -101.654571533203
19.92, -101.761871337891
19.926, -101.869911193848
19.932, -101.97794342041
19.938, -102.091125488281
19.944, -102.209449768066
19.95, -102.337326049805
19.956, -102.474761962891
19.962, -102.623954772949
19.968, -102.78564453125
19.974, -102.959823608398
19.98, -103.14575958252
19.986, -103.341987609863
19.992, -103.542625427246
19.998, -103.745468139648
20.004, -103.946105957031
20.01, -104.131309509277
20.016, -104.295936584473
20.022, -104.429695129395
20.028, -104.517883300781
20.034, -104.539199829102
