% Measurement ID: 3398
% Mode ID: 1
% Date and time: 2020-02-04 09:38:14
% Sample ID: PSE2-75-31
% Measurement type: ringdown
% Frequency [Hz]: 25126.0
% Quality factor: 89309.45197271917
% Temperature [K]: 293.0
% Pressure [mBar]: 3.96e-08
% Notes: 
% 
%
% measurement data
% time [s], power [dBm]
0.0, 12.53298
0.04205607476635514, 12.40115
0.08411214953271028, 12.26443
0.1261682242990654, 12.30837
0.16822429906542055, 12.43045
0.2102803738317757, 12.50857
0.2523364485981308, 12.52322
0.29439252336448596, 12.51834
0.3364485981308411, 12.64041
0.37850467289719625, 12.73318
0.4205607476635514, 12.5574
0.46261682242990654, 12.25955
0.5046728971962616, 11.97634
0.5467289719626168, 11.67361
0.5887850467289719, 11.37087
0.6308411214953271, 11.07302
0.6728971962616822, 10.76541
0.7149532710280373, 10.44802
0.7570093457943925, 10.14041
0.7990654205607476, 9.823023
0.8411214953271028, 9.500758
0.8831775700934579, 9.198023
0.9252336448598131, 8.890406
0.9672897196261682, 8.587672
1.0093457943925233, 8.250758
1.0514018691588785, 7.918727
1.0934579439252337, 7.601344
1.1355140186915886, 7.288844
1.1775700934579438, 6.971461
1.219626168224299, 6.668727
1.2616822429906542, 6.346461
1.3037383177570092, 6.009547
1.3457943925233644, 5.677516
1.3878504672897196, 5.35525
1.4299065420560746, 5.037867
1.4719626168224298, 4.681422
1.514018691588785, 4.373805
1.5560747663551402, 4.085719
1.5981308411214952, 3.753687
1.6401869158878504, 3.431422
1.6822429906542056, 3.089625
1.7242990654205606, 2.762477
1.7663551401869158, 2.381617
1.808411214953271, 2.044703
1.8504672897196262, 1.732203
1.8925233644859811, 1.361109
1.9345794392523363, 0.9900156
1.9766355140186915, 0.66775
2.0186915887850465, 0.3454844
2.060747663551402, 0.0036875
2.102803738317757, -0.2990469
2.144859813084112, -0.5724844
2.1869158878504673, -0.8556875
2.2289719626168223, -1.129125
2.2710280373831773, -1.343969
2.3130841121495327, -1.651586
2.3551401869158877, -1.949438
2.3971962616822426, -2.310766
2.439252336448598, -2.64768
2.481308411214953, -2.984594
2.5233644859813085, -3.301977
2.5654205607476634, -3.643773
2.6074766355140184, -3.995336
2.649532710280374, -4.346898
2.691588785046729, -4.639867
2.733644859813084, -4.967016
2.7757009345794392, -5.333227
2.817757009345794, -5.679906
2.859813084112149, -5.972875
2.9018691588785046, -6.246313
2.9439252336448596, -6.578344
2.985981308411215, -6.983617
3.02803738317757, -7.291234
3.070093457943925, -7.633031
3.1121495327102804, -7.921117
3.1542056074766354, -8.311742
3.1962616822429903, -8.653539
3.2383177570093458, -9.01975
3.2803738317757007, -9.381078
3.3224299065420557, -9.674047
3.364485981308411, -9.95725
3.406542056074766, -10.14768
3.448598130841121, -10.36252
3.4906542056074765, -10.58225
3.5327102803738315, -10.80198
3.574766355140187, -11.1633
3.616822429906542, -11.39768
3.658878504672897, -11.80295
3.7009345794392523, -12.26682
3.7429906542056073, -12.67698
3.7850467289719623, -12.95041
3.8271028037383177, -13.20432
3.8691588785046727, -13.67307
3.9112149532710276, -14.0637
3.953271028037383, -14.66428
3.995327102803738, -15.29905
4.037383177570093, -15.5676
4.079439252336448, -15.80198
4.121495327102804, -16.10959
4.163551401869158, -16.61741
4.205607476635514, -16.69065
4.247663551401869, -16.73459
4.289719626168224, -17.29612
4.331775700934579, -17.38401
4.373831775700935, -17.7258
4.415887850467289, -17.91623
4.457943925233645, -18.28245
4.5, -18.34592
4.5420560747663545, -18.48264
4.58411214953271, -18.87815
4.626168224299065, -19.37131
4.66822429906542, -19.62522
4.710280373831775, -19.71311
4.752336448598131, -19.97678
4.794392523364485, -19.96702
4.836448598130841, -20.05979
4.878504672897196, -20.38694
4.920560747663552, -20.79221
4.962616822429906, -20.51389
5.0046728971962615, -20.27952
5.046728971962617, -20.31858
5.0887850467289715, -20.91916
5.130841121495327, -21.14866
5.172897196261682, -21.17307
5.214953271028037, -21.39768
5.257009345794392, -21.92502
5.299065420560748, -22.06663
5.341121495327102, -22.79905
5.383177570093458, -23.96116
5.425233644859813, -24.14182
5.467289719626168, -24.74729
5.509345794392523, -25.51877
5.5514018691588785, -26.66623
5.593457943925233, -26.50022
5.635514018691588, -26.43186
5.677570093457944, -26.43186
5.719626168224298, -26.49534
5.761682242990654, -26.90061
5.803738317757009, -27.23752
5.845794392523364, -27.68674
5.887850467289719, -27.05198
5.929906542056075, -26.54905
5.97196261682243, -26.4758
6.0140186915887845, -26.38791
6.05607476635514, -26.51487
6.098130841121495, -26.09495
6.14018691588785, -25.47971
6.182242990654205, -25.48459
6.224299065420561, -26.74436
6.266355140186915, -25.94358
6.308411214953271, -25.20139
6.350467289719626, -25.22092
6.392523364485981, -25.53342
6.434579439252336, -25.80198
6.4766355140186915, -26.85666
6.518691588785046, -26.94455
6.5607476635514015, -26.93967
6.602803738317757, -27.26194
6.644859813084111, -27.11545
6.686915887850467, -26.73459
6.728971962616822, -26.07053
6.771028037383177, -26.06077
6.813084112149532, -26.29514
6.855140186915888, -26.90549
6.897196261682242, -27.20823
6.939252336448598, -26.77854
6.981308411214953, -26.61741
7.0233644859813085, -26.80295
7.065420560747663, -26.88108
7.107476635514018, -26.95432
7.149532710280374, -27.6428
7.191588785046728, -27.36448
7.233644859813084, -27.11545
7.275700934579439, -26.91526
7.317757009345794, -26.80784
7.359813084112149, -26.81272
7.401869158878505, -27.85276
7.443925233644859, -29.92307
7.485981308411215, -30.65061
7.52803738317757, -30.02073
7.5700934579439245, -30.07444
7.61214953271028, -31.52952
7.654205607476635, -32.17405
7.69626168224299, -33.43381
7.738317757009345, -34.05393
7.780373831775701, -33.79026
7.822429906542055, -34.55686
7.864485981308411, -34.57151
7.906542056074766, -38.09202
7.948598130841121, -37.72092
7.990654205607476, -37.68674
8.03271028037383, -37.17405
8.074766355140186, -37.99436
8.116822429906541, -38.15061
8.158878504672897, -39.32737
8.200934579439252, -42.46702
8.242990654205608, -52.57932
8.285046728971961, -47.86741
8.327102803738317, -48.25803
8.369158878504672, -52.19846
8.411214953271028, -46.676
8.453271028037383, -42.79905
8.495327102803738, -41.74436
8.537383177570092, -44.17112
8.579439252336448, -39.06858
8.621495327102803, -36.04123
8.663551401869158, -35.91428
8.705607476635514, -31.85666
8.74766355140187, -30.48459
8.789719626168225, -30.52854
8.831775700934578, -30.81174
8.873831775700934, -34.43967
8.91588785046729, -37.52073
8.957943925233645, -38.6926
9.0, -39.08323
9.042056074766355, -40.7678
9.084112149532709, -38.11643
9.126168224299064, -36.57346
9.16822429906542, -35.73362
9.210280373831775, -35.75803
9.25233644859813, -41.73459
9.294392523364486, -38.08225
9.33644859813084, -37.14963
9.378504672897195, -38.78538
9.42056074766355, -42.87717
9.462616822429906, -40.48948
9.504672897196262, -42.46702
9.546728971962617, -40.98752
9.58878504672897, -43.10178
9.630841121495326, -45.44065
9.672897196261681, -51.7883
9.714953271028037, -42.47678
9.757009345794392, -38.03342
9.799065420560748, -35.0842
9.841121495327103, -35.38205
9.883177570093457, -34.52268
9.925233644859812, -34.04416
9.967289719626168, -35.30881
10.009345794392523, -40.17698
10.051401869158878, -40.1428
10.093457943925234, -42.21311
10.135514018691588, -40.3137
10.177570093457943, -36.37327
10.219626168224298, -35.0842
10.261682242990654, -35.86545
10.30373831775701, -35.95334
10.345794392523365, -36.13401
10.387850467289718, -37.30588
10.429906542056074, -36.62717
10.47196261682243, -36.7053
10.514018691588785, -39.39084
10.55607476635514, -36.98362
10.598130841121495, -36.69553
10.640186915887849, -39.00022
10.682242990654204, -39.92307
10.72429906542056, -36.8469
10.766355140186915, -36.03147
10.80841121495327, -35.52854
10.850467289719626, -37.06174
10.892523364485982, -34.50803
10.934579439252335, -31.43674
10.97663551401869, -30.84592
11.018691588785046, -31.23655
11.060747663551401, -33.33616
11.102803738317757, -33.28733
11.144859813084112, -33.24338
11.186915887850466, -32.7844
11.228971962616821, -32.76975
11.271028037383177, -31.41233
11.313084112149532, -31.01682
11.355140186915888, -31.65159
11.397196261682243, -32.15452
11.439252336448597, -34.47873
11.481308411214952, -34.40061
11.523364485981308, -36.75413
11.565420560747663, -40.2844
11.607476635514018, -37.40354
11.649532710280374, -37.46213
11.691588785046727, -38.89768
11.733644859813083, -39.91819
11.775700934579438, -39.36643
11.817757009345794, -36.50998
11.85981308411215, -36.32444
11.901869158878505, -32.92112
11.94392523364486, -32.18381
11.985981308411214, -31.63205
12.028037383177569, -30.52854
12.070093457943925, -29.48362
12.11214953271028, -29.84983
12.154205607476635, -31.06077
12.19626168224299, -31.59788
12.238317757009344, -30.58713
12.2803738317757, -28.77073
12.322429906542055, -28.82932
12.36448598130841, -28.92209
12.406542056074766, -28.94163
12.448598130841122, -29.3176
12.490654205607475, -29.0051
12.53271028037383, -28.46799
12.574766355140186, -28.7512
12.616822429906541, -28.41428
12.658878504672897, -28.4094
12.700934579439252, -29.30295
12.742990654205606, -29.52268
12.785046728971961, -31.40256
12.827102803738317, -31.06077
12.869158878504672, -30.36741
12.911214953271028, -30.9387
12.953271028037383, -30.39182
12.995327102803738, -30.89963
13.037383177570092, -30.74338
13.079439252336448, -30.10373
13.121495327102803, -29.97678
13.163551401869158, -30.15745
13.205607476635514, -31.60276
13.24766355140187, -31.30002
13.289719626168223, -30.39182
13.331775700934578, -30.37229
13.373831775700934, -31.11936
13.41588785046729, -31.17795
13.457943925233645, -32.82346
13.5, -32.8967
13.542056074766354, -33.44846
13.584112149532709, -33.74143
13.626168224299064, -35.6262
13.66822429906542, -37.74534
13.710280373831775, -37.85276
13.75233644859813, -37.93088
13.794392523364484, -38.62424
13.83644859813084, -39.46897
13.878504672897195, -40.43577
13.92056074766355, -37.87717
13.962616822429906, -36.09495
14.004672897196262, -36.19748
14.046728971962617, -34.71799
14.08878504672897, -33.11155
14.130841121495326, -32.1594
14.172897196261681, -31.65647
14.214953271028037, -31.71506
14.257009345794392, -31.81272
14.299065420560748, -33.17502
14.341121495327101, -35.48948
14.383177570093457, -33.91233
14.425233644859812, -32.4133
14.467289719626168, -31.7053
14.509345794392523, -30.32346
14.551401869158878, -30.37229
14.593457943925232, -29.39084
14.635514018691588, -29.12229
14.677570093457943, -28.94651
14.719626168224298, -28.62913
14.761682242990654, -28.69748
14.80373831775701, -27.84788
14.845794392523363, -27.56467
14.887850467289718, -26.86155
14.929906542056074, -27.31077
14.97196261682243, -27.14475
15.014018691588785, -26.45627
15.05607476635514, -25.79221
15.098130841121495, -25.79709
15.140186915887849, -25.8508
15.182242990654204, -26.10959
15.22429906542056, -26.15354
15.266355140186915, -25.45041
15.30841121495327, -25.41623
15.350467289719626, -26.07541
15.39252336448598, -26.6467
15.434579439252335, -26.5051
15.47663551401869, -26.52463
15.518691588785046, -27.8137
15.560747663551401, -29.0051
15.602803738317757, -29.82053
15.64485981308411, -29.75705
15.686915887850466, -29.77659
15.728971962616821, -29.69846
15.771028037383177, -29.54709
15.813084112149532, -29.63987
15.855140186915888, -29.5178
15.897196261682241, -30.18186
15.939252336448597, -30.97776
15.981308411214952, -32.78928
16.023364485981308, -34.5178
16.06542056074766, -35.94358
16.10747663551402, -35.97288
16.149532710280372, -37.5842
16.19158878504673, -41.60276
16.233644859813083, -44.90842
16.27570093457944, -44.06858
16.317757009345794, -44.33225
16.359813084112147, -43.08225
16.401869158878505, -40.48459
16.44392523364486, -40.42112
16.485981308411215, -42.03245
16.52803738317757, -41.07541
16.570093457943923, -38.49241
16.61214953271028, -35.60666
16.654205607476634, -36.45627
16.69626168224299, -38.8928
16.738317757009344, -37.25705
16.7803738317757, -35.87034
16.822429906542055, -36.25608
16.86448598130841, -36.14377
16.906542056074766, -36.35862
16.94859813084112, -36.66135
16.990654205607477, -37.85276
17.03271028037383, -37.38401
17.074766355140184, -38.77073
17.11682242990654, -38.60959
17.158878504672895, -34.59104
17.200934579439252, -32.7258
17.242990654205606, -31.96897
17.285046728971963, -31.63205
17.327102803738317, -32.39377
17.36915887850467, -32.9553
17.411214953271028, -33.73655
17.45327102803738, -32.85276
17.49532710280374, -32.88205
17.537383177570092, -32.26682
17.57943925233645, -32.29123
17.621495327102803, -30.80686
17.663551401869157, -30.25022
17.705607476635514, -30.55295
17.747663551401867, 12.51345
17.789719626168225, 12.40603
17.83177570093458, 12.32791
17.873831775700932, 12.44021
17.91588785046729, 12.57205
17.957943925233643, 12.63552
18.0, 12.62576
18.042056074766354, 12.56228
18.08411214953271, -27.3765
18.126168224299064, -27.40208
18.168224299065418, -27.42812
18.210280373831775, -27.45462
18.25233644859813, -27.48158
18.294392523364486, -27.509
18.33644859813084, -27.53687
18.378504672897197, -27.56521
18.42056074766355, -27.59401
18.462616822429904, -27.62327
18.50467289719626, -27.65333
18.546728971962615, -27.68387
18.588785046728972, -27.71489
18.630841121495326, -27.74639
18.67289719626168, -27.77836
18.714953271028037, -27.81082
18.75700934579439, -27.84375
18.799065420560748, -27.87716
18.8411214953271, -27.91104
18.88317757009346, -27.94541
18.925233644859812, -27.98025
18.967289719626166, -28.01557
19.009345794392523, -28.05137
19.051401869158877, -28.08765
19.093457943925234, -28.1244
19.135514018691588, -28.16164
19.17757009345794, -28.19935
19.2196261682243, -28.23754
19.261682242990652, -28.2762
19.30373831775701, -28.31535
19.345794392523363, -28.35497
19.38785046728972, -28.39507
19.429906542056074, -28.43565
19.471962616822427, -28.47671
19.514018691588785, -28.51824
19.556074766355138, -28.56025
19.598130841121495, -28.60274
19.64018691588785, -28.64571
19.682242990654206, -28.68916
19.72429906542056, -28.73308
19.766355140186914, -28.77748
19.80841121495327, -28.82236
19.850467289719624, -28.86772
19.89252336448598, -28.91356
19.934579439252335, -28.95987
19.97663551401869, -29.00666
20.018691588785046, -29.05393
20.0607476635514, -29.10269
20.102803738317757, -29.15198
20.14485981308411, -29.20179
20.186915887850468, -29.25215
20.22897196261682, -29.30303
20.271028037383175, -29.35444
20.313084112149532, -29.40638
20.355140186915886, -29.45886
20.397196261682243, -29.51186
20.439252336448597, -29.5654
20.481308411214954, -29.61947
20.523364485981308, -29.67407
20.56542056074766, -29.7292
20.60747663551402, -29.78486
20.649532710280372, -29.84105
20.69158878504673, -29.89778
20.733644859813083, -29.95503
20.775700934579437, -30.01282
20.817757009345794, -30.07113
20.859813084112147, -30.12998
20.901869158878505, -30.18936
20.94392523364486, -30.24927
20.985981308411215, -30.30971
21.02803738317757, -30.37068
21.070093457943923, -30.43219
21.11214953271028, -30.49422
21.154205607476634, -30.55679
21.19626168224299, -30.61988
21.238317757009344, -30.68351
21.280373831775698, -30.74767
21.322429906542055, -30.81236
21.36448598130841, -30.87758
21.406542056074766, -30.94333
21.44859813084112, -31.00961
21.490654205607477, -31.07643
21.53271028037383, -31.14377
21.574766355140184, -31.21073
21.61682242990654, -31.27816
21.658878504672895, -31.34608
21.700934579439252, -31.41448
21.742990654205606, -31.48336
21.785046728971963, -31.55272
21.827102803738317, -31.62256
21.86915887850467, -31.69289
21.911214953271028, -31.76369
21.95327102803738, -31.83498
21.99532710280374, -31.90675
22.037383177570092, -31.97899
22.079439252336446, -32.05172
22.121495327102803, -32.12494
22.163551401869157, -32.19863
22.205607476635514, -32.2728
22.247663551401867, -32.34746
22.289719626168225, -32.42259
22.33177570093458, -32.49821
22.373831775700932, -32.57431
22.41588785046729, -32.65089
22.457943925233643, -32.72795
22.5, -32.80549
22.542056074766354, -32.88352
22.584112149532707, -32.96202
22.626168224299064, -33.04101
22.668224299065418, -33.12048
22.710280373831775, -33.20043
22.75233644859813, -33.28086
22.794392523364486, -33.36177
22.83644859813084, -33.44316
22.878504672897193, -33.52504
22.92056074766355, -33.60739
22.962616822429904, -33.69023
23.00467289719626, -33.77355
23.046728971962615, -33.85734
23.088785046728972, -33.94163
23.130841121495326, -34.02914
23.17289719626168, -34.11728
23.214953271028037, -34.20604
23.25700934579439, -34.29544
23.299065420560748, -34.38545
23.3411214953271, -34.4761
23.383177570093455, -34.56737
23.425233644859812, -34.65926
23.467289719626166, -34.75179
23.509345794392523, -34.84493
23.551401869158877, -34.93871
23.593457943925234, -35.03311
23.635514018691588, -35.12813
23.67757009345794, -35.22379
23.7196261682243, -35.32007
23.761682242990652, -35.41697
23.80373831775701, -35.5145
23.845794392523363, -35.61266
23.88785046728972, -35.71144
23.929906542056074, -35.81085
23.971962616822427, -35.91089
24.014018691588785, -36.01155
24.056074766355138, -36.11284
24.098130841121495, -36.21475
24.14018691588785, -36.31729
24.182242990654203, -36.42045
24.22429906542056, -36.52425
24.266355140186914, -36.62866
24.30841121495327, -36.73371
24.350467289719624, -36.83938
24.39252336448598, -36.94567
24.434579439252335, -37.0526
24.47663551401869, -37.16015
24.518691588785046, -37.26832
24.5607476635514, -37.37712
24.602803738317757, -37.48655
24.64485981308411, -37.59524
24.686915887850464, -37.70448
24.72897196261682, -37.81428
24.771028037383175, -37.92463
24.813084112149532, -38.03554
24.855140186915886, -38.14699
24.897196261682243, -38.259
24.939252336448597, -38.37156
24.98130841121495, -38.48467
25.023364485981308, -38.59834
25.06542056074766, -38.71256
25.10747663551402, -38.82733
25.149532710280372, -38.94265
25.19158878504673, -39.05853
25.233644859813083, -39.17496
25.275700934579437, -39.29194
25.317757009345794, -39.40947
25.359813084112147, -39.52756
25.401869158878505, -39.6462
25.44392523364486, -39.76539
25.485981308411212, -39.88514
25.52803738317757, -40.00543
25.570093457943923, -40.12628
25.61214953271028, -40.24768
25.654205607476634, -40.36964
25.69626168224299, -40.49215
25.738317757009344, -40.61521
25.780373831775698, -40.73882
25.822429906542055, -40.86298
25.86448598130841, -40.9877
25.906542056074766, -41.11297
25.94859813084112, -41.23879
25.990654205607477, -41.36517
26.03271028037383, -41.4921
26.074766355140184, -41.61958
26.11682242990654, -41.74761
26.158878504672895, -41.8762
26.200934579439252, -42.01001
26.242990654205606, -42.14463
26.28504672897196, -42.28005
26.327102803738317, -42.41627
26.36915887850467, -42.55328
26.411214953271028, -42.69109
26.45327102803738, -42.82971
26.49532710280374, -42.96912
26.537383177570092, -43.10933
26.579439252336446, -43.25034
26.621495327102803, -43.39215
26.663551401869157, -43.53475
26.705607476635514, -43.67816
26.747663551401867, -43.82237
26.78971962616822, -43.96737
26.83177570093458, -44.11317
26.873831775700932, -44.25977
26.91588785046729, -44.40718
26.957943925233643, -44.55538
27.0, -44.70437
27.042056074766354, -44.85417
27.084112149532707, -45.00477
27.126168224299064, -45.15616
27.168224299065418, -45.30836
27.210280373831775, -45.46135
27.25233644859813, -45.61515
27.294392523364486, -45.76974
27.33644859813084, -45.92513
27.378504672897193, -46.08132
27.42056074766355, -46.23831
27.462616822429904, -46.39609
27.50467289719626, -46.55468
27.546728971962615, -46.71406
27.58878504672897, -46.87425
27.630841121495326, -47.03523
27.67289719626168, -47.19701
27.714953271028037, -47.35959
27.75700934579439, -47.53486
27.799065420560748, -47.71155
27.8411214953271, -47.88967
27.883177570093455, -48.06921
27.925233644859812, -48.25017
27.967289719626166, -48.43256
28.009345794392523, -48.61637
28.051401869158877, -48.80161
28.093457943925234, -48.98827
28.135514018691588, -49.17636
28.17757009345794, -49.36587
28.2196261682243, -49.55681
28.261682242990652, -49.74917
28.30373831775701, -49.94295
28.345794392523363, -50.13816
28.387850467289717, -50.33479
28.429906542056074, -50.53285
28.471962616822427, -50.73234
28.514018691588785, -50.93324
28.556074766355138, -51.13558
28.598130841121495, -51.33933
28.64018691588785, -51.54451
28.682242990654203, -51.75112
28.72429906542056, -51.95915
28.766355140186914, -52.1686
28.80841121495327, -52.37948
28.850467289719624, -52.59179
28.892523364485978, -52.80552
28.934579439252335, -53.02067
28.97663551401869, -53.23725
29.018691588785046, -53.45525
29.0607476635514, -53.67467
29.102803738317757, -53.89552
29.14485981308411, -54.1178
29.186915887850464, -54.3415
29.22897196261682, -54.56663
29.271028037383175, -54.79725
29.313084112149532, -55.02953
29.355140186915886, -55.26345
29.397196261682243, -55.49901
29.439252336448597, -55.73622
29.48130841121495, -55.97508
29.523364485981308, -56.21558
29.56542056074766, -56.45772
29.60747663551402, -56.70151
29.649532710280372, -56.94695
29.691588785046726, -57.19403
29.733644859813083, -57.44275
29.775700934579437, -57.69312
29.817757009345794, -57.94514
29.859813084112147, -58.1988
29.901869158878505, -58.4541
29.94392523364486, -58.71105
29.985981308411212, -58.96965
30.02803738317757, -59.22989
30.070093457943923, -59.49178
30.11214953271028, -59.75531
30.154205607476634, -60.02048
30.19626168224299, -60.2873
30.238317757009344, -60.55577
30.280373831775698, -60.82588
30.322429906542055, -61.09764
30.36448598130841, -61.37104
30.406542056074766, -61.64608
30.44859813084112, -61.92278
30.490654205607473, -62.20111
30.53271028037383, -62.48109
30.574766355140184, -62.76272
30.61682242990654, -63.04599
30.658878504672895, -63.33091
30.700934579439252, -63.61747
30.742990654205606, -63.90568
30.78504672897196, -64.19553
30.827102803738317, -64.28561
30.86915887850467, -64.36673
30.911214953271028, -64.43889
30.95327102803738, -64.5021
30.995327102803735, -64.55636
31.037383177570092, -64.60165
31.079439252336446, -64.63799
31.121495327102803, -64.66538
31.163551401869157, -64.68381
31.205607476635514, -64.69328
31.247663551401867, -64.6938
31.28971962616822, -64.68536
31.33177570093458, -64.66797
31.373831775700932, -64.64161
31.41588785046729, -64.60631
31.457943925233643, -64.56205
31.5, -64.50883
