% Measurement ID: 139
% Mode ID: 3
% Date and time: 2018-05-04 01:47:44
% Sample ID: 0421
% Measurement type: ringdown
% Frequency [Hz]: 618841.5
% Quality factor: 4799952.32546
% Temperature [K]: 293.0
% Pressure [mBar]: 3.64e-07
% Notes: 
% 
%
% measurement data
% time [s], power [dBm]
0.012, 72.66242002105709
0.024, 72.67564843749999
0.036, 72.68814252471918
0.048, 72.69990132904049
0.06, 72.71239541625978
0.072, 72.72415422058108
0.084, 72.73517869567868
0.096, 72.74620221710208
0.108, 72.75722669219968
0.12, 72.76825021362299
0.132, 72.7778050765991
0.144, 72.78662370300289
0.156, 72.79323838806148
0.168, 72.79985307312009
0.18, 72.80573247528079
0.192, 72.81161187744138
0.204, 72.81749127960208
0.216, 72.82484029388428
0.228, 72.83145497894289
0.24, 72.83806966400148
0.252, 72.84394906616208
0.264, 72.84835885620119
0.276, 72.85203336334229
0.288, 72.85497354125978
0.3, 72.85791276550289
0.312, 72.86011766052249
0.324, 72.86305783843989
0.336, 72.86452745056148
0.348, 72.86599706268308
0.36, 72.86820195770258
0.372, 72.86967156982419
0.384, 72.87040685272218
0.396, 72.87040685272218
0.408, 72.87114213562009
0.42, 72.87040685272218
0.432, 72.87040685272218
0.444, 72.87040685272218
0.456, 72.87040685272218
0.468, 72.86967156982419
0.48, 72.86820195770258
0.492, 72.86746667480469
0.504, 72.86599706268308
0.516, 72.86379216766359
0.528, 72.86085294342038
0.54, 72.85791276550289
0.552, 72.85497354125978
0.564, 72.85129808044428
0.576, 72.84835885620119
0.588, 72.84394906616208
0.6, 72.83953927612299
0.612, 72.83512948608399
0.624, 72.82998536682129
0.636, 72.82410596466059
0.648, 72.81969617462158
0.66, 72.81455110168459
0.672, 72.8079373703003
0.684, 72.8020579681396
0.696, 72.79470800018308
0.708, 72.78809426879879
0.72, 72.78147958374018
0.732, 72.77560018157959
0.744, 72.77119039154049
0.756, 72.76678060150148
0.768, 72.76310609436038
0.78, 72.75943158721918
0.792, 72.75575708007808
0.804, 72.75208161926268
0.816, 72.74840711212158
0.828, 72.74473260498048
0.84, 72.74179242706299
0.852, 72.74032281494138
0.864, 72.73885320281978
0.876, 72.73738359069819
0.888, 72.73517869567868
0.9, 72.73223851776119
0.912, 72.72929929351808
0.924, 72.72635911560059
0.936, 72.72194932556148
0.948, 72.71753953552249
0.96, 72.71239541625978
0.972, 72.70798562622069
0.984, 72.70431111907959
0.996, 72.70063661193849
1.008, 72.69843171691889
1.02, 72.6969621047974
1.032, 72.6969621047974
1.044, 72.6969621047974
1.056, 72.6969621047974
1.068, 72.69622682189939
1.08, 72.69549153900148
1.092, 72.69475720977779
1.104, 72.69328664398189
1.116, 72.69108270263669
1.128, 72.68887780761719
1.14, 72.68593762969968
1.152, 72.68373273468019
1.164, 72.68226312255858
1.176, 72.68152783966059
1.188, 72.68299840545649
1.2, 72.68520234680179
1.212, 72.68887780761719
1.224, 72.69255231475829
1.236, 72.69622682189939
1.248, 72.69990132904049
1.26, 72.70284150695798
1.272, 72.7065160140991
1.284, 72.70945523834229
1.296, 72.71239541625978
1.308, 72.71460031127928
1.32, 72.71680520629879
1.332, 72.71827481842038
1.344, 72.719744430542
1.356, 72.72121499633789
1.368, 72.72268460845949
1.38, 72.72562383270258
1.392, 72.73003362274169
1.404, 72.73591302490229
1.416, 72.74326299285889
1.428, 72.75355218505858
1.44, 72.76678060150148
1.452, 72.78515409088129
1.464, 72.81087659454349
1.476, 72.84027455902098
1.488, 72.86820195770258
1.5, 72.87849114990229
1.512, 72.87849114990229
1.524, 72.85056375122069
1.536, 72.75722669219968
1.548, 72.5712878570557
1.56, 72.26114438629149
1.572, 71.79666493988039
1.584, 71.15065549468989
1.596, 70.30106900787348
1.608, 69.23320554351808
1.62, 67.94853757476808
1.632, 66.45147107696529
1.644, 64.79933332061769
1.656, 63.10530446624759
1.668, 61.52813123321529
1.68, 60.207450614929186
1.692, 59.22557614898679
1.704, 58.562661872863785
1.716, 58.140809761047386
1.728, 57.88799069976808
1.74, 57.744678245544385
1.752, 57.667510734558086
1.764, 57.629293190002386
1.776, 57.61459516143799
1.788, 57.616800056457485
1.8, 57.62414907073969
1.812, 57.63149808502199
1.824, 57.63590787506099
1.836, 57.63664220428468
1.848, 57.63664220428468
1.86, 57.63296865081789
1.872, 57.62414907073969
1.884, 57.60945104217529
1.896, 57.59034131622309
1.908, 57.567558036804186
1.92, 57.54036687469478
1.932, 57.50949834442139
1.944, 57.47569249725339
1.956, 57.43967984771729
1.968, 57.399993644714385
1.98, 57.35810254669188
1.992, 57.31547521209718
2.004, 57.27284978485109
2.016, 57.230958686828586
2.028, 57.189065681457485
2.04, 57.14864514923099
2.052, 57.10969327545169
2.064, 57.07221196746829
2.076, 57.03619931793209
2.088, 57.00018857574459
2.1, 56.963441596984886
2.112, 56.92595838165279
2.124, 56.888477073669385
2.136, 56.85026143646239
2.148, 56.811309562683086
2.16, 56.77162335968019
2.172, 56.731935249328586
2.184, 56.692249046325685
2.196, 56.65329717254639
2.208, 56.61434529876709
2.22, 56.575395332336385
2.232, 56.53717778778079
2.244, 56.498960243225085
2.256, 56.460010276794385
2.268, 56.42105840301508
2.28, 56.380635963439886
2.292, 56.34021543121339
2.304, 56.29905866241459
2.316, 56.25716756439209
2.328, 56.21527646636959
2.34, 56.17411969757079
2.352, 56.133697257995586
2.364, 56.09401105499269
2.376, 56.05432485198969
2.388, 56.01537297821039
2.4, 55.97642110443118
2.412, 55.938939796447784
2.424, 55.90072225189209
2.436, 55.863240943908686
2.448, 55.825023399352986
2.46, 55.78680776214598
2.472, 55.74859021759029
2.484, 55.70963834381099
2.496, 55.66921781158449
2.508, 55.628795372009286
2.52, 55.58764051055908
2.532, 55.546483741760284
2.544, 55.50459264373779
2.556, 55.46196530914308
2.568, 55.41860364532469
2.58, 55.375978218078586
2.592, 55.33335088348389
2.604, 55.28999112701419
2.616, 55.247363792419385
2.628, 55.204738365173284
2.64, 55.16284726715089
2.652, 55.12095426177979
2.664, 55.081268058776885
2.676, 55.04084752655029
2.688, 55.000425086975085
2.7, 54.96073888397218
2.712, 54.92031644439699
2.724, 54.878425346374485
2.736, 54.83579991912839
2.748, 54.79243825531009
2.76, 54.74834226226808
2.772, 54.703511940002386
2.784, 54.658679710388185
2.796, 54.61384938812259
2.808, 54.56901715850829
2.82, 54.52565740203859
2.832, 54.483030067443785
2.844, 54.441873298644985
2.856, 54.40145276641849
2.868, 54.361766563415486
2.88, 54.32134412384029
2.892, 54.28092168426508
2.904, 54.239766822814886
2.916, 54.198610054016086
2.928, 54.15671895599368
2.94, 54.114827857971186
2.952, 54.072934852600085
2.964, 54.03177999114989
2.976, 53.98988698577878
2.988, 53.948732124328586
3.0, 53.90904401397709
3.012, 53.86862348175049
3.024, 53.82893727874759
3.036, 53.78998540496829
3.048, 53.75103353118899
3.06, 53.71208165740968
3.072, 53.67239545440668
3.084, 53.633443580627386
3.096, 53.593757377624485
3.108, 53.55480550384519
3.12, 53.51658795928959
3.132, 53.478372322082485
3.144, 53.441625343322784
3.156, 53.40634893035889
3.168, 53.370336280822784
3.18, 53.33358930206299
3.192, 53.29537366485599
3.204, 53.25568555450438
3.216, 53.21306012725829
3.228, 53.169698463439886
3.24, 53.12339757537839
3.252, 53.07709668731688
3.264, 53.028590904235784
3.276, 52.97861455535889
3.288, 52.92790387725829
3.3, 52.87719319915769
3.312, 52.82721875762938
3.324, 52.77797673797609
3.336, 52.73020719146729
3.348, 52.68317006683348
3.36, 52.63686917877199
3.372, 52.59277318572998
3.384, 52.54941152191159
3.396, 52.50605176544188
3.408, 52.46342443084718
3.42, 52.42079900360109
3.432, 52.37890599822998
3.444, 52.33775113677979
3.456, 52.29659436798099
3.468, 52.25543759918209
3.48, 52.21722005462649
3.492, 52.179004417419385
3.504, 52.14225743865968
3.516, 52.10697911834718
3.528, 52.071704612731885
3.54, 52.03569005584718
3.552, 51.99894307708739
3.564, 51.96072743988039
3.576, 51.92030690765379
3.588, 51.87841390228269
3.6, 51.83578847503659
3.612, 51.792426811218284
3.624, 51.74906514739989
3.636, 51.70570348358149
3.648, 51.66307805633539
3.66, 51.62192128753659
3.672, 51.58150075531009
3.684, 51.543285118102986
3.696, 51.50580190277098
3.708, 51.46905492401119
3.72, 51.430839286804186
3.732, 51.39262364959718
3.744, 51.35367177581789
3.756, 51.31251500701899
3.768, 51.27135823822019
3.78, 51.22946523284909
3.792, 51.186839805602986
3.804, 51.14347814178468
3.816, 51.10011647796629
3.828, 51.05602239227289
3.84, 51.01118825531009
3.852, 50.965625511169385
3.864, 50.92005895233149
3.876, 50.87449239349369
3.888, 50.829662071227986
3.9, 50.787769065856885
3.912, 50.746612297058086
3.924, 50.70619176483149
3.936, 50.66650365447999
3.948, 50.626819358825685
3.96, 50.586395011901885
3.972, 50.54597447967529
3.984, 50.503349052429186
3.996, 50.460723625183086
4.008, 50.41589330291749
4.02, 50.36959050750728
4.032, 50.324023948669385
4.044, 50.27919362640379
4.056, 50.233627067565884
4.068, 50.18879674530029
4.08, 50.14323018646239
4.092, 50.099132286071786
4.104, 50.055774436950685
4.116, 50.01241277313228
4.128, 49.968314872741686
4.14, 49.924220787048284
4.152, 49.87938665008539
4.164, 49.83308766937259
4.176, 49.78531621551509
4.188, 49.73754476165769
4.2, 49.68904088592529
4.212, 49.640533195495586
4.224, 49.592761741638185
4.236, 49.544990287780784
4.248, 49.49942754364009
4.26, 49.45459340667718
4.272, 49.413436637878384
4.284, 49.37448476409909
4.296, 49.33994268035889
4.308, 49.30834172821039
4.32, 49.27967809295649
4.332, 49.254691825866686
4.344, 49.23117421722409
4.356, 49.20765660858149
4.368, 49.182666526794385
4.38, 49.15694402313228
4.392, 49.129016624450685
4.404, 49.098151908874485
4.416, 49.06581472015379
4.428, 49.03053639984129
4.44, 48.99452565765379
4.452, 48.956306205749485
4.464, 48.91735433197019
4.476, 48.877670036315884
4.488, 48.837249504089385
4.5, 48.795356498718284
4.512, 48.75346349334718
4.524, 48.713042961120586
4.536, 48.67335866546629
4.548, 48.63367055511468
4.56, 48.59471868133539
4.572, 48.55576680755619
4.584, 48.516082511901885
4.596, 48.47639440155029
4.608, 48.43670629119869
4.62, 48.397021995544385
4.632, 48.355865226745586
4.644, 48.31544469451899
4.656, 48.27502034759519
4.668, 48.236068473815884
4.68, 48.19858907318119
4.692, 48.16184209442139
4.704, 48.12656377410889
4.716, 48.093490348815884
4.728, 48.06115316009519
4.74, 48.029552207946786
4.752, 47.997951255798284
4.764, 47.96634648895259
4.776, 47.934009300231885
4.788, 47.90093968963619
4.8, 47.867866264343284
4.812, 47.83406041717529
4.824, 47.79878209686279
4.836, 47.762035118102986
4.848, 47.724555717468284
4.86, 47.68633626556399
4.872, 47.64738439178468
4.884, 47.60843251800539
4.896, 47.56727574920649
4.908, 47.52612279510499
4.92, 47.48569844818119
4.932, 47.44380925750728
4.944, 47.40118383026119
4.956, 47.357085929870586
4.968, 47.31298802947999
4.98, 47.268157707214385
4.992, 47.22479604339598
5.004, 47.18070195770259
5.016, 47.137340293884286
5.028, 47.09618352508539
5.04, 47.05576299285889
5.052, 47.01607488250728
5.064, 46.976386772155784
5.076, 46.935966239929186
5.088, 46.89480947113039
5.1, 46.85365270233149
5.112, 46.81102727508539
5.124, 46.767665611267084
5.136, 46.72283528900149
5.148, 46.67580007171629
5.16, 46.62802861785889
5.172, 46.58025716400149
5.184, 46.53248571014399
5.196, 46.48545049285889
5.208, 46.43841527557369
5.22, 46.39064382171629
5.232, 46.34287236785889
5.244, 46.29583715057369
5.256, 46.249538169860784
5.268, 46.20470403289789
5.28, 46.160609947204584
5.292, 46.11798451995848
5.304, 46.07682775115968
5.316, 46.036403404235784
5.328, 45.99671910858149
5.34, 45.959235893249485
5.352, 45.92102025604249
5.364, 45.88500951385499
5.376, 45.84973119354249
5.388, 45.81445287322999
5.4, 45.77917836761468
5.412, 45.744636283874485
5.424, 45.710094200134286
5.436, 45.674815879821786
5.448, 45.63733266448968
5.46, 45.596912132263185
5.472, 45.55281804656978
5.484, 45.50504659271239
5.496, 45.452865348815884
5.508, 45.39701055145259
5.52, 45.33821462249759
5.532, 45.27648137664789
5.544, 45.21401189422609
5.556, 45.151542411804186
5.568, 45.08980535125728
5.58, 45.03027700042718
5.592, 44.973685966491686
5.604, 44.919299827575685
5.616, 44.86859105682369
5.628, 44.82155583953859
5.64, 44.77745793914789
5.652, 44.73777364349369
5.664, 44.70029042816159
5.676, 44.66574834442139
5.688, 44.63414739227289
5.7, 44.60548375701899
5.712, 44.57829259490968
5.724, 44.55183385467529
5.736, 44.52463887786869
5.748, 44.49524282073968
5.76, 44.46437429046629
5.772, 44.430568443298284
5.784, 44.39308522796629
5.796, 44.35192845916749
5.808, 44.30857061004639
5.82, 44.26300405120848
5.832, 44.21449636077879
5.844, 44.163787590026885
5.856, 44.11234258270259
5.868, 44.061629997253384
5.88, 44.01238988494869
5.892, 43.96535466766359
5.904, 43.92125676727289
5.916, 43.878631340026885
5.928, 43.83821080780029
5.94, 43.79852269744869
5.952, 43.758838401794385
5.964, 43.716945396423284
5.976, 43.67431996917718
5.988, 43.63022206878659
6.0, 43.586127983093284
6.012, 43.54129384613039
6.024, 43.497199760436985
6.036, 43.455306755065884
6.048, 43.414886222839385
6.06, 43.37593434906009
6.072, 43.337718711852986
6.084, 43.301707969665486
6.096, 43.26348851776119
6.108, 43.225272880554186
6.12, 43.18558477020259
6.132, 43.14295934295649
6.144, 43.098865257263185
6.156, 43.05403112030029
6.168, 43.00773213958739
6.18, 42.96142934417718
6.192, 42.915130363464385
6.204, 42.868827568054186
6.216, 42.82326100921629
6.228, 42.778430686950685
6.24, 42.73286412811279
6.252, 42.68729756927489
6.264, 42.64026235198968
6.276, 42.59102223968509
6.288, 42.540313468933086
6.3, 42.486659751892084
6.312, 42.43080495452879
6.324, 42.373481498718284
6.336, 42.314685569763185
6.348, 42.254420982360784
6.36, 42.19415639495848
6.372, 42.13389180755619
6.384, 42.07436345672609
6.396, 42.01556752777098
6.408, 41.958240257263185
6.42, 41.903857933044385
6.432, 41.85388158416749
6.444, 41.80757878875728
6.456, 41.76495336151119
6.468, 41.725269065856885
6.48, 41.68852208709718
6.492, 41.65324376678468
6.504, 41.61723302459718
6.516, 41.58048604583739
6.528, 41.542266593933086
6.54, 41.501109825134286
6.552, 41.458484397888185
6.564, 41.41439031219478
6.576, 41.36808751678468
6.588, 41.321788536071786
6.6, 41.27548574066159
6.612, 41.22918675994869
6.624, 41.183620201110784
6.636, 41.13805364227289
6.648, 41.09322332000728
6.66, 41.05059407806399
6.672, 41.00870488739009
6.684, 40.96901677703859
6.696, 40.93300603485109
6.708, 40.899932609558086
6.72, 40.869067893981885
6.732, 40.840404258727986
6.744, 40.81247686004639
6.756, 40.78381322479249
6.768, 40.75221227264399
6.78, 40.71693395233149
6.792, 40.67724965667718
6.804, 40.63462041473389
6.816, 40.58905385589598
6.828, 40.542018638610784
6.84, 40.493514762878384
6.852, 40.44574330902098
6.864, 40.39797185516359
6.876, 40.351669059753384
6.888, 40.30757497406009
6.9, 40.26494954681399
6.912, 40.22305654144289
6.924, 40.18189977264399
6.936, 40.14001058197019
6.948, 40.09811757659909
6.96, 40.055492149352986
6.972, 40.01139424896239
6.984, 39.965827690124485
6.996, 39.918792472839385
7.008, 39.871021018981885
7.02, 39.82178090667718
7.032, 39.77180455780029
7.044, 39.72035955047609
7.056, 39.668914543151885
7.068, 39.61820577239989
7.08, 39.567493186950685
7.092, 39.518989311218284
7.104, 39.471950279235784
7.116, 39.42638753509519
7.128, 39.382289634704584
7.14, 39.34039662933348
7.152, 39.299243675231885
7.164, 39.258819328308086
7.176, 39.21839879608149
7.188, 39.17650579071039
7.2, 39.13167546844478
7.212, 39.08464025115968
7.224, 39.03466390228269
7.236, 38.983955131530784
7.248, 38.93251012420649
7.26, 38.88032888031009
7.272, 38.829616294860784
7.284, 38.78037618255619
7.296, 38.734809623718284
7.308, 38.692920433044385
7.32, 38.65470098114009
7.332, 38.62015889739989
7.344, 38.587089286804186
7.356, 38.556220756530784
7.368, 38.52388356781009
7.38, 38.490810142517084
7.392, 38.45406316375728
7.404, 38.413642631530784
7.416, 38.36881230926509
7.428, 38.32104085540769
7.44, 38.26885961151119
7.452, 38.21374105072019
7.464, 38.15715001678468
7.476, 38.09982656097409
7.488, 38.043971763610784
7.5, 37.99031804656978
7.512, 37.93960927581789
7.524, 37.89330648040769
7.536, 37.85141728973389
7.548, 37.813934074401885
7.56, 37.78086446380619
7.572, 37.75073217010499
7.584, 37.722804771423284
7.596, 37.695609794616686
7.608, 37.66768239593509
7.62, 37.63828633880619
7.632, 37.60741780853269
7.644, 37.57361196136468
7.656, 37.53833364105218
7.668, 37.50158666229249
7.68, 37.46337102508539
7.692, 37.42368291473389
7.704, 37.384731040954584
7.716, 37.344310508727986
7.728, 37.303153739929186
7.74, 37.26126454925539
7.752, 37.218635307311985
7.764, 37.17306874847409
7.776, 37.12676976776119
7.788, 37.08046697235109
7.8, 37.034167991638185
7.812, 36.98860143280029
7.824, 36.94229863739009
7.836, 36.897468315124485
7.848, 36.85410665130619
7.86, 36.81148122406009
7.872, 36.76959203338619
7.884, 36.72769902801509
7.896, 36.68580602264399
7.908, 36.64465306854249
7.92, 36.60349629974369
7.932, 36.56160329437259
7.944, 36.52118276214598
7.956, 36.482230888366686
7.968, 36.44474767303468
7.98, 36.40873693084718
7.992, 36.374931083679186
8.004, 36.34332631683348
8.016, 36.31172536468509
8.028, 36.27718328094478
8.04, 36.24117253875728
8.052, 36.19854329681399
8.064, 36.148570762634286
8.076, 36.09124349212649
8.088, 36.02730535125728
8.1, 35.96042607879639
8.112, 35.892810569763185
8.124, 35.828136192321786
8.136, 35.768607841491686
8.148, 35.71642659759519
8.16, 35.67086003875728
8.172, 35.631171928405784
8.184, 35.595897422790486
8.196, 35.56429265594478
8.208, 35.53416036224369
8.22, 35.505500541686985
8.232, 35.47757314300539
8.244, 35.44964574432369
8.256, 35.42392324066159
8.268, 35.40113805389399
8.28, 35.381293998718284
8.292, 35.362922416686985
8.304, 35.346019493102986
8.316, 35.328380332946786
8.328, 35.30853627777098
8.34, 35.285018669128384
8.352, 35.25488637542718
8.364, 35.21960805511468
8.376, 35.17698262786869
8.388, 35.12921117401119
8.4, 35.077766166686985
8.412, 35.02632115936279
8.424, 34.977813468933086
8.436, 34.93371938323968
8.448, 34.89476750946039
8.46, 34.86243032073968
8.472, 34.83597158050539
8.484, 34.81465886688228
8.496, 34.79408238983149
8.508, 34.774238334655784
8.52, 34.751453147888185
8.532, 34.72426198577879
8.544, 34.69266103363039
8.556, 34.655914054870586
8.568, 34.614757286071786
8.58, 34.56919072723389
8.592, 34.52215550994869
8.604, 34.47585271453859
8.616, 34.43322728729249
8.628, 34.39574407196039
8.64, 34.365611778259286
8.652, 34.34283040618899
8.664, 34.32372258758539
8.676, 34.30755208587649
8.688, 34.292854057311985
8.7, 34.275214897155784
8.712, 34.25316594696039
8.724, 34.22523854827879
8.736, 34.19069646453859
8.748, 34.150275932311985
8.76, 34.10470937347409
8.772, 34.05473302459718
8.784, 34.00255559539789
8.796, 33.948169456481885
8.808, 33.89084218597409
8.82, 33.829845176696786
8.832, 33.76590322113039
8.844, 33.69608663177489
8.856, 33.61965154266359
8.868, 33.536605583190884
8.88, 33.448413597106885
8.892, 33.358016716003384
8.904, 33.26908849334718
8.916, 33.18603871917718
8.928, 33.11401723480218
8.94, 33.05448506927489
8.952, 33.008186088561985
8.964, 32.973644004821786
8.976, 32.94865392303468
8.988, 32.92807744598389
9.0, 32.907497154235784
9.012, 32.88251088714598
9.024, 32.85017369842529
9.036, 32.807548271179186
9.048, 32.75389836883539
9.06, 32.688487754821786
9.072, 32.61278890228269
9.084, 32.528270469665486
9.096, 32.438609825134286
9.108, 32.34600804901119
9.12, 32.253406272888185
9.132, 32.164478050231885
9.144, 32.080695854186985
9.156, 32.004260765075685
9.168, 31.934444175720188
9.18, 31.869033561706487
9.192, 31.808032737731885
9.204, 31.747768150329584
9.216, 31.688239799499485
9.228, 31.62650655364989
9.24, 31.562564598083483
9.252, 31.49568532562259
9.264, 31.426601158142084
9.276, 31.355312095642084
9.288, 31.28108571624759
9.3, 31.20465062713619
9.312, 31.12674687957759
9.324, 31.047374473571786
9.336, 30.969470726013185
9.348, 30.893039451599087
9.36, 30.818809257507283
9.372, 30.748988853454584
9.384, 30.68210958099369
9.396, 30.619640098571786
9.408, 30.560847984313988
9.42, 30.505725608825685
9.432, 30.45501683807369
9.444, 30.406509147643987
9.456, 30.36094258880619
9.468, 30.316848503112787
9.48, 30.272018180847184
9.492, 30.224246726989684
9.504, 30.170596824645983
9.516, 30.109596000671388
9.528, 30.038306938171388
9.54, 29.956729637145983
9.552, 29.861922966003384
9.564, 29.756828056335387
9.576, 29.641441093444783
9.588, 29.51503347015379
9.6, 29.37907003021239
9.612, 29.234287010192887
9.624, 29.082889305114684
9.636, 28.927818046569783
9.648, 28.775684104919385
9.66, 28.630904899597184
9.672, 28.499351249694783
9.684, 28.383964286804186
9.696, 28.286216484069783
9.708, 28.204639183044385
9.72, 28.134822593688988
9.732, 28.071616874694783
9.744, 28.012820945739684
9.756, 27.95255635833739
9.768, 27.890823112487787
9.78, 27.828353630065884
9.792, 27.765884147643987
9.804, 27.704147087097184
9.816, 27.644618736267084
9.828, 27.584354148864684
9.84, 27.52335332489009
9.852, 27.457210289001488
9.864, 27.385184989929186
9.876, 27.30434392547609
9.888, 27.21467946624759
9.9, 27.116935478210387
9.912, 27.010368095397887
9.924, 26.898658500671388
9.936, 26.784744010925287
9.948, 26.670093284606885
9.96, 26.55544255828859
9.972, 26.444469200134286
9.984, 26.338638053893987
9.996, 26.23868535614009
10.008, 26.146083580017084
10.02, 26.058624015808086
10.032, 25.974841819763185
10.044, 25.893264518737787
10.056, 25.81021855926509
10.068, 25.725700126647887
10.08, 25.638240562438988
10.092, 25.54931615447999
10.104, 25.462592826843284
10.116, 25.379543052673284
10.128, 25.303111778259286
10.14, 25.231822715759286
10.152, 25.164943443298284
10.164, 25.100269065856885
10.176, 25.033389793395983
10.188, 24.962100730895983
10.2, 24.885665641784684
10.212, 24.804088340759286
10.224, 24.719569908142084
10.236, 24.63358281707759
10.248, 24.549800621032688
10.26, 24.469691978454584
10.272, 24.392524467468284
10.284, 24.318294273376488
10.296, 24.243331657409684
10.308, 24.166900382995586
10.32, 24.08679174041749
10.332, 24.002273307800287
10.344, 23.916286216735784
10.356, 23.834708915710387
10.368, 23.764152275085387
10.38, 23.71270726776119
10.392, 23.698009239196786
10.404, 23.74137090301509
10.416, 23.817069755554186
10.428, 23.918491111755387
10.44, 24.03314183807369
10.452, 24.15293477630619
10.464, 24.266849266052184
10.476, 24.367538200378384
10.488, 24.44911550140379
10.5, 24.50938008880619
10.512, 24.55053685760499
10.524, 24.574790702819783
10.536, 24.588752494811985
10.548, 24.596835838317887
10.56, 24.60418675994869
10.572, 24.613006340026885
10.584, 24.624030815124485
10.596, 24.63358281707759
10.608, 24.638728843688988
10.62, 24.638728843688988
10.632, 24.63285039520259
10.644, 24.612270103454584
10.656, 24.575523124694783
10.668, 24.523341880798284
10.68, 24.45646260833739
10.692, 24.380031333923284
10.704, 24.298454032897887
10.716, 24.216872917175287
10.728, 24.136031852722184
10.74, 24.058864341735784
10.752, 23.98537038421629
10.764, 23.91408132171629
10.776, 23.846465812683086
10.788, 23.781791435241686
10.8, 23.720058189392084
10.812, 23.659793601989684
10.824, 23.60026143646239
10.836, 23.537791954040486
10.848, 23.469444023132283
10.86, 23.393012748718284
10.872, 23.30922673797609
10.884, 23.216624961852986
10.896, 23.120349632263185
10.908, 23.025542961120586
10.92, 22.93955587005619
10.932, 22.866798149108888
10.944, 22.810939537048284
10.956, 22.77199147796629
10.968, 22.748470054626488
10.98, 22.735976921081487
10.992, 22.73156713104249
11.004, 22.733772026061985
11.016, 22.741122947692887
11.028, 22.75435231781009
11.04, 22.77419255828859
11.052, 22.801387535095188
11.064, 22.83813451385499
11.076, 22.881496177673284
11.088, 22.931472526550287
11.1, 22.985854850768987
11.112, 23.044650779724087
11.124, 23.109325157165486
11.136, 23.18281911468509
11.148, 23.267337547302184
11.16, 23.363612876892084
11.172, 23.469444023132283
11.184, 23.581153617858888
11.196, 23.691394554138185
11.208, 23.793552146911587
11.22, 23.87953923797609
11.232, 23.94421361541749
11.244, 23.98537038421629
11.256, 24.001537071227986
11.268, 24.002273307800287
11.28, 23.994922386169385
11.292, 23.966994987487787
11.304, 23.91922734832759
11.316, 23.85455297088619
11.328, 23.77297185516359
11.34, 23.677432762145983
11.352, 23.570865379333483
11.364, 23.457687126159684
11.376, 23.341563926696786
11.388, 23.23059056854249
11.4, 23.131374107360784
11.412, 23.047591911315884
11.424, 22.98144506072999
11.436, 22.931472526550287
11.448, 22.89766286468509
11.46, 22.877086387634286
11.472, 22.866798149108888
11.484, 22.869003044128384
11.496, 22.88002370452879
11.508, 22.896194206237787
11.52, 22.918975578308086
11.532, 22.946902976989684
11.544, 22.979240165710387
11.556, 23.013782249450685
11.568, 23.047591911315884
11.58, 23.078456626892084
11.592, 23.103446708679186
11.604, 23.122554527282688
11.616, 23.13651631927489
11.628, 23.149745689392084
11.64, 23.163711296081487
11.652, 23.182082878112787
11.664, 23.204868064880387
11.676, 23.229854331970188
11.688, 23.253371940612787
11.7, 23.268806205749485
11.712, 23.27174733734129
11.724, 23.270274864196786
11.736, 23.251903282165486
11.748, 23.210010276794385
11.76, 23.140926109313988
11.772, 23.04685567474369
11.784, 22.92779515838619
11.796, 22.79036305999759
11.808, 22.645580039977986
11.82, 22.503738151550287
11.832, 22.375858055114684
11.844, 22.272231803893987
11.856, 22.200942741393987
11.868, 22.161258445739684
11.88, 22.156112419128384
11.892, 22.176692710876488
11.904, 22.204620109558086
11.916, 22.234016166686985
11.928, 22.262679801940884
11.94, 22.289134727477986
11.952, 22.312656150817887
11.964, 22.330291496276885
11.976, 22.342052207946786
11.988, 22.346461997985784
12.0, 22.347194419860784
12.012, 22.343520866393987
12.024, 22.333968864440884
12.036, 22.32147191619869
12.048, 22.311919914245586
12.06, 22.327354179382283
12.072, 22.366306053161587
12.084, 22.430980430602986
12.096, 22.52284597015379
12.108, 22.638232933044385
12.12, 22.77199147796629
12.132, 22.91677068328859
12.144, 23.06375859832759
12.156, 23.205600486755387
12.168, 23.335685478210387
12.18, 23.45180486297609
12.192, 23.553962455749485
12.204, 23.645095573425287
12.216, 23.73034642791749
12.228, 23.81412862396239
12.24, 23.900851951599087
12.252, 23.994189964294385
12.264, 24.094875083923284
12.276, 24.20070623016359
12.288, 24.308742271423284
12.3, 24.41457341766359
12.312, 24.513789878845188
12.324, 24.602718101501488
12.336, 24.678413139343284
12.348, 24.739413963317887
12.36, 24.786449180602986
12.372, 24.820258842468284
12.384, 24.844508872985784
12.396, 24.862148033142084
12.408, 24.875377403259286
12.42, 24.887138114929186
12.432, 24.902572380065884
12.444, 24.923885093688988
12.456, 24.956222282409684
12.468, 25.001052604675287
12.48, 25.057643638610784
12.492, 25.124522911071786
12.504, 25.197280632018987
12.516, 25.27003835296629
12.528, 25.334712730407688
12.54, 25.381015525817887
12.552, 25.406001792907688
12.564, 25.408942924499485
12.576, 25.405265556335387
12.588, 25.37733815765379
12.6, 25.325160728454584
12.612, 25.254604087829584
12.624, 25.174495445251488
12.636, 25.094390617370586
12.648, 25.02089665985109
12.66, 24.959159599304186
12.672, 24.91286061859129
12.684, 24.879787193298284
12.696, 24.858474479675287
12.708, 24.84230397796629
12.72, 24.825401054382283
12.732, 24.801883445739684
12.744, 24.77028249359129
12.756, 24.730594383239684
12.768, 24.684295402526885
12.78, 24.636523948669385
12.792, 24.59242604827879
12.804, 24.55788396453859
12.816, 24.532161460876488
12.828, 24.516727195739684
12.84, 24.507911430358888
12.852, 24.502029167175287
12.864, 24.493209587097184
12.876, 24.477775321960387
12.888, 24.454257713317887
12.9, 24.423392997741686
12.912, 24.387378440856885
12.924, 24.34769414520259
12.936, 24.30653737640379
12.948, 24.263175712585387
12.96, 24.213199363708483
12.972, 24.151466117858888
12.984, 24.07429860687259
12.996, 23.97434590911869
13.008, 23.851611839294385
13.02, 23.703887687683086
13.032, 23.538528190612787
13.044, 23.362144218444783
13.056, 23.184287773132283
13.068, 23.018192039489684
13.08, 22.871204124450685
13.092, 22.749942527770983
13.104, 22.658809410095188
13.116, 22.597076164245586
13.128, 22.56400273895259
13.14, 22.56547139739989
13.152, 22.59560369110109
13.164, 22.640437828063988
13.176, 22.697761283874485
13.188, 22.762435661315884
13.2, 22.830051170349087
13.212, 22.899135337829584
13.224, 22.966014610290486
13.236, 23.029952751159684
13.248, 23.092422233581487
13.26, 23.15415547943119
13.272, 23.217361198425287
13.284, 23.283504234313988
13.296, 23.351119743347184
13.308, 23.42020391082759
13.32, 23.48634694671629
13.332, 23.548084007263185
13.344, 23.59952901458739
13.356, 23.637744651794385
13.368, 23.661262260436985
13.38, 23.669345603942887
13.392, 23.669345603942887
13.404, 23.661998497009286
13.416, 23.639949546813988
13.428, 23.60540746307369
13.44, 23.562045799255387
13.452, 23.512805686950685
13.464, 23.460624443054186
13.476, 23.40917943572999
13.488, 23.36140798187259
13.5, 23.320987449645983
13.512, 23.291591392517084
13.524, 23.273952232360784
13.536, 23.282035575866686
13.548, 23.304084526061985
13.56, 23.334949241638185
13.572, 23.369491325378384
13.584, 23.40403340911869
13.596, 23.434165702819783
13.608, 23.45621465301509
13.62, 23.46797536468509
13.632, 23.469444023132283
13.644, 23.46870778656009
13.656, 23.460624443054186
13.668, 23.443721519470188
13.68, 23.42020391082759
13.692, 23.392276512145983
13.704, 23.362144218444783
13.716, 23.333480583190884
13.728, 23.307021842956487
13.74, 23.282771812438988
13.752, 23.259986625671388
13.764, 23.235000358581487
13.776, 23.204868064880387
13.788, 23.163711296081487
13.8, 23.108588920593284
13.812, 23.03436254119869
13.824, 22.936614738464385
13.836, 22.81388066864009
13.848, 22.66542409515379
13.86, 22.491245018005387
13.872, 22.294280754089385
13.884, 22.08408712005619
13.896, 21.86948751068119
13.908, 21.665176139831487
13.92, 21.486587272643987
13.932, 21.34547780609129
13.944, 21.249934898376488
13.956, 21.199226127624485
13.968, 21.202163444518987
13.98, 21.233768211364684
13.992, 21.269778953552184
14.004, 21.300647483825685
14.016, 21.319019065856885
14.028, 21.321223960876488
14.04, 21.318286643981885
14.052, 21.297706352233888
14.064, 21.257285820007283
14.076, 21.201431022643987
14.088, 21.13675664520259
14.1, 21.07208226776119
14.112, 21.01916478729249
14.124, 20.991237388610784
14.136, 21.028720603942887
14.148, 21.099273429870586
14.16, 21.195552574157688
14.172, 21.305057273864684
14.184, 21.41676686859129
14.196, 21.520393119811985
14.208, 21.609321342468284
14.22, 21.680610404968284
14.232, 21.73205541229249
14.244, 21.766597496032688
14.256, 21.784969078063988
14.268, 21.790115104675287
14.28, 21.790115104675287
14.292, 21.782764183044385
14.304, 21.763656364440884
14.316, 21.734260307311985
14.328, 21.693835960388185
14.34, 21.644595848083483
14.352, 21.587272392272887
14.364, 21.52480290985109
14.376, 21.45939229583739
14.388, 21.395454154968284
14.4, 21.338126884460387
14.412, 21.29182790374759
14.424, 21.257285820007283
14.436, 21.236705528259286
14.448, 21.224948631286587
14.46, 21.217597709655784
14.472, 21.206573234558086
14.484, 21.183791862487787
14.496, 21.144839988708483
14.508, 21.086044059753384
14.52, 21.008876548767084
14.532, 20.91774343109129
14.544, 20.818526969909684
14.556, 20.72151540374759
14.568, 20.634059654235784
14.58, 20.559829460143987
14.592, 20.500301109313988
14.604, 20.452529655456487
14.616, 20.411372886657688
14.628, 20.373893486022887
14.64, 20.337878929138185
14.652, 20.304073081970188
14.664, 20.273940788268987
14.676, 20.253360496520983
14.688, 20.254096733093284
14.7, 20.276881919860784
14.712, 20.309951530456487
14.724, 20.34743474578859
14.736, 20.38197682952879
14.748, 20.404025779724087
14.76, 20.408435569763185
14.772, 20.40696309661869
14.784, 20.384181724548284
14.796, 20.332000480651885
14.808, 20.253360496520983
14.82, 20.14826940155028
14.832, 20.024062858581487
14.844, 19.88736699676508
14.856, 19.747726188659684
14.868, 19.60955785369869
14.88, 19.478736625671388
14.892, 19.358207450866686
14.904, 19.248702751159684
14.916, 19.14875005340579
14.928, 19.059821830749485
14.94, 18.985595451354982
14.952, 18.927535758972184
14.964, 18.89005254364008
14.976, 18.88417790985109
14.988, 18.915046440124485
15.0, 18.965018974304186
15.012, 19.02822087860109
15.024, 19.100982414245593
15.036, 19.18255590057369
15.048, 19.273689018249485
15.06, 19.37584661102288
15.072, 19.49050115203859
15.084, 19.616904960632283
15.096, 19.75213597869869
15.108, 19.88809941864008
15.12, 20.018920646667482
15.132, 20.13797734832758
15.144, 20.24013494110109
15.156, 20.323917137145983
15.168, 20.38859151458739
15.18, 20.438567863464385
15.192, 20.476783500671388
15.204, 20.509120689392084
15.216, 20.538516746520983
15.228, 20.56644414520259
15.24, 20.59731267547609
15.252, 20.629649864196786
15.264, 20.664928184509286
15.276, 20.70314382171629
15.288, 20.743564353942887
15.3, 20.786189781188988
15.312, 20.830287681579584
15.324, 20.874381767272887
15.336, 20.91701100921629
15.348, 20.956695304870586
15.36, 20.990504966735784
15.372, 21.016227470397887
15.384, 21.03092549896239
15.396, 21.033866630554186
15.408, 21.033130393981885
15.42, 21.021369682311985
15.432, 20.99491475677489
15.444, 20.95375798797609
15.456, 20.897903190612787
15.468, 20.82808278656009
15.48, 20.747974143981885
15.492, 20.661250816345188
15.504, 20.57232640838619
15.516, 20.485603080749485
15.528, 20.40623067474369
15.54, 20.338615165710387
15.552, 20.282760368347184
15.564, 20.23939870452879
15.576, 20.20558904266359
15.588, 20.17987035369869
15.6, 20.16075872039788
15.612, 20.14459203338619
15.624, 20.135040031433093
15.636, 20.132095085143987
15.648, 20.140914665222184
15.66, 20.151206718444783
15.672, 20.16002629852288
15.684, 20.16075872039788
15.696, 20.15855382537839
15.708, 20.13870977020258
15.72, 20.090942131042482
15.732, 20.010101066589385
15.744, 19.891036735534684
15.756, 19.73155950164788
15.768, 19.529449211120593
15.78, 19.28839086151119
15.792, 19.009849296569783
15.804, 18.698974357604982
15.816, 18.359428153991686
15.828, 18.000045524597184
15.84, 17.62816594696038
15.852, 17.25849889373778
15.864, 16.907928215026885
15.876, 16.594848381042482
15.888, 16.33247350311278
15.9, 16.12669347381589
15.912, 15.97456334686278
15.924, 15.865058647155792
15.936, 15.785682426452581
15.948, 15.723945365905792
15.96, 15.670295463561985
15.972, 15.621795402526885
15.984, 15.576957450866686
15.996, 15.539481864929186
16.008, 15.510078178405792
16.02, 15.489501701354982
16.032, 15.472602592468292
16.044, 15.453490959167482
16.056, 15.420417533874485
16.068, 15.361625419616686
16.08, 15.267554985046388
16.092, 15.137466178893987
16.104, 14.977256523132283
16.116, 14.806014762878391
16.128, 14.652412162780792
16.14, 14.54878209686278
16.152, 14.564216361999485
16.164, 14.681808219909684
16.176, 14.842757926940891
16.188, 15.016937004089385
16.2, 15.171279655456487
16.212, 15.28151677703859
16.224, 15.32781957244869
16.236, 15.32781957244869
16.248, 15.29327367401119
16.26, 15.171279655456487
16.272, 14.958144889831487
16.284, 14.65608190155028
16.296, 14.27391790008538
16.308, 13.832954154968292
16.32, 13.375091300964385
16.332, 12.95470403289788
16.344, 12.640151725768987
16.356, 12.515952812194783
16.368, 12.718055473327581
16.38, 13.046577201843292
16.392, 13.451522575378391
16.404, 13.882934318542482
16.416, 14.300376640319783
16.428, 14.672988639831487
16.44, 14.980926261901885
16.452, 15.213165031433093
16.464, 15.36824010467528
16.476, 15.449813591003391
16.488, 15.468925224304186
16.5, 15.468925224304186
16.512, 15.44026158905028
16.524, 15.38881658172609
16.536, 15.336639152526885
16.548, 15.312385307311985
16.56, 15.360892997741686
16.572, 15.445403800964385
16.584, 15.551238761901885
16.596, 15.662948356628391
16.608, 15.764373527526885
16.62, 15.84300969696038
16.632, 15.891517387390081
16.644, 15.906944023132283
16.656, 15.906944023132283
16.668, 15.890777336120593
16.68, 15.847419486999485
16.692, 15.783477531433093
16.704, 15.708511100768987
16.716, 15.630614982604982
16.728, 15.55858586883538
16.74, 15.497588859558093
16.752, 15.452758537292482
16.764, 15.42409490203859
16.776, 15.408660636901885
16.788, 15.402778373718292
16.8, 15.401313529968292
16.812, 15.40057347869869
16.824, 15.40498326873778
16.836, 15.42336248016359
16.848, 15.469657646179186
16.86, 15.554916130065891
16.872, 15.687934623718292
16.884, 15.870933280944783
16.896, 16.098762260436985
16.908, 16.361137138366686
16.92, 16.644820915222184
16.932, 16.93365453338619
16.944, 17.21366094207758
16.956, 17.47016118621829
16.968, 17.694312797546388
16.98, 17.87657903289788
16.992, 18.00739263153079
17.004, 18.081626640319783
17.016, 18.095588432311985
17.028, 18.092651115417482
17.04, 18.036796318054186
17.052, 17.915527091979982
17.064, 17.73106359100339
17.076, 17.496612297058093
17.088, 17.230567680358888
17.1, 16.957168327331487
17.112, 16.69994329071038
17.124, 16.480201469421388
17.136, 16.30821965789788
17.148, 16.18548558807369
17.16, 16.098762260436985
17.172, 16.03115056610109
17.184, 15.964271293640081
17.196, 15.884162651061985
17.208, 15.78200505828859
17.22, 15.661475883483888
17.232, 15.54168675994869
17.244, 15.449081169128391
17.256, 15.467452751159684
17.268, 15.619590507507283
17.28, 15.861381278991686
17.292, 16.175933586120593
17.304, 16.531646476745593
17.316, 16.896903739929186
17.328, 17.24306462860109
17.34, 17.546592460632283
17.352, 17.79132817840579
17.364, 17.965507255554186
17.376, 18.065459953308093
17.388, 18.092651115417482
17.4, 18.09191106414788
17.412, 18.050758110046388
17.424, 17.955215202331487
17.436, 17.82513402557369
17.448, 17.68476079559329
17.46, 17.55541204071038
17.472, 17.459869132995593
17.484, 17.40180944061278
17.496, 17.37682317352288
17.508, 17.36726354217528
17.52, 17.35036443328859
17.532, 17.299651847839385
17.544, 17.190879570007283
17.556, 17.01008580780028
17.568, 16.750655876159684
17.58, 16.41405461883538
17.592, 16.014251457214385
17.604, 15.574752555847184
17.616, 15.122031913757283
17.628, 14.67446111297609
17.64, 14.24745915985109
17.652, 13.840308891296388
17.664, 13.434623466491686
17.676, 13.003211723327581
17.688, 12.51448033905028
17.7, 11.941230522155792
17.712, 11.254066215515081
17.724, 10.453719841003391
17.736, 9.578407035827581
17.748, 8.725883232116686
17.76, 8.021079765319783
17.772, 7.59114049530028
17.784, 7.599227653503391
17.796, 7.882179008483888
17.808, 8.22979711151119
17.82, 8.569343315124485
17.832, 8.85964177703859
17.844, 9.08894322967528
17.856, 9.273414360046388
17.868, 9.436568962097184
17.88, 9.602660881042482
17.892, 9.78639958953859
17.904, 9.987037406921388
17.916, 10.185470329284684
17.928, 10.353767143249485
17.94, 10.46547673797609
17.952, 10.495612846374485
17.964, 10.49266790008538
17.976, 10.414764152526885
17.988, 10.217803703308093
18.0, 9.897369132995593
18.012, 9.461555229186985
18.024, 8.939017997741686
18.036, 8.37605260467528
18.048, 7.8527753219603795
18.06, 7.452972160339385
18.072, 7.2310254440307915
18.084, 7.3390576705932915
18.096, 7.579383598327581
18.108, 7.863067375183093
18.12, 8.13793157196038
18.132, 8.362090812683093
18.144, 8.50246404266359
18.156, 8.539947257995593
18.168, 8.53774236297609
18.18, 8.453956352233888
18.192, 8.24449895477288
18.204, 7.907897697448689
18.216, 7.44782994842528
18.228, 6.87678502655028
18.24, 6.2101971969603795
18.252, 5.4679105148314875
18.264, 4.671973930358888
18.276, 3.8334119186400812
18.288, 2.9676587448119847
18.3, 2.0849988327025812
18.312, 1.206016288757283
18.324, 0.37773870086668637
18.336, -0.31530786895751817
18.348, -0.7570040359497199
18.36, -0.5842898025513108
18.372, -0.008102668762219878
18.384, 0.7885663375853795
18.396, 1.707236991882283
18.408, 2.6663281784057915
18.42, 3.59602330780028
18.432, 4.460311637878391
18.444, 5.2275845870971835
18.456, 5.887557731628391
18.468, 6.443168388366686
18.48, 6.917205558776885
18.492, 7.34053014373778
18.504, 7.747680412292482
18.516, 8.155570732116686
18.528, 8.568603263854982
18.54, 8.972083793640081
18.552, 9.344695793151885
18.564, 9.663665519714385
18.576, 9.912803398132283
18.588, 10.08477758026119
18.6, 10.181792961120593
18.612, 10.214126335143987
18.624, 10.214126335143987
18.636, 10.197227226257283
18.648, 10.145782218933093
18.66, 10.071548210143987
18.672, 9.98188756561278
18.684, 9.87385533905028
18.696, 9.748176322936985
18.708, 9.60854314422609
18.72, 9.462287651061985
18.732, 9.328529106140081
18.744, 9.23298619842528
18.756, 9.269004570007283
18.768, 9.426276908874485
18.78, 9.664397941589385
18.792, 9.954696403503391
18.804, 10.255286918640081
18.816, 10.518394218444783
18.828, 10.708739982604982
18.84, 10.790321098327581
18.852, 10.791053520202581
18.864, 10.736671195983888
18.876, 10.531623588561985
18.888, 10.176650749206487
18.9, 9.690116630554186
18.912, 9.11981175994869
18.924, 8.533332572936985
18.936, 8.02989934539788
18.948, 7.690360771179186
18.96, 7.5889356002807915
18.972, 7.76972936248778
18.984, 8.032836662292482
18.996, 8.333427177429186
19.008, 8.639159904479982
19.02, 8.929458366393987
19.032, 9.193305717468292
19.044, 9.427749382018987
19.056, 9.62544225311278
19.068, 9.77758000946038
19.08, 9.87458776092528
19.092, 9.90472386932369
19.104, 9.903983818054186
19.116, 9.851806388854982
19.128, 9.704086051940891
19.14, 9.455672966003391
19.152, 9.10951970672609
19.164, 8.68032048797609
19.176, 8.206283317565891
19.188, 7.749152885436985
19.2, 7.386092887878391
19.212, 7.178840385436985
19.224, 7.291290031433093
19.236, 7.541900382995593
19.248, 7.8380811080932915
19.26, 8.116622673034684
19.272, 8.331222282409684
19.284, 8.451751457214385
19.296, 8.471595512390081
19.308, 8.464248405456487
19.32, 8.378257499694783
19.332, 8.21804021453859
19.344, 8.024757133483888
19.356, 7.842490898132283
19.368, 7.7160794601439875
19.38, 7.735191093444783
19.392, 7.890258537292482
19.404, 8.123969779968292
19.416, 8.408393608093292
19.428, 8.710448966979982
19.44, 9.000747428893987
19.452, 9.256507621765081
19.464, 9.469642387390081
19.476, 9.640144096374485
19.488, 9.781989799499485
19.5, 9.92089055633538
19.512, 10.082572685241686
19.524, 10.28615544891359
19.536, 10.544852958679186
19.548, 10.854255424499485
19.56, 11.207030998229982
19.572, 11.58258031463619
19.584, 11.961074577331487
19.596, 12.324866996765081
19.608, 12.659995780944783
19.62, 12.956908927917482
19.632, 13.208999382018987
19.644, 13.420654045104982
19.656, 13.594100700378391
19.668, 13.733741508483888
19.68, 13.847655998229982
19.692, 13.94172643280028
19.704, 14.021835075378391
19.716, 14.091651664733888
19.728, 14.152656303405792
19.74, 14.207771049499485
19.752, 14.259223686218292
19.764, 14.30992864227288
19.776, 14.36431859588619
19.788, 14.427520500183093
19.8, 14.504691825866686
19.812, 14.600967155456487
19.824, 14.717818962097184
19.836, 14.85451482391359
19.848, 15.005180107116686
19.86, 15.160255180358888
19.872, 15.30724309539788
19.884, 15.436591850280792
19.896, 15.540214286804186
19.908, 15.610770927429186
19.92, 15.643836723327581
19.932, 15.646781669616686
19.944, 15.63942693328859
19.956, 15.596801506042482
19.968, 15.520370231628391
19.98, 15.413070426940891
19.992, 15.282989250183093
20.004, 15.141143547058093
20.016, 15.002975212097184
20.028, 14.886123405456487
20.04, 14.803809867858888
20.052, 14.763389335632283
20.064, 14.79425023651119
20.076, 14.836143241882283
20.088, 14.867011772155792
20.1, 14.872153984069783
20.112, 14.86553929901119
20.124, 14.814094291686985
20.136, 14.70238469696038
20.148, 14.53261540985109
20.16, 14.322425590515081
20.172, 14.107085929870593
20.184, 13.928497062683093
20.196, 13.84471868133538
20.208, 13.97627233123778
20.22, 14.207771049499485
20.232, 14.513511405944783
20.244, 14.86407445526119
20.256, 15.232276664733888
20.268, 15.599006401061985
20.28, 15.948837028503391
20.292, 16.278823600768987
20.304, 16.583823905944783
20.316, 16.860892997741686
20.328, 17.104156242370593
20.34, 17.308471427917482
20.352, 17.466483818054186
20.364, 17.56864141082758
20.376, 17.607589469909684
20.388, 17.607589469909684
20.4, 17.573783622741686
20.412, 17.46134160614008
20.424, 17.272460685729982
20.436, 17.016700492858888
20.448, 16.71317266082758
20.46, 16.395683036804186
20.472, 16.100234733581487
20.484, 15.862113700866686
20.496, 15.698226676940891
20.508, 15.611503349304186
20.52, 15.591659294128391
20.532, 15.604156242370593
20.544, 15.604888664245593
20.556, 15.599006401061985
20.568, 15.562263236999485
20.58, 15.490241752624485
20.592, 15.387344108581487
20.604, 15.263145195007283
20.616, 15.12938665008538
20.628, 14.994888053893987
20.64, 14.867744194030792
20.652, 14.752364860534684
20.664, 14.648734794616686
20.676, 14.555396781921388
20.688, 14.469413505554186
20.7, 14.387832389831487
20.712, 14.30846379852288
20.724, 14.229087577819783
20.736, 14.15045140838619
20.748, 14.071075187683093
20.76, 13.986556755065891
20.772, 13.893218742370593
20.784, 13.78371404266359
20.796, 13.649955497741686
20.808, 13.485328422546388
20.82, 13.286163078308093
20.832, 13.054656730651885
20.844, 12.79963658905028
20.856, 12.538001762390081
20.868, 12.294730888366686
20.88, 12.088218437194783
20.892, 11.937553153991686
20.904, 11.852302299499485
20.916, 11.864059196472184
20.928, 11.941962944030792
20.94, 12.057349906921388
20.952, 12.20507024383538
20.964, 12.38292668914788
20.976, 12.592384086608888
20.988, 12.829765068054186
21.0, 13.087730155944783
21.012, 13.35451482391359
21.024, 13.61541722869869
21.036, 13.849860893249485
21.048, 14.038001762390081
21.06, 14.16661809539788
21.072, 14.22247289276119
21.084, 14.224677787780792
21.096, 14.198951469421388
21.108, 14.09459661102288
21.12, 13.909393058776885
21.132, 13.654365287780792
21.144, 13.342017875671388
21.156, 12.98998235321038
21.168, 12.626189933776885
21.18, 12.278564201354982
21.192, 11.97430394744869
21.204, 11.726630912780792
21.216, 11.539954887390081
21.228, 11.402518974304186
21.24, 11.290809379577581
21.252, 11.17836736297609
21.264, 11.042403923034684
21.276, 10.866019950866686
21.288, 10.650680290222184
21.3, 10.42064641571038
21.312, 10.219276176452581
21.324, 10.095802055358888
21.336, 10.221481071472184
21.348, 10.473563896179186
21.36, 10.810897575378391
21.372, 11.192329154968292
21.384, 11.580375419616686
21.396, 11.945640312194783
21.408, 12.271949516296388
21.42, 12.556373344421388
21.432, 12.809188591003391
21.444, 13.042167411804186
21.456, 13.270728813171388
21.468, 13.50958226776119
21.48, 13.767547355651885
21.492, 14.04829381561278
21.504, 14.349616752624485
21.516, 14.672256217956487
21.528, 15.009589897155792
21.54, 15.35353826141359
21.552, 15.693816886901885
21.564, 16.017921195983888
21.576, 16.310424552917482
21.588, 16.561774955749485
21.6, 16.75800298309329
21.612, 16.88808415985109
21.624, 16.94835637664788
21.636, 16.952026115417482
21.648, 16.93585942840579
21.66, 16.85207341766359
21.672, 16.702148185729982
21.684, 16.492690788268987
21.696, 16.23399327850339
21.708, 15.93560765838619
21.72, 15.607825981140081
21.732, 15.267554985046388
21.744, 14.931686149597184
21.756, 14.621543632507283
21.768, 14.352554069518987
21.78, 14.142364250183093
21.792, 13.998321281433093
21.804, 13.923354850768987
21.816, 13.957160697936985
21.828, 14.04756139373778
21.84, 14.173965202331487
21.852, 14.328300224304186
21.864, 14.500282035827581
21.876, 14.678130851745593
21.888, 14.852309928893987
21.9, 15.00811742401119
21.912, 15.137466178893987
21.924, 15.228599296569783
21.936, 15.27342961883538
21.948, 15.277106986999485
21.96, 15.267554985046388
21.972, 15.208755241393987
21.984, 15.095580802917482
21.996, 14.931686149597184
22.008, 14.719291435241686
22.02, 14.46132634735109
22.032, 14.16588567352288
22.044, 13.840308891296388
22.056, 13.49782537078859
22.068, 13.15313695526119
22.08, 12.821685539245593
22.092, 12.50933812713619
22.104, 12.22491429901119
22.116, 11.966216789245593
22.128, 11.728095756530792
22.14, 11.49880193328859
22.152, 11.267295585632283
22.164, 11.025497184753391
22.176, 10.76238988494869
22.188, 10.473563896179186
22.2, 10.15901158905028
22.212, 9.826080070495593
22.224, 9.488746391296388
22.236, 9.169051872253391
22.248, 8.897124992370593
22.26, 8.69354222869869
22.272, 8.567870841979982
22.284, 8.51422093963619
22.296, 8.53774236297609
22.308, 8.567870841979982
22.32, 8.58991979217528
22.332, 8.606826530456487
22.344, 8.631072746276885
22.356, 8.683990226745593
22.368, 8.791290031433093
22.38, 8.969878898620593
22.392, 9.220496879577581
22.404, 9.533576713561985
22.416, 9.887817131042482
22.428, 10.256759391784684
22.44, 10.612464653015081
22.452, 10.930694328308093
22.464, 11.188651786804186
22.476, 11.365043388366686
22.488, 11.44367955780028
22.5, 11.445884452819783
22.512, 11.406196342468292
22.524, 11.24010442352288
22.536, 10.943183647155792
22.548, 10.532356010436985
22.56, 10.046561943054186
22.572, 9.567382560729982
22.584, 9.187423454284684
22.596, 8.97869847869869
22.608, 9.112457023620593
22.62, 9.364539848327581
22.632, 9.653373466491686
22.644, 9.936324821472184
22.656, 10.183265434265081
22.668, 10.38390325164788
22.68, 10.544112907409684
22.692, 10.677139030456487
22.704, 10.79840062713619
22.716, 10.923339591979982
22.728, 11.061507926940891
22.74, 11.218787895202581
22.752, 11.39296697235109
22.764, 11.578170524597184
22.776, 11.76411412811278
22.788, 11.93975804901119
22.8, 12.088950859069783
22.812, 12.199928031921388
22.824, 12.262397514343292
22.836, 12.273421989440891
22.848, 12.269744621276885
22.86, 12.22491429901119
22.872, 12.134521232604982
22.884, 12.01104711151119
22.896, 11.869941459655792
22.908, 11.722953544616686
22.92, 11.578170524597184
22.932, 11.441474662780792
22.944, 11.318740592956487
22.956, 11.21364568328859
22.968, 11.136474357604982
22.98, 11.11956761932369
22.992, 11.207030998229982
23.004, 11.369453178405792
23.016, 11.600951896667482
23.028, 11.885375724792482
23.04, 12.199928031921388
23.052, 12.523299919128391
23.064, 12.832710014343292
23.076, 13.114921318054186
23.088, 13.364799247741686
23.1, 13.58454869842528
23.112, 13.785918937683093
23.124, 13.979942070007283
23.136, 14.182784782409684
23.148, 14.399589286804186
23.16, 14.628890739440891
23.172, 14.861869560241686
23.184, 15.085288749694783
23.196, 15.28151677703859
23.208, 15.437324272155792
23.22, 15.543891654968292
23.232, 15.595336662292482
23.244, 15.600478874206487
23.256, 15.592391716003391
23.268, 15.539481864929186
23.28, 15.446143852233888
23.292, 15.323409782409684
23.304, 15.181564079284684
23.316, 15.028701530456487
23.328, 14.874358879089385
23.34, 14.72737096405028
23.352, 14.59581731414788
23.364, 14.48851750946038
23.376, 14.413558708190891
23.388, 14.372398124694783
23.4, 14.372398124694783
23.412, 14.384895072936985
23.424, 14.386367546081487
23.436, 14.38048528289788
23.448, 14.342269645690891
23.46, 14.25775121307369
23.472, 14.121787773132283
23.484, 13.94245885467528
23.496, 13.735213981628391
23.508, 13.521346794128391
23.52, 13.325118766784684
23.532, 13.160491691589385
23.544, 13.035552726745593
23.556, 12.943687187194783
23.568, 12.876067863464385
23.58, 12.817275749206487
23.592, 12.751868949890081
23.604, 12.66808293914788
23.616, 12.559310661315891
23.628, 12.424087272643987
23.64, 12.26533483123778
23.652, 12.091155754089385
23.664, 11.911834465026885
23.676, 11.736915336608888
23.688, 11.573028312683093
23.7, 11.420898185729982
23.712, 11.275375114440891
23.724, 11.126182304382283
23.736, 10.963027702331487
23.748, 10.77709172821038
23.76, 10.57131169891359
23.772, 10.354499565124485
23.784, 10.153129325866686
23.796, 9.994384513854982
23.808, 9.903251396179186
23.82, 9.967193351745593
23.832, 10.102416740417482
23.844, 10.273658500671388
23.856, 10.449310050964385
23.868, 10.605117546081487
23.88, 10.712417350768987
23.892, 10.752105461120593
23.904, 10.752105461120593
23.916, 10.70507024383538
23.928, 10.561019645690891
23.94, 10.31334661102288
23.952, 9.967193351745593
23.964, 9.533576713561985
23.976, 9.045577751159684
23.988, 8.557578788757283
24.0, 8.135726676940891
24.012, 7.84175084686278
24.024, 7.792510734558093
24.036, 8.04018376922609
24.048, 8.440726982116686
24.06, 8.961059318542482
24.072, 9.568122611999485
24.084, 10.228828178405792
24.096, 10.907172904968292
24.108, 11.58258031463619
24.12, 12.22785924530028
24.132, 12.825355278015081
24.144, 13.363334403991686
24.156, 13.836631523132283
24.168, 14.248931632995593
24.18, 14.60463689422609
