% Measurement ID: 3721
% Mode ID: S
% Date and time: 2020-12-10 10:00:38
% Sample ID: DP74-42
% Measurement type: ringdown
% Frequency [Hz]: 1370528.4
% Quality factor: 358460557.370304
% Temperature [K]: 293.0
% Pressure [mBar]: 7.19e-08
% Notes: 
% 
%
% measurement data
% time [s], power [dBm]
0.5, -35.1081123352051
1.0, -35.141918182373
1.5, -35.1808700561523
2.0, -35.246280670166
2.5, -35.2867012023926
3.0, -35.3330001831055
3.5, -35.3925323486328
4.0, -35.4432411193848
4.5, -35.4821929931641
5.0, -35.5189399719238
5.5, -35.5645065307617
6.0, -35.5961074829102
6.5, -35.6343269348145
7.0, -35.6850357055664
7.5, -35.729133605957
8.0, -35.7827835083008
8.5, -35.8349647521973
9.0, -35.8695068359375
9.5, -35.9282989501953
10.0, -35.9643135070801
10.5, -36.015022277832
11.0, -36.0686721801758
11.5, -36.119384765625
12.0, -36.1561317443848
12.5, -36.1994934082031
13.0, -36.2582855224609
13.5, -36.3192863464355
14.0, -36.3692626953125
14.5, -36.4060096740723
15.0, -36.4530448913574
15.5, -36.5008163452148
16.0, -36.5478515625
16.5, -36.5875396728516
17.0, -36.6184043884277
17.5, -36.6904296875
18.0, -36.7271766662598
18.5, -36.745548248291
19.0, -36.7918510437012
19.5, -36.8396224975586
20.0, -36.8778381347656
20.5, -36.9292831420898
21.0, -36.9836692810059
21.5, -37.0380554199219
22.0, -37.0983200073242
22.5, -37.1291847229004
23.0, -37.1718139648438
23.5, -37.210765838623
24.0, -37.2592697143555
24.5, -37.3217391967773
25.0, -37.3481979370117
25.5, -37.4055213928223
26.0, -37.4430046081543
26.5, -37.509147644043
27.0, -37.5510406494141
27.5, -37.5944023132324
28.0, -37.650993347168
28.5, -37.6847991943359
29.0, -37.7252197265625
29.5, -37.7759323120117
30.0, -37.8310508728027
30.5, -37.8788223266602
31.0, -37.9295310974121
31.5, -37.974365234375
32.0, -37.996410369873
32.5, -38.0522651672363
33.0, -38.0993041992188
33.5, -38.1433982849121
34.0, -38.1852912902832
34.5, -38.2308578491211
35.0, -38.2889175415039
35.5, -38.3388938903809
36.0, -38.4013633728027
36.5, -38.4351692199707
37.0, -38.491024017334
37.5, -38.5490837097168
38.0, -38.596118927002
38.5, -38.6585884094238
39.0, -38.6975402832031
39.5, -38.7622146606445
40.0, -38.7952880859375
40.5, -38.8364448547363
41.0, -38.8842163085938
41.5, -38.9393348693848
42.0, -38.9841651916504
42.5, -39.0547218322754
43.0, -39.0936737060547
43.5, -39.1407089233398
44.0, -39.1884803771973
44.5, -39.2560920715332
45.0, -39.3126831054688
45.5, -39.3531036376953
46.0, -39.3825035095215
46.5, -39.4295387268066
47.0, -39.4927406311035
47.5, -39.5485992431641
48.0, -39.6066589355469
48.5, -39.6522216796875
49.0, -39.6779479980469
49.5, -39.7154273986816
50.0, -39.7690773010254
50.5, -39.8183174133301
51.0, -39.8749084472656
51.5, -39.939582824707
52.0, -39.9844131469727
52.5, -40.0380668640137
53.0, -40.0931854248047
53.5, -40.1563911437988
54.0, -40.2100410461426
54.5, -40.2688369750977
55.0, -40.3121948242188
55.5, -40.3562927246094
56.0, -40.3915710449219
56.5, -40.4378700256348
57.0, -40.4856414794922
57.5, -40.5370864868164
58.0, -40.5914726257324
58.5, -40.6414489746094
59.0, -40.7061233520508
59.5, -40.7443389892578
60.0, -40.795783996582
60.5, -40.8560485839844
61.0, -40.90087890625
61.5, -40.9523277282715
62.0, -41.0133247375488
62.5, -41.0691795349121
63.0, -41.0985794067383
63.5, -41.1551704406738
64.0, -41.2367477416992
64.5, -41.2911338806152
65.0, -41.3594818115234
65.5, -41.4043121337891
66.0, -41.4410591125488
66.5, -41.5035285949707
67.0, -41.5461540222168
67.5, -41.6049499511719
68.0, -41.6578636169434
68.5, -41.718864440918
69.0, -41.7526702880859
69.5, -41.7989730834961
70.0, -41.8599739074707
70.5, -41.9231758117676
71.0, -41.9849128723145
71.5, -42.0003471374512
72.0, -42.0517921447754
72.5, -42.1113204956055
73.0, -42.1649703979492
73.5, -42.2259712219238
74.0, -42.2715377807617
74.5, -42.348705291748
75.0, -42.3964767456055
75.5, -42.453067779541
76.0, -42.5059814453125
76.5, -42.5471382141113
77.0, -42.5860900878906
77.5, -42.6390037536621
78.0, -42.7147026062012
78.5, -42.788932800293
79.0, -42.8594856262207
79.5, -42.9271011352539
80.0, -42.9682579040527
80.5, -43.0255813598633
81.0, -43.0674743652344
81.5, -43.1402320861816
82.0, -43.1938819885254
82.5, -43.1931495666504
83.0, -43.2556190490723
83.5, -43.3349914550781
84.0, -43.3901100158691
84.5, -43.4290618896484
85.0, -43.4878578186035
85.5, -43.5150489807129
86.0, -43.5716400146484
86.5, -43.6377830505371
87.0, -44.0126037597656
87.5, -43.947193145752
88.0, -43.9361686706543
88.5, -43.8825187683105
89.0, -43.8876609802246
89.5, -43.9317588806152
90.0, -43.9883499145508
90.5, -44.0375900268555
91.0, -44.0846252441406
91.5, -44.1595878601074
92.0, -44.2294082641602
92.5, -44.2713012695313
93.0, -44.3227462768555
93.5, -44.3786010742188
94.0, -44.4241676330566
94.5, -44.4719390869141
95.0, -44.5277938842773
95.5, -44.5814437866211
96.0, -44.6226005554199
96.5, -44.6865386962891
97.0, -44.7409248352051
97.5, -44.7894287109375
98.0, -44.8166236877441
98.5, -44.8842353820801
99.0, -44.9408264160156
99.5, -44.9966812133789
100.0, -45.0613555908203
100.5, -45.1260299682617
101.0, -45.1686553955078
101.5, -45.2274513244629
102.0, -45.2840423583984
102.5, -45.3303413391113
103.0, -45.3942832946777
103.5, -45.4552841186523
104.0, -45.5118713378906
104.5, -45.5736083984375
105.0, -45.6199073791504
105.5, -45.6684150695801
106.0, -45.7272071838379
106.5, -45.7896766662598
107.0, -45.8367156982422
107.5, -45.8822822570801
108.0, -45.9351959228516
108.5, -45.9984016418457
109.0, -46.0447006225586
109.5, -46.1079063415527
110.0, -46.1608200073242
110.5, -46.213737487793
111.0, -46.2754707336426
111.5, -46.3335304260254
112.0, -46.3798332214355
112.5, -46.4400978088379
113.0, -46.482723236084
113.5, -46.5451927185059
114.0, -46.5841445922852
114.5, -46.6341209411621
115.0, -46.7054100036621
115.5, -46.7627334594727
116.0, -46.8369636535645
116.5, -46.8972282409668
117.0, -46.9589614868164
117.5, -47.0059967041016
118.0, -47.057445526123
118.5, -47.108154296875
119.0, -47.179443359375
119.5, -47.234561920166
120.0, -47.2970314025879
120.5, -47.3889007568359
121.0, -47.4256477355957
121.5, -47.4631271362305
122.0, -47.4962005615234
122.5, -47.5689582824707
123.0, -47.629222869873
123.5, -47.6909599304199
124.0, -47.7512245178223
124.5, -47.7997283935547
125.0, -47.8680801391602
125.5, -47.931282043457
126.0, -48.0562210083008
126.5, -48.0995826721191
127.0, -48.10693359375
127.5, -48.1517639160156
128.0, -48.2421607971191
128.5, -48.2818489074707
129.0, -48.3509330749512
129.5, -48.4266319274902
130.0, -48.4677886962891
130.5, -48.5280532836914
131.0, -48.573616027832
131.5, -48.6382904052734
132.0, -48.6728324890137
132.5, -48.7294235229492
133.0, -48.7896881103516
133.5, -48.8433380126953
134.0, -48.8947868347168
134.5, -48.9697494506836
135.0, -49.0278091430664
135.5, -49.0902786254883
136.0, -49.1461334228516
136.5, -49.2196273803711
137.0, -49.2784233093262
137.5, -49.3269271850586
138.0, -49.390869140625
138.5, -49.4489288330078
139.0, -49.5209503173828
139.5, -49.6047325134277
140.0, -49.6569137573242
140.5, -49.8994445800781
141.0, -49.8546104431152
141.5, -49.8663711547852
142.0, -49.8891525268555
142.5, -49.9729385375977
143.0, -50.0346717834473
143.5, -50.0648040771484
144.0, -50.1111068725586
144.5, -50.197093963623
145.0, -50.6939086914063
145.5, -52.2424201965332
146.0, -51.4237022399902
146.5, -50.9489326477051
147.0, -50.5248756408691
147.5, -50.5572128295898
148.0, -50.6152725219727
148.5, -50.5491256713867
149.0, -50.6108627319336
149.5, -52.4665756225586
150.0, -50.461669921875
150.5, -50.9173316955566
151.0, -51.0040512084961
151.5, -51.0349197387695
152.0, -51.0790176391602
152.5, -51.1275215148926
153.0, -51.2171859741211
153.5, -51.2612800598145
154.0, -51.3480033874512
154.5, -51.3913650512695
155.0, -51.4508934020996
155.5, -51.5170402526855
156.0, -51.586124420166
156.5, -51.67431640625
157.0, -51.7353134155273
157.5, -51.7816162109375
158.0, -51.8455543518066
158.5, -51.8947944641113
159.0, -51.9697608947754
159.5, -52.0388450622559
160.0, -52.124095916748
160.5, -52.1961212158203
161.0, -52.2585906982422
161.5, -52.3232650756836
162.0, -52.4349746704102
162.5, -52.4849510192871
163.0, -52.5437431335449
163.5, -52.5951919555664
164.0, -52.656925201416
164.5, -52.7407073974609
165.0, -52.7980346679688
165.5, -52.8443336486816
166.0, -52.9185638427734
166.5, -52.9994049072266
167.0, -53.0611419677734
167.5, -53.1265487670898
168.0, -53.2323799133301
168.5, -53.2933807373047
169.0, -53.3433570861816
169.5, -53.4197883605957
170.0, -53.475643157959
170.5, -53.5351753234863
171.0, -53.5969085693359
171.5, -53.6968612670898
172.0, -53.7291984558105
172.5, -53.8122444152832
173.0, -53.8761863708496
173.5, -53.9724617004395
174.0, -54.029052734375
174.5, -54.0907859802246
175.0, -54.1672210693359
175.5, -54.2532081604004
176.0, -54.3171463012695
176.5, -54.3818206787109
177.0, -54.4428215026855
177.5, -54.5280723571777
178.0, -54.5942192077637
178.5, -54.6478691101074
179.0, -54.7250366210938
179.5, -54.7786865234375
180.0, -54.8389511108398
180.5, -54.9109764099121
181.0, -54.9719734191895
181.5, -55.049877166748
182.0, -55.1285171508789
182.5, -55.1799621582031
183.0, -55.2725639343262
183.5, -55.3019599914551
184.0, -55.3769264221191
184.5, -55.4452743530273
185.0, -55.5312614440918
185.5, -55.5738868713379
186.0, -55.6459121704102
186.5, -55.7113227844238
187.0, -55.7833442687988
187.5, -55.8436088562012
188.0, -55.9362106323242
188.5, -55.9788398742676
189.0, -56.0530662536621
189.5, -56.1133308410645
190.0, -56.2140159606934
190.5, -56.2676696777344
191.0, -56.3389587402344
191.5, -56.400691986084
192.0, -56.4690399169922
192.5, -56.5410652160645
193.0, -56.5954513549805
193.5, -56.6770286560059
194.0, -56.7490501403809
194.5, -56.8416519165039
195.0, -56.9188232421875
195.5, -57.009952545166
196.0, -57.0481719970703
196.5, -57.1209297180176
197.0, -57.2054481506348
197.5, -57.2921714782715
198.0, -57.3384704589844
198.5, -57.4567947387695
199.0, -57.4663505554199
199.5, -57.5707092285156
200.0, -57.6552276611328
200.5, -57.7257804870605
201.0, -57.7919273376465
201.5, -57.8757095336914
202.0, -57.920539855957
202.5, -58.0109367370605
203.0, -58.0667915344238
203.5, -58.1748275756836
204.0, -58.2321548461914
204.5, -58.3063812255859
205.0, -58.365177154541
205.5, -58.4541053771973
206.0, -58.5349464416504
206.5, -58.6157913208008
207.0, -58.7061882019043
207.5, -58.7436676025391
208.0, -58.8031997680664
208.5, -58.8965377807617
209.0, -58.9582710266113
209.5, -59.0244140625
210.0, -59.1059913635254
210.5, -59.1816902160645
211.0, -59.2493057250977
211.5, -59.3139801025391
212.0, -59.3485221862793
212.5, -59.4264259338379
213.0, -59.4940376281738
213.5, -59.5917854309082
214.0, -59.6461715698242
214.5, -59.7079048156738
215.0, -59.7828712463379
215.5, -59.8534240722656
216.0, -59.9438209533691
216.5, -60.0026168823242
217.0, -60.0628814697266
217.5, -60.1400489807129
218.0, -60.198844909668
218.5, -60.291446685791
219.0, -60.3377456665039
219.5, -60.3899269104004
220.0, -60.45166015625
220.5, -60.5303001403809
221.0, -60.5736618041992
221.5, -60.644214630127
222.0, -60.6787567138672
222.5, -77.8255615234375
223.0, -59.9335327148438
223.5, -60.9572982788086
224.0, -61.0410804748535
224.5, -61.0984077453613
225.0, -61.1292724609375
225.5, -61.1733703613281
226.0, -61.2762603759766
226.5, -61.3291778564453
227.0, -61.3923797607422
227.5, -61.4945373535156
228.0, -61.5489234924316
228.5, -61.6363792419434
229.0, -61.6929702758789
229.5, -61.7965965270996
230.0, -61.8656806945801
230.5, -61.9244728088379
231.0, -61.9788589477539
231.5, -62.0810165405273
232.0, -62.1331977844238
232.5, -62.2221221923828
233.0, -62.2890014648438
233.5, -62.3713150024414
234.0, -62.4168815612793
234.5, -62.5168342590332
235.0, -62.5976753234863
235.5, -62.6226654052734
236.0, -62.6829299926758
236.5, -62.7520141601563
237.0, -62.8431434631348
237.5, -62.9386863708496
238.0, -62.9739646911621
238.5, -63.0739135742188
239.0, -63.1187477111816
239.5, -63.1819496154785
240.0, -63.2855758666992
240.5, -63.3112983703613
241.0, -63.4031677246094
241.5, -63.5266380310059
242.0, -63.5993957519531
242.5, -63.6530456542969
243.0, -63.733154296875
243.5, -63.8676452636719
244.0, -63.9551048278809
244.5, -64.0212478637695
245.0, -64.0888595581055
245.5, -64.1138534545898
246.0, -64.2071838378906
246.5, -64.3299255371094
247.0, -64.4203186035156
247.5, -64.485725402832
248.0, -64.5658340454102
248.5, -64.5930252075195
249.0, -64.6665191650391
249.5, -64.7951354980469
250.0, -64.8531951904297
250.5, -64.8811264038086
251.0, -64.9516754150391
251.5, -65.0663299560547
252.0, -65.1317367553711
252.5, -65.2037582397461
253.0, -65.3147354125977
253.5, -65.3647155761719
254.0, -65.4051361083984
254.5, -65.4734802246094
255.0, -65.5624084472656
255.5, -65.6454544067383
256.0, -65.7240982055664
256.5, -65.8152313232422
257.0, -65.8615264892578
257.5, -65.9431076049805
258.0, -66.0092544555664
258.5, -66.1114044189453
259.0, -66.1797561645508
259.5, -66.264274597168
260.0, -66.335563659668
260.5, -66.4421310424805
261.0, -66.5406112670898
261.5, -66.6148376464844
262.0, -66.6868667602539
262.5, -66.7192001342773
263.0, -66.8088607788086
263.5, -66.8742752075195
264.0, -66.9580535888672
264.5, -67.0219955444336
265.0, -67.1315002441406
265.5, -67.1998519897461
266.0, -67.2755508422852
266.5, -67.3527145385742
267.0, -67.4071044921875
267.5, -67.4754486083984
268.0, -67.5651092529297
268.5, -67.6562423706055
269.0, -67.7488479614258
269.5, -67.8223419189453
270.0, -67.9252319335938
270.5, -67.9752044677734
271.0, -68.0384140014648
271.5, -68.1214599609375
272.0, -68.1876068115234
272.5, -68.2434616088867
273.0, -68.2978439331055
273.5, -68.3977966308594
274.0, -68.481575012207
274.5, -68.5638885498047
275.0, -68.5947570800781
275.5, -68.6682510375977
276.0, -68.7887802124023
276.5, -68.7924575805664
277.0, -68.8637466430664
277.5, -68.9019622802734
278.0, -68.9423828125
278.5, -69.1364059448242
279.0, -69.2297439575195
279.5, -69.3657073974609
280.0, -69.4502258300781
280.5, -69.5317993164063
281.0, -69.6986312866211
281.5, -69.6912841796875
282.0, -69.764045715332
282.5, -69.8470916748047
283.0, -69.9595336914063
283.5, -70.0065689086914
284.0, -70.1278381347656
284.5, -70.2072067260742
285.0, -70.3100967407227
285.5, -70.3850631713867
286.0, -70.406379699707
286.5, -89.4360885620117
287.0, -65.4962692260742
287.5, -70.7518005371094
288.0, -70.8172073364258
288.5, -70.9039306640625
289.0, -70.9627227783203
289.5, -71.0589981079102
290.0, -71.1097106933594
290.5, -71.1346969604492
291.0, -71.1993713378906
291.5, -71.3926620483398
292.0, -71.4801177978516
292.5, -71.5212783813477
293.0, -71.5712509155273
293.5, -71.6557693481445
294.0, -71.7226486206055
294.5, -71.8027572631836
295.0, -71.8358306884766
295.5, -71.9482727050781
296.0, -72.0335235595703
296.5, -72.1305389404297
297.0, -72.2032928466797
297.5, -72.2518005371094
298.0, -72.3561630249023
298.5, -72.4083404541016
299.0, -72.5670928955078
299.5, -72.5781173706055
300.0, -72.7030563354492
300.5, -72.8154983520508
301.0, -72.866943359375
301.5, -72.975715637207
302.0, -73.0793380737305
302.5, -73.1763534545898
303.0, -73.1873779296875
303.5, -73.2285308837891
304.0, -73.2829208374023
304.5, -73.3711090087891
305.0, -73.4989929199219
305.5, -73.6342163085938
306.0, -73.7069778442383
306.5, -73.755485534668
307.0, -73.8451461791992
307.5, -73.9649429321289
308.0, -74.045783996582
308.5, -74.2060012817383
309.0, -74.3155059814453
309.5, -74.3081512451172
310.0, -74.3603363037109
310.5, -74.5139389038086
311.0, -74.6719512939453
311.5, -74.6601867675781
312.0, -74.7388305664063
312.5, -74.8872833251953
313.0, -74.9504928588867
313.5, -75.1136474609375
314.0, -75.1356964111328
314.5, -75.2371139526367
315.0, -75.2246170043945
315.5, -88.8606338500977
316.0, -66.977897644043
316.5, -75.1849365234375
317.0, -77.5822982788086
317.5, -86.6653747558594
318.0, -75.8397598266602
318.5, -76.0146789550781
319.0, -76.0139389038086
319.5, -76.1903305053711
320.0, -76.2432403564453
320.5, -76.3108596801758
321.0, -76.4144821166992
321.5, -76.4659271240234
322.0, -76.6650924682617
322.5, -76.6878814697266
323.0, -76.7900390625
323.5, -76.8767547607422
324.0, -76.9046859741211
324.5, -77.0083084106445
325.0, -77.0112533569336
325.5, -77.1611785888672
326.0, -77.1905746459961
326.5, -77.2728881835938
327.0, -77.3794555664063
327.5, -77.4544143676758
328.0, -77.6036071777344
328.5, -77.7469253540039
329.0, -77.8762741088867
329.5, -78.0137023925781
330.0, -78.109245300293
330.5, -78.1959686279297
331.0, -78.2694625854492
331.5, -78.3458938598633
332.0, -78.4517288208008
332.5, -78.6045913696289
333.0, -78.6670608520508
333.5, -78.7581939697266
334.0, -78.8970947265625
334.5, -79.0007247924805
335.0, -79.0639266967773
335.5, -79.1675567626953
336.0, -79.3571701049805
336.5, -79.3645172119141
337.0, -79.3997955322266
337.5, -79.5820617675781
338.0, -79.6217422485352
338.5, -79.6621704101563
339.0, -79.7378692626953
339.5, -79.8532485961914
340.0, -79.8863220214844
340.5, -79.8870544433594
341.0, -80.1663360595703
341.5, -80.2148361206055
342.0, -80.2133712768555
342.5, -80.2993545532227
343.0, -80.3684387207031
343.5, -80.3765258789063
344.0, -80.5337982177734
344.5, -80.6491851806641
345.0, -80.6264038085938
345.5, -80.749137878418
346.0, -80.9027404785156
346.5, -81.0144500732422
347.0, -81.1210174560547
347.5, -81.1180801391602
348.0, -81.1856918334961
348.5, -81.2408142089844
349.0, -81.252571105957
349.5, -81.3326797485352
350.0, -81.4208679199219
350.5, -81.5597763061523
351.0, -81.681770324707
351.5, -81.714111328125
352.0, -81.8787384033203
352.5, -81.8250885009766
353.0, -81.9198913574219
353.5, -82.1021575927734
354.0, -82.1558074951172
354.5, -82.1969604492188
355.0, -82.319694519043
355.5, -82.4512481689453
356.0, -82.4380187988281
356.5, -82.5115127563477
357.0, -82.6004409790039
357.5, -82.6268997192383
358.0, -82.7922592163086
358.5, -82.822395324707
359.0, -82.7915267944336
359.5, -82.9135284423828
360.0, -83.1281280517578
360.5, -83.1825103759766
361.0, -83.2773208618164
361.5, -83.4140167236328
362.0, -83.4250411987305
362.5, -83.4875106811523
363.0, -83.5455703735352
363.5, -83.5786437988281
364.0, -83.7432708740234
364.5, -83.7440032958984
365.0, -83.7579650878906
365.5, -83.8454284667969
366.0, -83.964485168457
366.5, -83.8645324707031
367.0, -83.9453735351563
367.5, -83.9938812255859
368.0, -84.1555709838867
368.5, -84.2231826782227
369.0, -84.1482162475586
369.5, -84.3819274902344
370.0, -84.3642883300781
370.5, -84.6009368896484
371.0, -84.6707611083984
371.5, -84.7067718505859
372.0, -84.8566970825195
372.5, -84.9346008300781
373.0, -85.0125045776367
373.5, -85.1492004394531
374.0, -85.244010925293
374.5, -85.1550827026367
375.0, -85.320442199707
375.5, -85.3836517333984
376.0, -85.3571929931641
376.5, -85.5769348144531
377.0, -85.7276000976563
377.5, -85.8775253295898
378.0, -85.7731628417969
378.5, -85.7761077880859
379.0, -85.891487121582
379.5, -85.9414672851563
380.0, -86.1700286865234
380.5, -86.1288757324219
381.0, -86.2449951171875
381.5, -86.2310333251953
382.0, -86.2258834838867
382.5, -86.4713516235352
383.0, -86.4250564575195
383.5, -86.6087875366211
384.0, -86.5786514282227
384.5, -86.6278991699219
385.0, -86.6470031738281
385.5, -86.7836990356445
386.0, -86.8366165161133
386.5, -86.7903137207031
387.0, -87.0607757568359
387.5, -87.0313720703125
388.0, -87.2988891601563
388.5, -87.2165832519531
389.0, -87.3451919555664
389.5, -87.5149612426758
390.0, -87.6862030029297
390.5, -87.6568069458008
391.0, -87.7596969604492
391.5, -87.8221664428711
392.0, -87.9493103027344
392.5, -87.9588623046875
393.0, -88.1543579101563
393.5, -88.2807693481445
394.0, -88.1624450683594
394.5, -88.2124176025391
395.0, -88.0948257446289
395.5, -88.3292770385742
396.0, -88.1830215454102
396.5, -88.3968887329102
397.0, -88.5953216552734
397.5, -88.6247177124023
398.0, -88.7680282592773
398.5, -88.6974792480469
399.0, -88.7173233032227
399.5, -88.8180084228516
400.0, -89.0847854614258
400.5, -89.1112442016602
401.0, -89.314826965332
401.5, -89.1509323120117
402.0, -89.4257965087891
402.5, -89.5338363647461
403.0, -89.6756744384766
403.5, -89.6102676391602
404.0, -89.596305847168
404.5, -89.7036056518555
405.0, -89.7815093994141
405.5, -89.9593658447266
406.0, -89.8674926757813
406.5, -89.8476486206055
407.0, -89.9115905761719
407.5, -90.0563735961914
408.0, -90.2665634155273
408.5, -90.4260482788086
409.0, -90.529670715332
409.5, -90.7060546875
410.0, -90.596549987793
410.5, -90.7597122192383
411.0, -90.7523574829102
411.5, -90.7553024291992
412.0, -90.7611770629883
412.5, -91.095573425293
413.0, -91.0669097900391
413.5, -91.0683822631836
414.0, -91.0735244750977
414.5, -91.4042510986328
415.0, -91.4579010009766
415.5, -91.4284973144531
416.0, -91.4321746826172
416.5, -91.4828872680664
417.0, -91.7967071533203
417.5, -91.9848480224609
418.0, -91.5629959106445
418.5, -91.8099365234375
419.0, -91.8665237426758
419.5, -92.0730438232422
420.0, -91.8885726928711
420.5, -92.0715713500977
421.0, -92.0142440795898
421.5, -92.0590744018555
422.0, -92.2435455322266
422.5, -92.165641784668
423.0, -92.1972427368164
423.5, -92.3067474365234
424.0, -92.3765716552734
424.5, -92.2986679077148
425.0, -92.170783996582
425.5, -92.4537353515625
426.0, -92.5639801025391
426.5, -92.6823043823242
427.0, -92.5566253662109
427.5, -92.5764694213867
428.0, -92.9079284667969
428.5, -92.8924942016602
429.0, -92.9703979492188
429.5, -93.1173858642578
430.0, -92.955696105957
430.5, -93.1416397094727
431.0, -93.1048889160156
431.5, -93.383430480957
432.0, -93.3856353759766
432.5, -93.5465850830078
433.0, -93.6472778320313
433.5, -93.6943130493164
434.0, -93.4047470092773
434.5, -93.77294921875
435.0, -94.0727996826172
435.5, -94.1132202148438
436.0, -93.9904861450195
436.5, -93.9412460327148
437.0, -93.7891159057617
437.5, -94.0654525756836
438.0, -94.2690277099609
438.5, -94.2888717651367
439.0, -94.6614837646484
439.5, -94.2815246582031
440.0, -94.4432067871094
440.5, -94.8988723754883
441.0, -94.5607986450195
441.5, -94.8893203735352
442.0, -94.7173385620117
442.5, -94.8158264160156
443.0, -94.5328750610352
443.5, -94.7607040405273
444.0, -95.3471832275391
444.5, -94.7320404052734
445.0, -95.2920608520508
445.5, -95.2222442626953
446.0, -95.4125900268555
446.5, -95.4331665039063
447.0, -95.5404739379883
447.5, -95.3949508666992
448.0, -95.8888320922852
448.5, -95.6874542236328
449.0, -95.6734924316406
449.5, -96.1769256591797
450.0, -95.6830520629883
450.5, -96.0997543334961
451.0, -95.807991027832
451.5, -96.2254333496094
452.0, -96.5782012939453
452.5, -96.3172988891602
453.0, -96.6487579345703
453.5, -96.5458602905273
454.0, -96.7082824707031
454.5, -96.8199920654297
455.0, -85.390998840332
455.5, -97.0257797241211
456.0, -97.1404266357422
456.5, -96.8251419067383
457.0, -86.9145202636719
457.5, -98.2847213745117
458.0, -86.9255447387695
458.5, -97.4189682006836
459.0, -97.2425842285156
459.5, -97.0904541015625
460.0, -97.0441513061523
460.5, -97.379280090332
461.0, -97.1727676391602
461.5, -97.307258605957
462.0, -98.1362686157227
462.5, -97.4160308837891
463.0, -97.7959899902344
463.5, -97.5343551635742
464.0, -97.8364105224609
464.5, -98.1803588867188
465.0, -98.6742401123047
465.5, -98.5177001953125
466.0, -98.5897216796875
466.5, -98.2391586303711
467.0, -98.2788467407227
467.5, -98.4971237182617
468.0, -98.7778625488281
468.5, -98.2817840576172
469.0, -98.6904067993164
469.5, -98.5735549926758
470.0, -98.9726257324219
470.5, -98.5933990478516
471.0, -99.2041320800781
471.5, -98.7440567016602
472.0, -98.9211807250977
472.5, -98.7330322265625
473.0, -99.1144638061523
473.5, -99.1695861816406
474.0, -98.5956039428711
474.5, -99.0115737915039
475.0, -99.1886978149414
475.5, -98.9130935668945
476.0, -99.6399459838867
476.5, -99.4635620117188
477.0, -99.552490234375
477.5, -100.228630065918
478.0, -99.7421035766602
478.5, -100.039016723633
479.0, -99.6855087280273
479.5, -100.33519744873
480.0, -100.044898986816
480.5, -99.9890441894531
481.0, -100.000801086426
481.5, -100.271255493164
482.0, -100.696784973145
482.5, -100.529220581055
483.0, -100.54906463623
483.5, -100.529220581055
484.0, -100.516723632813
484.5, -100.402076721191
485.0, -100.354301452637
485.5, -100.815841674805
486.0, -100.212463378906
486.5, -100.354301452637
487.0, -100.637252807617
487.5, -100.793060302734
488.0, -97.7129440307617
488.5, -106.371231079102
489.0, -94.6651611328125
489.5, -106.826889038086
490.0, -88.4292221069336
490.5, -98.7205429077148
491.0, -85.2734069824219
491.5, -103.093414306641
492.0, -84.9346008300781
492.5, -101.59928894043
493.0, -101.102470397949
493.5, -100.677673339844
494.0, -100.712951660156
494.5, -101.095123291016
495.0, -100.643867492676
495.5, -101.00545501709
496.0, -101.616928100586
496.5, -101.313400268555
497.0, -101.042205810547
497.5, -100.782035827637
498.0, -100.516723632813
498.5, -101.61986541748
499.0, -101.378074645996
