% Measurement ID: 3561
% Mode ID: 1
% Date and time: 2020-10-12 08:41:58
% Sample ID: RAD16-12
% Measurement type: ringdown
% Frequency [Hz]: 565777.0
% Quality factor: 591701.2324911404
% Temperature [K]: 293.0
% Pressure [mBar]: 3.23e-08
% Notes: 
% 
%
% measurement data
% time [s], power [dBm]
0.0, -31.63205
0.04005340453938585, -31.72483
0.0801068090787717, -31.83225
0.12016021361815754, -31.75901
0.1602136181575434, -31.71995
0.20026702269692925, -31.84202
0.24032042723631508, -31.75413
0.28037383177570097, -31.68577
0.3204272363150868, -31.58323
0.3604806408544726, -31.60276
0.4005340453938585, -31.66623
0.44058744993324434, -31.57834
0.48064085447263016, -31.64182
0.520694259012016, -31.71506
0.5607476635514019, -31.58323
0.6008010680907877, -31.68577
0.6408544726301736, -31.55881
0.6809078771695595, -31.82248
0.7209612817089452, -31.7883
0.7610146862483311, -31.59788
0.801068090787717, -31.59788
0.8411214953271028, -31.63694
0.8811748998664887, -31.80295
0.9212283044058746, -31.68088
0.9612817089452603, -31.56858
1.0013351134846462, -31.64182
1.041388518024032, -31.75413
1.081441922563418, -31.8176
1.1214953271028039, -32.34495
1.1615487316421895, -60.24045
1.2016021361815754, -66.09983
1.2416555407209613, -66.99338
1.2817089452603472, -68.74143
1.321762349799733, -69.92307
1.361815754339119, -72.14475
1.4018691588785048, -73.44846
1.4419225634178905, -74.98655
1.4819759679572764, -75.98264
1.5220293724966623, -77.50608
1.5620827770360481, -81.12913
1.602136181575434, -83.55588
1.64218958611482, -81.09006
1.6822429906542056, -79.50803
1.7222963951935915, -78.8928
1.7623497997329773, -79.07834
1.8024032042723632, -79.40061
1.842456608811749, -78.94651
1.882510013351135, -81.9885
1.9225634178905207, -81.76877
1.9626168224299065, -57.17893
2.0026702269692924, -33.02366
2.0427236315086783, -31.66623
2.082777036048064, -31.59788
2.12283044058745, -31.65159
2.162883845126836, -31.68577
2.202937249666222, -31.51487
2.2429906542056077, -31.49045
2.2830440587449936, -31.5344
2.323097463284379, -31.66135
2.363150867823765, -31.66135
2.403204272363151, -31.59788
2.4432576769025367, -31.62229
2.4833110814419226, -31.60276
2.5233644859813085, -31.59788
2.5634178905206944, -31.59788
2.6034712950600802, -31.5051
2.643524699599466, -31.63694
2.683578104138852, -31.65647
2.723631508678238, -31.62229
2.7636849132176238, -31.66623
2.8037383177570097, -31.7053
2.843791722296395, -31.85178
2.883845126835781, -31.78342
2.923898531375167, -31.77366
2.9639519359145527, -31.94944
3.0040053404539386, -31.91526
3.0440587449933245, -31.82737
3.0841121495327104, -31.80295
3.1241655540720963, -32.23264
3.164218958611482, -58.04319
3.204272363150868, -60.55295
3.244325767690254, -61.72483
3.28437917222964, -63.26291
3.3244325767690257, -64.40061
3.364485981308411, -65.57737
3.404539385847797, -66.19748
3.444592790387183, -67.75998
3.484646194926569, -69.41038
3.5246995994659547, -70.19651
3.5647530040053406, -71.10959
3.6048064085447264, -71.62229
3.6448598130841123, -72.90159
3.684913217623498, -73.07737
3.724966622162884, -73.78538
3.76502002670227, -75.56272
3.805073431241656, -77.5012
3.8451268357810413, -80.27463
3.885180240320427, -78.08225
3.925233644859813, -78.22873
3.965287049399199, -85.9387
4.005340453938585, -42.59397
4.045393858477971, -32.45725
4.085447263017357, -31.8762
4.125500667556742, -32.08616
4.165554072096128, -31.82737
4.205607476635514, -31.93479
4.2456608811749, -32.21311
4.285714285714286, -32.05686
4.325767690253672, -32.03733
4.365821094793057, -31.93967
4.405874499332444, -31.96897
4.445927903871829, -32.13498
4.4859813084112155, -32.00803
4.526034712950601, -32.05198
4.566088117489987, -32.24241
4.606141522029373, -32.43772
4.646194926568758, -32.4719
4.686248331108144, -32.34983
4.72630173564753, -32.27659
4.766355140186916, -32.29123
4.806408544726302, -32.11545
4.846461949265688, -32.02756
4.886515353805073, -32.00803
4.92656875834446, -32.02268
4.966622162883845, -32.05686
5.0066755674232315, -32.02756
5.046728971962617, -32.11545
5.086782376502003, -32.1008
5.126835781041389, -32.19358
5.166889185580774, -32.23264
5.2069425901201605, -32.09592
5.246995994659546, -32.09592
5.287049399198932, -32.28635
5.327102803738318, -32.34495
5.367156208277704, -32.22288
5.4072096128170895, -32.19358
5.447263017356476, -32.25217
5.487316421895861, -32.50608
5.5273698264352475, -32.42307
5.567423230974633, -33.89768
5.607476635514019, -65.12815
5.647530040053405, -66.20237
5.68758344459279, -67.26194
5.7276368491321765, -68.71213
5.767690253671562, -68.82444
5.807743658210948, -70.24045
5.847797062750334, -71.48557
5.88785046728972, -72.04709
5.9279038718291055, -73.33127
5.967957276368492, -75.16233
6.008010680907877, -77.69651
6.048064085447264, -78.79026
6.088117489986649, -81.00217
6.128170894526035, -78.6926
6.168224299065421, -79.24436
6.208277703604806, -83.04807
6.248331108144193, -37.16428
6.288384512683578, -31.86643
6.328437917222964, -32.1887
6.36849132176235, -32.14475
6.408544726301736, -32.0178
6.4485981308411215, -32.05198
6.488651535380508, -32.10569
6.528704939919893, -32.32053
6.56875834445928, -32.1594
6.608811748998665, -32.04221
6.648865153538051, -32.05686
6.688918558077437, -32.13498
6.728971962616822, -32.14475
6.769025367156209, -31.92991
6.809078771695594, -31.85666
6.84913217623498, -32.04221
6.889185580774366, -32.07151
6.929238985313752, -31.97873
6.969292389853138, -31.97873
7.009345794392524, -31.94944
7.049399198931909, -31.98362
7.089452603471296, -32.07151
7.129506008010681, -32.05198
7.1695594125500675, -32.02268
7.209612817089453, -32.07639
7.249666221628838, -32.12522
7.289719626168225, -32.10569
7.32977303070761, -32.12034
7.369826435246996, -32.19846
7.409879839786382, -32.301
7.449933244325768, -32.34006
7.489986648865154, -32.24729
7.53004005340454, -32.26194
7.570093457943925, -32.28147
7.610146862483312, -32.18381
7.650200267022697, -32.09104
7.690253671562083, -32.14475
7.730307076101469, -32.23264
7.770360480640854, -32.24241
7.810413885180241, -32.32053
7.850467289719626, -32.27659
7.8905206942590125, -32.22288
7.930574098798398, -32.32541
7.970627503337784, -32.1887
8.01068090787717, -32.12522
8.050734312416555, -32.15452
8.090787716955942, -32.17405
8.130841121495328, -32.16916
8.170894526034713, -32.03733
8.210947930574099, -32.06663
8.251001335113484, -32.20823
8.291054739652871, -32.24729
8.331108144192257, -32.11057
8.371161548731642, -32.08127
8.411214953271028, -32.03245
8.451268357810415, -32.26194
8.4913217623498, -32.15452
8.531375166889186, -31.90061
8.571428571428571, -32.11057
8.611481975967958, -32.20334
8.651535380507344, -32.30588
8.69158878504673, -32.1887
8.731642189586115, -32.12034
8.7716955941255, -32.25217
8.811748998664887, -32.34495
8.851802403204273, -32.14963
8.891855807743658, -32.03245
8.931909212283044, -32.12034
8.971962616822431, -67.00315
9.012016021361816, -68.05295
9.052069425901202, -68.78538
9.092122830440587, -71.2219
9.132176234979974, -72.72092
9.17222963951936, -74.00998
9.212283044058745, -75.23557
9.25233644859813, -75.29416
9.292389853137516, -74.64963
9.332443257676903, -76.8762
9.372496662216289, -77.58909
9.412550066755674, -77.70139
9.45260347129506, -77.97483
9.492656875834447, -79.40549
9.532710280373832, -78.85373
9.572763684913218, -79.80588
9.612817089452603, -74.57151
9.65287049399199, -33.9758
9.692923898531376, -31.89084
9.732977303070761, -31.92014
9.773030707610147, -31.85178
9.813084112149532, -31.76389
9.85313751668892, -31.88108
9.893190921228305, -31.91526
9.93324432576769, -31.73948
9.973297730307076, -31.7883
10.013351134846463, -31.93479
10.053404539385848, -31.91038
10.093457943925234, -31.92502
10.13351134846462, -31.82737
10.173564753004007, -31.88108
10.213618157543392, -31.83713
10.253671562082777, -31.78342
10.293724966622163, -31.71995
10.333778371161548, -31.71995
10.373831775700936, -31.79319
10.413885180240321, -31.73948
10.453938584779706, -31.80295
10.493991989319092, -31.82737
10.534045393858479, -32.13987
10.574098798397864, -32.16428
10.61415220293725, -32.08616
10.654205607476635, -32.02268
10.694259012016023, -32.08616
10.734312416555408, -32.14963
10.774365821094793, -32.01291
10.814419225634179, -32.06174
10.854472630173564, -32.05686
10.894526034712952, -32.0178
10.934579439252337, -32.29123
10.974632843791722, -32.00803
11.014686248331108, -31.90549
11.054739652870495, -32.39377
11.09479305740988, -32.34983
11.134846461949266, -32.37424
11.174899866488651, -32.29612
11.214953271028039, -31.87131
11.255006675567424, -31.99827
11.29506008010681, -32.07639
11.335113484646195, -32.05198
11.37516688918558, -31.89573
11.415220293724968, -31.96897
11.455273698264353, -32.06174
11.495327102803738, -32.00315
11.535380507343124, -31.74436
11.575433911882511, -31.72483
11.615487316421897, -31.93479
11.655540720961282, -32.0178
11.695594125500667, -31.8762
11.735647530040055, -31.75413
11.77570093457944, -31.7053
11.815754339118826, -31.91526
11.855807743658211, -32.0178
11.895861148197596, -33.50705
11.935914552736984, -58.25315
11.975967957276369, -61.43186
12.016021361815755, -62.75022
12.05607476635514, -63.53635
12.096128170894527, -64.98166
12.136181575433913, -65.76291
12.176234979973298, -66.91038
12.216288384512684, -67.59397
12.25634178905207, -68.38987
12.296395193591456, -69.00022
12.336448598130842, -69.64475
12.376502002670227, -70.20139
12.416555407209612, -73.20432
12.456608811749, -74.1467
12.496662216288385, -73.80979
12.53671562082777, -74.55686
12.576769025367156, -75.70432
12.616822429906543, -76.11936
12.656875834445929, -77.73069
12.696929238985314, -80.3967
12.7369826435247, -83.38987
12.777036048064087, -81.91526
12.817089452603472, -82.05686
12.857142857142858, -81.89573
12.897196261682243, -82.54514
12.937249666221629, -81.78342
12.977303070761016, -79.96213
13.017356475300401, -79.84006
13.057409879839787, -79.99143
13.097463284379172, -81.66135
13.13751668891856, -80.81174
13.177570093457945, -82.09592
13.21762349799733, -91.06077
13.257676902536716, -85.36741
13.297730307076103, -86.45627
13.337783711615488, -86.27561
13.377837116154874, -91.70041
13.41789052069426, -85.82639
13.457943925233645, -87.31565
13.497997329773032, -82.68674
13.538050734312417, -82.35959
13.578104138851803, -82.51096
13.618157543391188, -82.48655
13.658210947930575, -78.14084
13.69826435246996, -81.00705
13.738317757009346, -82.85276
13.778371161548732, -84.08323
13.818424566088119, -84.76194
13.858477970627504, -83.87815
13.89853137516689, -89.76194
13.938584779706275, -85.61643
13.97863818424566, -88.88303
14.018691588785048, -89.58127
14.058744993324433, -85.64573
14.098798397863819, -83.4387
14.138851802403204, -83.5217
14.178905206942591, -85.08909
14.218958611481977, -82.52073
14.259012016021362, -83.01389
14.299065420560748, -84.13205
14.339118825100135, -84.74729
14.37917222963952, -82.52073
14.419225634178906, -84.66916
14.459279038718291, -85.1428
14.499332443257677, -82.57444
14.539385847797064, -82.54514
14.57943925233645, -85.19651
14.619492656875835, -89.43479
14.65954606141522, -82.37913
14.699599465954607, -79.47385
14.739652870493993, -79.46409
14.779706275033378, -78.90256
14.819759679572764, -80.84104
14.859813084112151, -82.48655
14.899866488651536, -84.36643
14.939919893190922, -84.66428
14.979973297730307, -81.48069
15.020026702269693, -78.62424
15.06008010680908, -77.55002
15.100133511348465, -77.47678
15.14018691588785, -76.88108
15.180240320427236, -76.59788
15.220293724966623, -76.73459
15.260347129506009, -77.86252
15.300400534045394, -78.36545
15.34045393858478, -82.91623
15.380507343124165, -85.62131
15.420560747663552, -85.04514
15.460614152202938, -87.26682
15.500667556742323, -91.03635
15.540720961281709, -90.88987
15.580774365821096, -88.44358
15.620827770360481, -88.4387
15.660881174899867, -84.35666
15.700934579439252, -79.75217
15.74098798397864, -79.9719
15.781041388518025, -80.28928
15.82109479305741, -80.57737
15.861148197596796, -81.5637
15.901201602136181, -86.05588
15.941255006675568, -89.5178
15.981308411214954, -94.21995
16.02136181575434, -86.94455
16.061415220293725, -84.0051
16.10146862483311, -83.45334
16.141522029372496, -81.37815
16.181575433911885, -81.09006
16.22162883845127, -83.28733
16.261682242990656, -83.95627
16.30173564753004, -84.30295
16.341789052069426, -80.98264
16.381842456608812, -80.33811
16.421895861148197, -80.51389
16.461949265687583, -80.52366
16.502002670226968, -80.78733
16.542056074766357, -82.23752
16.582109479305743, -80.79709
16.622162883845128, -79.06858
16.662216288384514, -79.52756
16.7022696929239, -83.22873
16.742323097463284, -31.60764
16.78237650200267, -58.84885
16.822429906542055, -62.301
16.862483311081444, -64.6594
16.90253671562083, -67.56467
16.942590120160215, -71.19748
16.9826435246996, -74.1467
17.022696929238986, -76.42698
17.06275033377837, -81.34885
17.102803738317757, -87.35471
17.142857142857142, -40.53342
17.182910547396528, -31.83713
17.222963951935917, -31.90061
17.263017356475302, -31.97873
17.303070761014688, -32.09104
17.343124165554073, -31.8176
17.38317757009346, -31.96409
17.423230974632844, -31.80295
17.46328437917223, -31.97385
17.503337783711615, -31.72483
17.543391188251, -31.79319
17.58344459279039, -31.43186
17.623497997329775, -31.37815
17.66355140186916, -31.7053
17.703604806408546, -31.59788
17.74365821094793, -31.88596
17.783711615487316, -31.82737
17.823765020026702, -31.75901
17.863818424566087, -66.03635
17.903871829105476, -69.26877
17.943925233644862, -70.74338
17.983978638184247, -73.44846
18.024032042723633, -76.59299
18.064085447263018, -78.61936
18.104138851802404, -77.0178
18.14419225634179, -79.85959
18.184245660881174, -82.96995
18.22429906542056, -88.96116
18.26435246995995, -88.42405
18.304405874499334, -31.64182
18.34445927903872, -31.78342
18.384512683578105, -31.78342
18.42456608811749, -32.02268
18.464619492656876, -31.55881
18.50467289719626, -31.52952
18.544726301735647, -31.38303
18.584779706275032, -31.3342
18.62483311081442, -31.57834
18.664886515353807, -31.60764
18.704939919893192, -31.74924
18.744993324432578, -31.54416
18.785046728971963, -31.74924
18.82510013351135, -31.57346
18.865153538050734, -31.62717
18.90520694259012, -31.55881
18.94526034712951, -31.37327
18.985313751668894, -31.28538
19.02536715620828, -31.41721
19.065420560747665, -31.36838
19.10547396528705, -31.42209
19.145527369826436, -31.43674
19.18558077436582, -31.3928
19.225634178905207, -31.55393
19.265687583444592, -31.61252
19.30574098798398, -31.74924
19.345794392523366, -31.71018
19.385847797062752, -31.67112
19.425901201602137, -31.61252
19.465954606141523, -31.66623
19.506008010680908, -31.75413
19.546061415220294, -31.69553
19.58611481975968, -31.76877
19.626168224299064, -31.58811
19.666221628838453, -31.72483
19.70627503337784, -31.60764
19.746328437917224, -31.75413
19.78638184245661, -31.67112
19.826435246995995, -31.64182
19.86648865153538, -31.51975
19.906542056074766, -31.5051
19.94659546061415, -31.66135
19.98664886515354, -31.51975
20.026702269692926, -31.5344
20.06675567423231, -31.44651
20.106809078771697, -31.46604
20.146862483311082, -92.15231
20.186915887850468, -92.13143
20.226969292389853, -92.11013
20.26702269692924, -92.08841
20.307076101468624, -92.06628
20.347129506008013, -92.04374
20.3871829105474, -92.02079
20.427236315086784, -91.99742
20.46728971962617, -91.97363
20.507343124165555, -91.94944
20.54739652870494, -91.93205
20.587449933244326, -91.91463
20.62750333778371, -91.89719
20.667556742323097, -91.87973
20.707610146862486, -91.86225
20.74766355140187, -91.84474
20.787716955941256, -91.82721
20.827770360480642, -91.80965
20.867823765020027, -91.79207
20.907877169559413, -91.77447
20.947930574098798, -91.75684
20.987983978638184, -91.73919
21.02803738317757, -91.72152
21.068090787716958, -91.70382
21.108144192256344, -91.6861
21.14819759679573, -91.66835
21.188251001335114, -91.65058
21.2283044058745, -91.63279
21.268357810413885, -91.61498
21.30841121495327, -91.59714
21.348464619492656, -91.57927
21.388518024032045, -91.56139
21.42857142857143, -91.54348
21.468624833110816, -91.52554
21.5086782376502, -91.50759
21.548731642189587, -91.48961
21.588785046728972, -91.4716
21.628838451268358, -91.45357
21.668891855807743, -91.43552
21.70894526034713, -91.41745
21.748998664886518, -91.39935
21.789052069425903, -91.38122
21.82910547396529, -91.36308
21.869158878504674, -91.34491
21.90921228304406, -91.32672
21.949265687583445, -91.3085
21.98931909212283, -91.29026
22.029372496662216, -91.27028
22.0694259012016, -91.25018
22.10947930574099, -91.22998
22.149532710280376, -91.20966
22.18958611481976, -91.18922
22.229639519359147, -91.16867
22.269692923898532, -91.14801
22.309746328437917, -91.12723
22.349799732977303, -91.10634
22.38985313751669, -91.08534
22.429906542056077, -91.06422
22.469959946595463, -91.04299
22.510013351134848, -91.02164
22.550066755674234, -91.00018
22.59012016021362, -90.97861
22.630173564753004, -90.95692
22.67022696929239, -90.93512
22.710280373831775, -90.9132
22.75033377837116, -90.89117
22.79038718291055, -90.86903
22.830440587449935, -90.84677
22.87049399198932, -90.8244
22.910547396528706, -90.80191
22.95060080106809, -90.77931
22.990654205607477, -90.7566
23.030707610146862, -90.73377
23.070761014686248, -90.71083
23.110814419225633, -90.68778
23.150867823765022, -90.66461
23.190921228304408, -90.64133
23.230974632843793, -90.61793
23.27102803738318, -90.59442
23.311081441922564, -90.5708
23.35113484646195, -90.54706
23.391188251001335, -90.52321
23.43124165554072, -90.49924
23.47129506008011, -90.48794
23.511348464619495, -90.47721
23.55140186915888, -90.46706
23.591455273698266, -90.45749
23.63150867823765, -90.44849
23.671562082777037, -90.44007
23.711615487316422, -90.43222
23.751668891855807, -90.42496
23.791722296395193, -90.41827
23.831775700934582, -90.41215
23.871829105473967, -90.40662
23.911882510013353, -90.40165
23.951935914552738, -90.39727
23.991989319092124, -90.39346
24.03204272363151, -90.39023
24.072096128170895, -90.38758
24.11214953271028, -90.3855
24.152202937249665, -90.384
24.192256341789054, -90.38308
24.23230974632844, -90.38273
24.272363150867825, -90.38296
24.31241655540721, -90.38377
24.352469959946596, -90.38515
24.39252336448598, -90.38711
24.432576769025367, -90.38965
24.472630173564752, -90.39276
24.51268357810414, -90.39645
24.552736982643527, -90.40071
24.592790387182912, -90.40556
24.632843791722298, -90.41098
24.672897196261683, -90.41697
24.71295060080107, -90.42355
24.753004005340454, -90.4307
24.79305740987984, -90.43842
24.833110814419225, -90.44673
24.873164218958614, -90.45561
24.913217623498, -90.46506
24.953271028037385, -90.47146
24.99332443257677, -90.47824
25.033377837116156, -90.4854
25.07343124165554, -90.49295
25.113484646194927, -90.50089
25.153538050734312, -90.50921
25.193591455273697, -90.51792
25.233644859813086, -90.52701
25.273698264352472, -90.53649
25.313751668891857, -90.54635
25.353805073431243, -90.55659
25.39385847797063, -90.56723
25.433911882510014, -90.57824
25.4739652870494, -90.58965
25.514018691588785, -90.60144
25.554072096128174, -90.61361
25.59412550066756, -90.62617
25.634178905206944, -90.63911
25.67423230974633, -90.65244
25.714285714285715, -90.66615
25.7543391188251, -90.68025
25.794392523364486, -90.69474
25.83444592790387, -90.70961
25.874499332443257, -90.72486
25.914552736982646, -90.7405
25.95460614152203, -90.75653
25.994659546061417, -90.77294
26.034712950600802, -90.78973
26.074766355140188, -90.80691
26.114819759679573, -90.82448
26.15487316421896, -90.84243
26.194926568758344, -90.86077
26.23497997329773, -90.87949
26.27503337783712, -90.89859
26.315086782376504, -90.91809
26.35514018691589, -90.93796
26.395193591455275, -90.95823
26.43524699599466, -90.98319
26.475300400534046, -91.00876
26.51535380507343, -91.03494
26.555407209612817, -91.06174
26.595460614152206, -91.08914
26.63551401869159, -91.11716
26.675567423230977, -91.1458
26.715620827770362, -91.17504
26.755674232309747, -91.2049
26.795727636849133, -91.23537
26.83578104138852, -91.26645
26.875834445927904, -91.29814
26.91588785046729, -91.33044
26.955941255006678, -91.36336
26.995994659546064, -91.39689
27.03604806408545, -91.43103
27.076101468624834, -91.46579
27.11615487316422, -91.50115
27.156208277703605, -91.53713
27.19626168224299, -91.57372
27.236315086782376, -91.61092
27.27636849132176, -91.64873
27.31642189586115, -91.68716
27.356475300400536, -91.7262
27.39652870493992, -91.76585
27.436582109479307, -91.80611
27.476635514018692, -91.84699
27.516688918558078, -91.88847
27.556742323097463, -91.93057
27.59679572763685, -91.97328
27.636849132176238, -92.01661
27.676902536715623, -92.06054
27.71695594125501, -92.10509
27.757009345794394, -92.15025
27.79706275033378, -92.19602
27.837116154873165, -92.24241
27.87716955941255, -92.28709
27.917222963951936, -92.33226
27.95727636849132, -92.37791
27.99732977303071, -92.42405
28.037383177570096, -92.47068
28.07743658210948, -92.5178
28.117489986648867, -92.5654
28.157543391188252, -92.61349
28.197596795727637, -92.66207
28.237650200267023, -92.71113
28.27770360480641, -92.76068
28.317757009345794, -92.81072
28.357810413885183, -92.86125
28.397863818424568, -92.91226
28.437917222963954, -92.96376
28.47797062750334, -93.01574
28.518024032042725, -93.06822
28.55807743658211, -93.12118
28.598130841121495, -93.17462
28.63818424566088, -93.22856
28.67823765020027, -93.28298
28.718291054739655, -93.33789
28.75834445927904, -93.39328
28.798397863818426, -93.44916
28.83845126835781, -93.50553
28.878504672897197, -93.56239
28.918558077436582, -93.61973
28.958611481975968, -93.67756
28.998664886515353, -93.73588
29.038718291054742, -93.79468
29.078771695594128, -93.85397
29.118825100133513, -93.91375
29.1588785046729, -93.97402
29.198931909212284, -94.03477
29.23898531375167, -94.09601
29.279038718291055, -94.15773
29.31909212283044, -94.21995
29.359145527369826, -94.29237
29.399198931909215, -94.36579
29.4392523364486, -94.44021
29.479305740987986, -94.51562
29.51935914552737, -94.59204
29.559412550066757, -94.66946
29.599465954606142, -94.74787
29.639519359145527, -94.82728
29.679572763684913, -94.90769
29.719626168224302, -94.9891
29.759679572763687, -95.07151
29.799732977303073, -95.15492
29.83978638184246, -95.23933
29.879839786381844, -95.32473
29.91989319092123, -95.41113
29.959946595460615, -95.49854
30.0, -95.58694
