% Measurement ID: 587
% Mode ID: 1
% Date and time: 2020-07-07 16:18:52
% Sample ID: RAD3-27
% Measurement type: ringdown
% Frequency [Hz]: 38055.0
% Quality factor: 999051.9112681955
% Temperature [K]: 293.0
% Pressure [mBar]: 1.72e-07
% Notes: 
% 
%
% measurement data
% time [s], power [dBm]
0.0, 7.972437
0.0801068090787717, 7.899195
0.1602136181575434, 7.82107
0.24032042723631508, 7.738062
0.3204272363150868, 7.650172
0.4005340453938585, 7.572047
0.48064085447263016, 7.493922
0.5607476635514019, 7.415797
0.6408544726301736, 7.337672
0.7209612817089452, 7.249781
0.801068090787717, 7.161891
0.8811748998664887, 7.083766
0.9612817089452603, 7.010523
1.041388518024032, 6.927516
1.1214953271028039, 6.849391
1.2016021361815754, 6.766383
1.2817089452603472, 6.688258
1.361815754339119, 6.610133
1.4419225634178905, 6.527125
1.5220293724966623, 6.444117
1.602136181575434, 6.361109
1.6822429906542056, 6.278102
1.7623497997329773, 6.204859
1.842456608811749, 6.116969
1.9225634178905207, 6.029078
2.0026702269692924, 5.955836
2.082777036048064, 5.872828
2.162883845126836, 5.784937
2.2429906542056077, 5.706812
2.323097463284379, 5.623805
2.403204272363151, 5.540797
2.4833110814419226, 5.457789
2.5634178905206944, 5.374781
2.643524699599466, 5.296656
2.723631508678238, 5.208766
2.8037383177570097, 5.130641
2.883845126835781, 5.04275
2.9639519359145527, 4.964625
3.0440587449933245, 4.8865
3.1241655540720963, 4.798609
3.204272363150868, 4.715602
3.28437917222964, 4.632594
3.364485981308411, 4.554469
3.444592790387183, 4.471461
3.5246995994659547, 4.388453
3.6048064085447264, 4.300562
3.684913217623498, 4.22732
3.76502002670227, 4.144312
3.8451268357810413, 4.061305
3.925233644859813, 3.978297
4.005340453938585, 3.909937
4.085447263017357, 3.822047
4.165554072096128, 3.739039
4.2456608811749, 3.656031
4.325767690253672, 3.582789
4.405874499332444, 3.499781
4.4859813084112155, 3.421656
4.566088117489987, 3.343531
4.646194926568758, 3.255641
4.72630173564753, 3.177516
4.806408544726302, 3.099391
4.886515353805073, 3.0115
4.966622162883845, 2.923609
5.046728971962617, 2.835719
5.126835781041389, 2.752711
5.2069425901201605, 2.66482
5.287049399198932, 2.57693
5.367156208277704, 2.503687
5.447263017356476, 2.415797
5.5273698264352475, 2.332789
5.607476635514019, 2.240016
5.68758344459279, 2.166773
5.767690253671562, 2.078883
5.847797062750334, 1.995875
5.9279038718291055, 1.907984
6.008010680907877, 1.834742
6.088117489986649, 1.741969
6.168224299065421, 1.673609
6.248331108144193, 1.590602
6.328437917222964, 1.502711
6.408544726301736, 1.419703
6.488651535380508, 1.336695
6.56875834445928, 1.263453
6.648865153538051, 1.185328
6.728971962616822, 1.107203
6.809078771695594, 1.024195
6.889185580774366, 0.9314219
6.969292389853138, 0.8532969
7.049399198931909, 0.7751719
7.129506008010681, 0.6921641
7.209612817089453, 0.6091562
7.289719626168225, 0.5212656
7.369826435246996, 0.433375
7.449933244325768, 0.3601328
7.53004005340454, 0.2673594
7.610146862483312, 0.1892344
7.690253671562083, 0.1013437
7.770360480640854, 0.02321875
7.850467289719626, -0.05978906
7.930574098798398, -0.1525625
8.01068090787717, -0.2306875
8.090787716955942, -0.3234609
8.170894526034713, -0.4064688
8.251001335113484, -0.4894766
8.331108144192257, -0.5920156
8.411214953271028, -0.660375
8.4913217623498, -0.7482656
8.571428571428571, -0.8215078
8.651535380507344, -0.89475
8.731642189586115, -0.9875234
8.811748998664887, -1.060766
8.891855807743658, -1.158422
8.971962616822431, -1.24143
9.052069425901202, -1.314672
9.132176234979974, -1.407445
9.212283044058745, -1.490453
9.292389853137516, -1.568578
9.372496662216289, -1.646703
9.45260347129506, -1.729711
9.532710280373832, -1.817602
9.612817089452603, -1.890844
9.692923898531376, -1.978734
9.773030707610147, -2.056859
9.85313751668892, -2.149633
9.93324432576769, -2.232641
10.013351134846463, -2.310766
10.093457943925234, -2.403539
10.173564753004007, -2.501195
10.253671562082777, -2.584203
10.333778371161548, -2.667211
10.413885180240321, -2.759984
10.493991989319092, -2.833227
10.574098798397864, -2.911352
10.654205607476635, -2.994359
10.734312416555408, -3.072484
10.814419225634179, -3.155492
10.894526034712952, -3.253148
10.974632843791722, -3.341039
11.054739652870495, -3.433813
11.134846461949266, -3.51682
11.214953271028039, -3.609594
11.29506008010681, -3.702367
11.37516688918558, -3.785375
11.455273698264353, -3.8635
11.535380507343124, -3.951391
11.615487316421897, -4.029516
11.695594125500667, -4.122289
11.77570093457944, -4.200414
11.855807743658211, -4.283422
11.935914552736984, -4.36643
12.016021361815755, -4.449438
12.096128170894527, -4.537328
12.176234979973298, -4.620336
12.25634178905207, -4.713109
12.336448598130842, -4.796117
12.416555407209612, -4.879125
12.496662216288385, -4.967016
12.576769025367156, -5.054906
12.656875834445929, -5.137914
12.7369826435247, -5.206273
12.817089452603472, -5.284398
12.897196261682243, -5.367406
12.977303070761016, -5.450414
13.057409879839787, -5.533422
13.13751668891856, -5.611547
13.21762349799733, -5.675023
13.297730307076103, -5.762914
13.377837116154874, -5.845922
13.457943925233645, -5.933813
13.538050734312417, -6.01682
13.618157543391188, -6.099828
13.69826435246996, -6.177953
13.778371161548732, -6.256078
13.858477970627504, -6.334203
13.938584779706275, -6.412328
14.018691588785048, -6.48557
14.098798397863819, -6.578344
14.178905206942591, -6.64182
14.259012016021362, -6.705297
14.339118825100135, -6.79807
14.419225634178906, -6.890844
14.499332443257677, -6.9885
14.57943925233645, -7.071508
14.65954606141522, -7.154516
14.739652870493993, -7.222875
14.819759679572764, -7.310766
14.899866488651536, -7.393773
14.979973297730307, -7.467016
15.06008010680908, -7.554906
15.14018691588785, -7.618383
15.220293724966623, -7.686742
15.300400534045394, -7.779516
15.380507343124165, -7.842992
15.460614152202938, -7.926
15.540720961281709, -8.018773
15.620827770360481, -8.106664
15.700934579439252, -8.170141
15.781041388518025, -8.262914
15.861148197596796, -8.345922
15.941255006675568, -8.42893
16.02136181575434, -8.502172
16.10146862483311, -8.594945
16.181575433911885, -8.658422
16.261682242990656, -8.765844
16.341789052069426, -8.82932
16.421895861148197, -8.907445
16.502002670226968, -8.98557
16.582109479305743, -9.078344
16.662216288384514, -9.151586
16.742323097463284, -9.224828
16.822429906542055, -9.302953
16.90253671562083, -9.376195
16.9826435246996, -9.45432
17.06275033377837, -9.542211
17.142857142857142, -9.605688
17.222963951935917, -9.703344
17.303070761014688, -9.747289
17.38317757009346, -9.830297
17.46328437917223, -9.932836
17.543391188251, -10.0012
17.623497997329775, -10.09397
17.703604806408546, -10.16721
17.783711615487316, -10.25998
17.863818424566087, -10.34299
17.943925233644862, -10.44065
18.024032042723633, -10.48948
18.104138851802404, -10.5969
18.184245660881174, -10.68967
18.26435246995995, -10.80686
18.34445927903872, -10.8801
18.42456608811749, -10.96799
18.50467289719626, -11.06565
18.584779706275032, -11.14377
18.664886515353807, -11.21702
18.744993324432578, -11.31467
18.82510013351135, -11.42698
18.90520694259012, -11.49045
18.985313751668894, -11.60276
19.065420560747665, -11.71018
19.145527369826436, -11.80295
19.225634178905207, -11.90061
19.30574098798398, -12.00803
19.385847797062752, -12.09104
19.465954606141523, -12.14475
19.546061415220294, -12.22288
19.626168224299064, -12.29612
19.70627503337784, -12.38889
19.78638184245661, -12.48655
19.86648865153538, -12.55491
19.94659546061415, -12.6428
20.026702269692926, -12.74045
20.106809078771697, -12.82834
20.186915887850468, -12.89182
20.26702269692924, -12.98459
20.347129506008013, -13.11155
20.427236315086784, -13.18967
20.507343124165555, -13.2385
20.587449933244326, -13.3508
20.667556742323097, -13.44358
20.74766355140187, -13.53147
20.827770360480642, -13.62424
20.907877169559413, -13.73655
20.987983978638184, -13.80002
21.068090787716958, -13.85373
21.14819759679573, -13.92698
21.2283044058745, -13.99534
21.30841121495327, -14.0637
21.388518024032045, -14.13205
21.468624833110816, -14.21995
21.548731642189587, -14.3176
21.628838451268358, -14.38596
21.70894526034713, -14.4592
21.789052069425903, -14.58127
21.869158878504674, -14.67405
21.949265687583445, -14.76194
22.029372496662216, -14.89377
22.10947930574099, -14.91819
22.18958611481976, -14.99143
22.269692923898532, -15.01096
22.349799732977303, -15.04514
22.429906542056077, -15.11838
22.510013351134848, -15.23557
22.59012016021362, -15.33323
22.67022696929239, -15.40159
22.75033377837116, -15.54807
22.830440587449935, -15.65061
22.910547396528706, -15.70432
22.990654205607477, -15.79709
23.070761014686248, -15.87034
23.150867823765022, -15.98752
23.230974632843793, -16.09495
23.311081441922564, -16.15842
23.391188251001335, -16.24631
23.47129506008011, -16.3342
23.55140186915888, -16.43674
23.63150867823765, -16.5344
23.711615487316422, -16.59788
23.791722296395193, -16.73459
23.871829105473967, -16.79319
23.951935914552738, -16.86643
24.03204272363151, -16.94455
24.11214953271028, -17.04709
24.192256341789054, -17.08616
24.272363150867825, -17.18381
24.352469959946596, -17.1887
24.432576769025367, -17.37424
24.51268357810414, -17.4133
24.592790387182912, -17.50608
24.672897196261683, -17.63303
24.753004005340454, -17.72092
24.833110814419225, -17.85764
24.913217623498, -17.91135
24.99332443257677, -17.97483
25.07343124165554, -18.08713
25.153538050734312, -18.21409
25.233644859813086, -18.28733
25.313751668891857, -18.39475
25.39385847797063, -18.43381
25.4739652870494, -18.53635
25.554072096128174, -18.61936
25.634178905206944, -18.64377
25.714285714285715, -18.69748
25.794392523364486, -18.82444
25.874499332443257, -18.8928
25.95460614152203, -18.99534
26.034712950600802, -19.06858
26.114819759679573, -19.09299
26.194926568758344, -19.22971
26.27503337783712, -19.28342
26.35514018691589, -19.31272
26.43524699599466, -19.39573
26.51535380507343, -19.47385
26.595460614152206, -19.51291
26.675567423230977, -19.52756
26.755674232309747, -19.61545
26.83578104138852, -19.66916
26.91588785046729, -19.73752
26.995994659546064, -19.84006
27.076101468624834, -19.9719
27.156208277703605, -20.0842
27.236315086782376, -20.08909
27.31642189586115, -20.20627
27.39652870493992, -20.21116
27.476635514018692, -20.29416
27.556742323097463, -20.40647
27.636849132176238, -20.49436
27.71695594125501, -20.57737
27.79706275033378, -20.64084
27.87716955941255, -20.7092
27.95727636849132, -20.88498
28.037383177570096, -20.90452
28.117489986648867, -21.01682
28.197596795727637, -21.11936
28.27770360480641, -21.2219
28.357810413885183, -21.34397
28.437917222963954, -21.51487
28.518024032042725, -21.54905
28.598130841121495, -21.60276
28.67823765020027, -21.62717
28.75834445927904, -21.676
28.83845126835781, -21.80295
28.918558077436582, -21.94944
28.998664886515353, -22.03733
29.078771695594128, -22.1008
29.1588785046729, -22.22288
29.23898531375167, -22.31077
29.31909212283044, -22.39377
29.399198931909215, -22.47678
29.479305740987986, -22.55002
29.559412550066757, -22.63791
29.639519359145527, -22.69163
29.719626168224302, -22.55979
29.799732977303073, -22.64768
29.879839786381844, -22.7551
29.959946595460615, -22.8967
30.040053404539385, -23.09202
30.12016021361816, -23.16038
30.20026702269693, -23.37034
30.2803738317757, -23.35569
30.360480640854473, -23.28245
30.440587449933247, -23.32151
30.520694259012018, -23.38498
30.60080106809079, -23.40452
30.68090787716956, -23.42405
30.76101468624833, -23.38987
30.841121495327105, -23.37034
30.921228304405876, -23.43381
31.001335113484647, -23.49241
31.081441922563418, -23.54612
31.161548731642192, -23.60959
31.241655540720963, -23.70237
31.321762349799734, -23.74631
31.401869158878505, -23.78538
31.48197596795728, -23.90256
31.56208277703605, -24.0051
31.64218958611482, -24.09788
31.72229639519359, -24.16135
31.802403204272363, -24.36643
31.882510013351137, -24.53733
31.962616822429908, -24.6594
32.04272363150868, -24.66916
32.12283044058745, -24.73752
32.20293724966622, -24.78635
32.28304405874499, -24.85959
32.36315086782377, -24.86448
32.44325767690254, -24.9133
32.52336448598131, -24.92307
32.60347129506008, -25.05979
32.68357810413885, -25.1428
32.763684913217624, -25.24045
32.843791722296395, -25.25022
32.923898531375166, -25.5969
33.004005340453936, -25.60666
33.084112149532714, -25.77756
33.164218958611485, -25.84592
33.244325767690256, -25.9387
33.32443257676903, -25.9387
33.4045393858478, -26.04123
33.48464619492657, -26.07541
33.56475300400534, -26.12913
33.64485981308411, -26.09006
33.72496662216289, -26.20237
33.80507343124166, -26.35862
33.88518024032043, -26.43674
33.9652870493992, -26.40256
34.04539385847797, -26.43186
34.12550066755674, -26.50998
34.205607476635514, -26.60276
34.285714285714285, -26.676
34.365821094793056, -26.66623
34.445927903871834, -26.63205
34.526034712950604, -26.80295
34.606141522029375, -26.8469
34.686248331108146, -26.99338
34.76635514018692, -27.1887
34.84646194926569, -27.31077
34.92656875834446, -27.45725
35.00667556742323, -27.46702
35.086782376502, -27.59885
35.16688918558078, -27.45725
35.24699599465955, -27.62815
35.32710280373832, -27.49143
35.40720961281709, -27.59397
35.48731642189586, -27.80881
35.56742323097463, -28.06272
35.647530040053404, -28.10178
35.727636849132175, -27.85276
35.80774365821095, -28.04319
35.887850467289724, -28.15061
35.967957276368494, -28.17502
36.048064085447265, -28.27756
36.128170894526036, -28.30686
36.20827770360481, -28.47776
36.28838451268358, -28.4387
36.36849132176235, -28.44358
36.44859813084112, -28.46799
36.5287049399199, -28.59983
36.60881174899867, -28.6926
36.68891855807744, -28.6633
36.76902536715621, -28.60471
36.84913217623498, -28.73166
36.92923898531375, -28.8342
37.00934579439252, -28.94651
37.089452603471294, -29.03928
37.169559412550065, -29.06858
37.24966622162884, -28.99045
37.329773030707614, -29.0344
37.409879839786385, -28.98069
37.489986648865155, -28.99534
37.570093457943926, -28.9758
37.6502002670227, -29.07834
37.73030707610147, -29.15159
37.81041388518024, -29.32248
37.89052069425902, -29.25413
37.97062750333779, -29.57639
38.05073431241656, -29.60569
38.13084112149533, -29.78635
38.2109479305741, -29.75705
38.29105473965287, -29.74241
38.37116154873164, -29.81565
38.45126835781041, -29.801
38.531375166889184, -30.07932
38.61148197596796, -30.13303
38.69158878504673, -30.2844
38.771695594125504, -30.38205
38.851802403204275, -30.32834
38.931909212283045, -30.34788
39.012016021361816, -30.10862
39.09212283044059, -30.21116
39.17222963951936, -30.18674
39.25233644859813, -30.1428
39.33244325767691, -30.42112
39.41255006675568, -30.58225
39.49265687583445, -30.69455
39.57276368491322, -30.70432
39.65287049399199, -31.04123
39.73297730307076, -31.14866
39.81308411214953, -31.2512
39.8931909212283, -31.18284
39.97329773030708, -31.13401
40.05340453938585, -31.0217
40.13351134846462, -30.91428
40.213618157543394, -30.94358
40.293724966622165, -31.23655
40.373831775700936, -31.10959
40.453938584779706, -30.92405
40.53404539385848, -30.70432
40.61415220293725, -30.81174
40.694259012016026, -30.77268
40.7743658210948, -30.92893
40.85447263017357, -31.18772
40.93457943925234, -31.21702
41.01468624833111, -31.66623
41.09479305740988, -31.82248
41.17489986648865, -31.76389
41.25500667556742, -31.77366
41.33511348464619, -32.25217
41.41522029372497, -32.22288
41.49532710280374, -32.1887
41.57543391188251, -32.46213
41.655540720961284, -32.70139
41.735647530040055, -32.926
41.815754339118826, -32.7258
41.895861148197596, -32.45725
41.97596795727637, -32.7258
42.05607476635514, -32.72092
42.136181575433916, -32.79905
42.21628838451269, -32.98459
42.29639519359146, -33.01389
42.37650200267023, -33.15061
42.456608811749, -33.32151
42.53671562082777, -33.63889
42.61682242990654, -33.47776
42.69692923898531, -33.46799
42.77703604806409, -33.28733
42.85714285714286, -33.45823
42.93724966622163, -33.58518
43.0173564753004, -33.57541
43.097463284379174, -33.60959
43.177570093457945, -33.4094
43.257676902536716, -33.40452
43.33778371161549, -33.4094
43.41789052069426, -33.82932
43.497997329773035, -34.29807
43.578104138851806, -34.84006
43.65821094793058, -35.02073
43.73831775700935, -35.05491
43.81842456608812, -34.801
43.89853137516689, -34.79612
43.97863818424566, -34.84006
44.05874499332443, -34.85959
44.1388518024032, -34.9426
44.21895861148198, -35.13303
44.29906542056075, -35.16233
44.37917222963952, -35.03538
44.45927903871829, -35.05979
44.539385847797064, -35.0842
44.619492656875835, -35.12815
44.699599465954606, -34.92795
44.77970627503338, -35.05002
44.859813084112155, -34.97678
44.939919893190925, -35.02073
45.020026702269696, -34.75705
45.10013351134847, -34.86448
45.18024032042724, -34.98166
45.26034712950601, -34.9719
45.34045393858478, -35.66526
45.42056074766355, -35.86545
45.50066755674232, -35.86545
45.5807743658211, -35.8801
45.66088117489987, -35.74338
45.74098798397864, -35.91428
45.82109479305741, -35.97288
45.90120160213618, -35.95334
45.981308411214954, -36.13889
46.061415220293725, -36.49534
46.141522029372496, -36.54905
46.22162883845127, -36.85178
46.301735647530045, -36.68577
46.381842456608815, -36.54905
46.461949265687586, -36.39768
46.54205607476636, -36.34885
46.62216288384513, -36.54416
46.7022696929239, -36.7053
46.78237650200267, -37.30588
46.86248331108144, -37.54514
46.94259012016022, -37.55979
47.02269692923899, -38.00901
47.10280373831776, -38.05295
47.18291054739653, -38.25315
47.2630173564753, -38.2678
47.34312416555407, -38.73166
47.423230974632844, -38.64866
47.503337783711615, -38.47776
47.583444592790386, -38.42893
47.663551401869164, -38.65842
47.743658210947935, -38.50217
47.823765020026705, -38.53635
47.903871829105476, -39.05881
47.98397863818425, -39.09788
48.06408544726302, -39.16135
48.14419225634179, -39.26389
48.22429906542056, -39.64475
48.30440587449933, -40.23557
48.38451268357811, -40.10373
48.46461949265688, -40.31858
48.54472630173565, -40.49924
48.62483311081442, -41.01194
48.70493991989319, -40.67991
48.78504672897196, -39.88889
48.865153538050734, -39.66916
48.945260347129505, -40.0842
49.02536715620828, -40.83616
49.105473965287054, -40.89963
49.185580774365825, -41.19748
49.265687583444596, -41.20237
49.345794392523366, -42.25217
49.42590120160214, -41.85178
49.50600801068091, -41.71995
49.58611481975968, -41.69065
49.66622162883845, -41.30979
49.74632843791723, -41.676
49.826435246996, -41.79319
49.90654205607477, -41.83225
49.98664886515354, -42.38889
50.06675567423231, -41.54416
50.14686248331108, -40.69455
50.22696929238985, -41.01194
50.307076101468624, -40.93381
50.387182910547395, -40.92405
50.46728971962617, -41.16819
50.547396528704944, -41.60276
50.627503337783715, -41.37327
50.707610146862486, -41.46116
50.78771695594126, -41.27073
50.86782376502003, -41.60764
50.9479305740988, -41.8176
51.02803738317757, -41.91038
51.10814419225635, -41.5344
51.18825100133512, -41.78342
51.26835781041389, -41.54416
51.34846461949266, -41.66135
51.42857142857143, -41.80784
51.5086782376502, -41.90549
51.58878504672897, -42.69163
51.66889185580774, -42.29612
51.748998664886514, -42.7258
51.82910547396529, -42.75998
51.90921228304406, -43.65842
51.989319092122834, -42.51096
52.069425901201605, -42.59397
52.149532710280376, -42.3303
52.22963951935915, -43.19944
52.30974632843792, -43.46799
52.38985313751669, -44.66916
52.46995994659546, -44.64963
52.55006675567424, -46.09983
52.63017356475301, -45.00608
52.71028037383178, -45.5676
52.79038718291055, -45.22092
52.87049399198932, -46.36838
52.95060080106809, -47.55979
53.03070761014686, -48.0969
53.11081441922563, -48.78538
53.19092122830441, -48.0383
53.27102803738318, -49.45432
53.35113484646195, -48.60959
53.431241655540724, -48.36545
53.511348464619495, -48.37034
53.591455273698266, -46.82737
53.67156208277704, -46.96897
53.75166889185581, -45.14768
53.83177570093458, -44.38108
53.911882510013356, -45.07932
53.99198931909213, -45.17209
54.0720961281709, -44.93284
54.15220293724967, -45.50413
54.23230974632844, -45.21604
54.31241655540721, -45.5969
54.39252336448598, -45.56272
54.47263017356475, -44.81565
54.55273698264352, -45.04514
54.6328437917223, -45.76291
54.71295060080107, -45.46995
54.79305740987984, -45.2258
54.873164218958614, -45.03049
54.953271028037385, -45.6262
55.033377837116156, -44.36643
55.11348464619493, -43.76584
55.1935914552737, -43.63889
55.273698264352475, -43.52659
55.353805073431246, -42.62327
55.43391188251002, -41.35373
55.51401869158879, -41.26096
55.59412550066756, -42.1008
55.67423230974633, -42.1301
55.7543391188251, -42.51584
55.83444592790387, -42.54026
55.91455273698264, -42.72092
55.99465954606142, -43.17991
56.07476635514019, -43.50705
56.15487316421896, -42.68186
56.23497997329773, -42.41819
56.315086782376504, -44.01487
56.395193591455275, -43.09202
56.475300400534046, -42.12522
56.55540720961282, -42.01291
56.63551401869159, -42.5842
56.715620827770366, -42.67698
56.795727636849136, -42.63791
56.87583444592791, -42.31565
56.95594125500668, -42.55979
57.03604806408545, -42.56955
57.11615487316422, -42.85276
57.19626168224299, -42.71604
57.27636849132176, -42.13498
57.35647530040054, -42.20334
57.43658210947931, -42.55979
57.51668891855808, -41.28049
57.59679572763685, -40.93381
57.67690253671562, -40.79709
57.757009345794394, -41.26096
57.837116154873165, -42.00803
57.917222963951936, -42.64768
57.99732977303071, -42.57444
58.077436582109485, -42.8137
58.157543391188256, -42.97483
58.237650200267026, -42.13987
58.3177570093458, -42.23752
58.39786381842457, -42.07639
58.47797062750334, -42.13498
58.55807743658211, -42.4133
58.63818424566088, -42.68674
58.71829105473965, -44.16623
58.79839786381843, -44.29807
58.8785046728972, -45.76291
58.95861148197597, -45.1428
59.03871829105474, -44.77659
59.11882510013351, -44.54709
59.198931909212284, -43.83909
59.279038718291055, -44.24924
59.359145527369826, -43.36545
59.439252336448604, -43.93674
59.519359145527375, -73.99504
59.599465954606146, -74.06297
59.67957276368492, -74.12994
59.75967957276369, -74.19595
59.83978638184246, -74.26101
59.91989319092123, -74.32511
60.0, -74.38825
