% Measurement ID: 3416
% Mode ID: 1
% Date and time: 2020-01-30 15:32:02
% Sample ID: PSE2-42-41
% Measurement type: ringdown
% Frequency [Hz]: 42881.0
% Quality factor: 93443.55395894038
% Temperature [K]: 293.0
% Pressure [mBar]: 5.89e-08
% Notes: 
% 
%
% measurement data
% time [s], power [dBm]
0.0, -37.60373
0.1341789052069426, -38.39963
0.2683578104138852, -40.24534
0.40253671562082777, -39.96702
0.5367156208277704, -41.7053
0.670894526034713, -40.61155
0.8050734312416555, -38.05784
0.9392523364485981, -34.11741
1.0734312416555407, -33.64377
1.2076101468624834, -34.24436
1.341789052069426, -33.96604
1.4759679572763684, -33.7219
1.610146862483311, -37.72092
1.7443257676902537, -39.38108
1.8785046728971961, -39.90842
2.012683578104139, -40.5676
2.1468624833110814, -43.54612
2.281041388518024, -41.15354
2.4152202937249667, -39.07834
2.5493991989319094, -39.95237
2.683578104138852, -39.59592
2.817757009345794, -42.25217
2.951935914552737, -43.60471
3.0861148197596795, -40.01096
3.220293724966622, -40.36741
3.354472630173565, -41.12913
3.4886515353805074, -41.34885
3.62283044058745, -37.14963
3.7570093457943923, -36.92014
3.891188251001335, -39.41038
4.025367156208278, -33.7512
4.15954606141522, -33.56077
4.293724966622163, -35.03538
4.4279038718291055, -35.88987
4.562082777036048, -36.80784
4.696261682242991, -37.6135
4.830440587449933, -38.24827
4.964619492656876, -39.35666
5.098798397863819, -40.74827
5.232977303070761, -42.09592
5.367156208277704, -42.25217
5.501335113484646, -40.42112
5.635514018691588, -40.51389
5.769692923898531, -44.57151
5.903871829105474, -41.89573
6.038050734312416, -42.91135
6.172229639519359, -43.95627
6.306408544726302, -47.43284
6.440587449933244, -45.04026
6.574766355140187, -38.24827
6.70894526034713, -36.43674
6.843124165554072, -37.14475
6.977303070761015, 5.013453
7.1114819759679575, 11.28298
7.2456608811749, 11.57595
7.379839786381843, 10.28689
7.5140186915887845, 7.415797
7.648197596795727, 10.17947
7.78237650200267, 10.27712
7.9165554072096125, 9.163844
8.050734312416555, 8.275172
8.184913217623498, 9.38357
8.31909212283044, 9.407984
8.453271028037383, 8.660914
8.587449933244326, 8.490016
8.721628838451268, 8.91482
8.855807743658211, 8.909937
8.989986648865154, 8.524195
9.124165554072096, 8.51443
9.258344459279039, 8.685328
9.392523364485982, 8.680445
9.526702269692924, 8.460719
9.660881174899867, 8.494898
9.79506008010681, 8.533961
9.929238985313752, 8.504664
10.063417890520695, 9.364039
10.197596795727637, 11.64431
10.33177570093458, 11.91287
10.465954606141523, 11.56619
10.600133511348465, 10.25271
10.734312416555408, 11.2781
10.868491321762349, 11.39041
11.002670226969292, 11.11697
11.136849132176234, 10.61404
11.271028037383177, 11.09255
11.40520694259012, 11.1072
11.539385847797062, 10.92654
11.673564753004005, 10.77517
11.807743658210947, 11.70779
11.94192256341789, 13.1531
12.076101468624833, 13.23611
12.210280373831775, 12.79666
12.344459279038718, 12.25955
12.47863818424566, 12.81619
12.612817089452603, 12.82595
12.746995994659546, 12.50369
12.881174899866489, 12.46462
13.015353805073431, 13.2117
13.149532710280374, 14.30056
13.283711615487316, 14.31033
13.41789052069426, 13.92947
13.552069425901202, 13.82205
13.686248331108144, 14.09548
13.820427236315087, 14.04666
13.95460614152203, 13.71462
14.088785046728972, 13.90505
14.222963951935915, 14.61306
14.357142857142858, 14.76931
14.4913217623498, 14.71072
14.625500667556743, 14.39334
14.759679572763686, 14.67166
14.893858477970628, 14.67166
15.028037383177569, 14.53494
15.162216288384512, 14.56423
15.296395193591454, 14.78884
15.430574098798397, 14.93533
15.56475300400534, 14.93533
15.698931909212282, 14.84255
15.833110814419225, 14.8865
15.967289719626168, 14.93045
16.10146862483311, 14.8865
16.235647530040055, 14.84744
16.369826435246996, 14.89627
16.50400534045394, 14.89627
16.63818424566088, 14.84744
16.772363150867825, 14.94509
16.906542056074766, 14.97439
17.04072096128171, 14.93533
17.17489986648865, 14.96462
17.309078771695592, 14.98416
17.443257676902537, 14.96462
17.577436582109478, 14.95486
17.711615487316422, 14.96462
17.845794392523363, 14.96462
17.979973297730307, 14.95486
18.114152202937248, 14.96462
18.248331108144193, 14.96951
18.382510013351133, 14.96462
18.516688918558078, 14.97927
18.65086782376502, 14.93533
18.785046728971963, 14.87673
18.919225634178904, 14.95974
19.05340453938585, 14.95974
19.18758344459279, 14.90603
19.321762349799734, 14.92556
19.455941255006675, 14.94998
19.59012016021362, 14.91091
19.72429906542056, 14.93533
19.858477970627504, 14.90603
19.992656875834445, 14.7156
20.12683578104139, 14.85232
20.26101468624833, 14.8865
20.395193591455275, 14.78396
20.529372496662216, 14.83279
20.66355140186916, 14.84744
20.7977303070761, 14.81814
20.931909212283045, 14.80837
21.066088117489986, 14.83767
21.20026702269693, 14.90115
21.33444592790387, 14.95486
21.468624833110816, 14.94509
21.602803738317757, 14.8865
21.736982643524698, 14.86697
21.871161548731642, 14.94509
22.005340453938583, 14.94509
22.139519359145527, 14.9158
22.27369826435247, 14.95486
22.407877169559413, 14.96462
22.542056074766354, 14.99392
22.676234979973298, 14.87673
22.81041388518024, 14.05642
22.944592790387183, 12.70877
23.078771695594124, 11.21951
23.21295060080107, 9.676539
23.34712950600801, 8.035914
23.481308411214954, 6.385523
23.615487316421895, 4.735133
23.74966622162884, 3.074977
23.88384512683578, 1.409937
24.018024032042725, -0.2941641
24.152202937249665, -1.944555
24.28638184245661, -3.712133
24.42056074766355, -5.421117
24.554739652870495, -7.100805
24.688918558077436, -8.756078
24.82309746328438, -10.50413
24.95727636849132, -12.02756
25.091455273698266, -13.80002
25.225634178905207, -15.34299
25.35981308411215, -17.1594
25.493991989319092, -18.72678
25.628170894526036, -20.4553
25.762349799732977, -21.98362
25.896528704939918, -23.42405
26.030707610146862, -25.54319
26.164886515353803, -29.2053
26.299065420560748, -31.31467
26.43324432576769, -32.19358
26.567423230974633, -33.99534
26.701602136181574, -35.96311
26.83578104138852, -36.25608
26.96995994659546, -36.23655
27.104138851802404, -37.1594
27.238317757009344, -35.73362
27.37249666221629, -38.88791
27.50667556742323, -39.04905
27.640854472630174, -41.17795
27.775033377837115, -44.74729
27.90921228304406, -42.44748
28.043391188251, -40.68479
28.177570093457945, -41.2512
28.311748998664886, -43.06272
28.44592790387183, -43.01389
28.58010680907877, -39.9719
28.714285714285715, -41.73459
28.848464619492656, -42.12522
28.9826435246996, -39.8303
29.11682242990654, -39.82053
29.251001335113486, -43.90745
29.385180240320427, -41.29514
29.51935914552737, -37.84299
29.653538050734312, -35.51389
29.787716955941256, -38.8342
29.921895861148197, -60.79709
30.056074766355138, -60.22825
30.190253671562083, -59.73996
30.324432576769023, -59.33225
30.458611481975968, -59.0051
30.59279038718291, -58.63877
30.726969292389853, -58.30512
30.861148197596794, -58.00413
30.99532710280374, -57.87996
31.12950600801068, -57.86055
31.263684913217624, -57.94588
31.397863818424565, -58.13596
31.53204272363151, -58.22233
31.66622162883845, -58.33005
31.800400534045394, -58.45914
31.934579439252335, -58.60959
32.068758344459276, -58.81084
32.20293724966622, -59.04521
32.337116154873165, -59.31272
32.47129506008011, -59.68311
32.60547396528705, -60.12152
32.73965287049399, -60.62794
32.873831775700936, -61.20237
33.00801068090788, -61.66715
33.14218958611482, -62.12888
33.27636849132176, -62.58756
33.410547396528706, -63.04319
33.54472630173565, -63.73969
33.67890520694259, -64.5307
33.81308411214953, -65.41623
33.94726301735648, -66.19609
34.08144192256342, -66.97036
34.21562082777036, -67.73906
34.3497997329773, -68.50217
34.48397863818425, -69.49872
34.618157543391185, -70.5853
34.75233644859813, -71.76191
34.88651535380507, -73.02854
35.02069425901202, -75.19802
35.154873164218955, -77.78265
35.2890520694259, -80.78245
35.423230974632844, -81.48139
35.55740987983979, -81.23748
35.691588785046726, -80.05072
35.82576769025367, -77.92112
35.959946595460615, -75.64503
36.09412550066756, -72.74464
36.228304405874496, -69.21995
36.36248331108144, -67.39168
36.496662216288385, -66.09948
36.63084112149533, -65.34334
36.76502002670227, -65.12327
36.89919893190921, -64.26313
37.033377837116156, -63.4686
37.1675567423231, -62.73969
37.30173564753004, -62.07639
37.43591455273698, -61.51231
37.570093457943926, -61.02728
37.70427236315087, -60.62131
37.83845126835781, -60.35904
37.97263017356475, -60.20813
38.1068090787717, -60.16861
38.24098798397864, -60.24045
38.37516688918558, -60.19712
38.50934579439252, -60.17454
38.64352469959947, -60.1727
38.777703604806405, -60.19163
38.91188251001335, -60.27766
39.046061415220294, -60.40298
39.18024032042724, -60.5676
39.314419225634175, -60.84522
39.44859813084112, -61.199
39.582777036048064, -61.62892
39.71695594125501, -62.13498
39.851134846461946, -62.59473
39.98531375166889, -63.08164
40.119492656875835, -63.59571
40.25367156208278, -64.13694
40.38785046728972, -65.29835
40.52202937249666, -66.72413
40.656208277703605, -68.41428
40.79038718291055, -69.01975
40.92456608811749, -69.21506
41.05874499332443, -69.00022
41.192923898531376, -68.37522
41.32710280373832, -68.45777
41.46128170894526, -68.57725
41.5954606141522, -68.73365
41.72963951935915, -68.92698
41.86381842456609, -68.65366
41.99799732977303, -68.21583
42.13217623497997, -67.6135
42.26635514018692, -66.96688
42.40053404539386, -66.21585
42.5347129506008, -65.36043
42.66889185580774, -64.40061
42.80307076101469, -64.08262
42.93724966622163, -63.95871
43.07142857142857, -64.02891
43.205607476635514, -64.29319
43.33978638184246, -63.93442
43.473965287049396, -63.44288
43.60814419225634, -62.81858
43.742323097463284, -62.39935
43.87650200267023, -62.01629
44.010680907877166, -61.66937
44.14485981308411, -61.35862
44.279038718291055, -61.07297
44.413217623498, -60.81907
44.54739652870494, -60.5969
44.68157543391188, -60.40647
44.815754339118826, -60.18267
44.94993324432577, -59.96457
45.08411214953271, -59.75217
45.21829105473965, -59.44595
45.352469959946596, -59.09567
45.48664886515354, -58.70132
45.62082777036048, -58.26291
45.75500667556742, -57.92035
45.88918558077437, -57.5897
46.02336448598131, -57.27094
46.15754339118825, -56.96409
46.29172229639519, -56.32025
46.42590120160214, -55.54877
46.56008010680908, -54.64963
46.69425901201602, -54.01208
46.82843791722296, -53.44149
46.96261682242991, -52.93786
47.09679572763685, -52.5012
47.23097463284379, -51.87024
47.365153538050734, -51.20176
47.49933244325768, -50.49573
47.633511348464616, -49.75217
47.76769025367156, -48.97453
47.901869158878505, -48.16072
48.03604806408545, -47.31077
48.170226969292386, -46.68507
48.30440587449933, -46.15342
48.438584779706275, -45.71583
48.57276368491322, -45.37229
48.70694259012016, -44.93497
48.8411214953271, -44.51658
48.975300400534046, -44.1171
49.10947930574099, -43.73655
49.24365821094793, -43.38138
49.37783711615487, -43.04772
49.512016021361816, -42.73557
49.64619492656876, -42.51863
49.7803738317757, -42.36006
49.91455273698264, -42.25984
50.04873164218959, -42.21799
50.18291054739653, -42.16947
50.31708945260347, -42.15329
50.45126835781041, -42.16947
50.58544726301736, -42.21799
50.7196261682243, -42.3389
50.85380507343124, -42.50817
50.987983978638184, -42.7258
51.12216288384513, -42.95599
51.25634178905207, -43.21664
51.39052069425901, -43.50775
51.524699599465954, -43.82932
51.6588785046729, -44.21354
51.793057409879836, -44.64109
51.92723631508678, -45.11197
52.061415220293725, -45.6262
52.19559412550067, -46.30095
52.32977303070761, -47.06593
52.46395193591455, -47.92112
52.598130841121495, -48.66191
52.73230974632844, -49.39061
52.86648865153538, -50.10722
53.00066755674232, -50.81174
53.134846461949266, -51.64579
53.26902536715621, -52.52439
53.40320427236315, -53.44755
53.53738317757009, -54.41526
53.67156208277704, -55.61782
53.80574098798398, -56.94107
53.93991989319092, -58.38498
54.07409879839786, -59.49338
54.20827770360481, -60.49436
54.34245660881175, -61.38791
54.47663551401869, -62.17405
54.61081441922563, -62.70246
54.74499332443258, -63.06333
54.87917222963952, -63.25666
55.01335113484646, -63.28245
55.147530040053404, -63.42672
55.28170894526035, -63.51787
55.41588785046729, -63.55588
55.55006675567423, -63.59913
55.684245660881174, -63.61843
55.81842456608812, -63.61378
55.952603471295056, -63.58518
56.086782376502, -63.55207
56.220961281708945, -63.50278
56.35514018691589, -63.43732
56.48931909212283, -63.35569
56.62349799732977, -63.57646
56.757676902536716, -63.90849
56.89185580774366, -64.35178
57.0260347129506, -64.36224
57.16021361815754, -64.21192
57.294392523364486, -63.90082
57.42857142857143, -63.42893
57.56275033377837, -63.44465
57.69692923898531, -63.55893
57.83110814419226, -63.77179
57.9652870493992, -64.08323
58.09946595460614, -63.84281
58.23364485981308, -63.44079
58.36782376502003, -62.87717
58.50200267022697, -62.6407
58.63618157543391, -62.48701
58.77036048064085, -62.41609
58.9045393858478, -62.42795
59.03871829105474, -62.33396
59.17289719626168, -62.24729
59.307076101468624, -62.16794
59.44125500667557, -62.09592
59.57543391188251, -61.71413
59.70961281708945, -61.21283
59.843791722296395, -60.59202
59.97797062750334, -60.29695
60.112149532710276, -60.10501
60.24632843791722, -60.01619
60.380507343124165, -60.03049
60.51468624833111, -59.87104
60.64886515353805, -59.70395
60.78304405874499, -59.52924
60.917222963951936, -59.3469
61.05140186915888, -59.0423
61.18558077436582, -58.68423
61.31975967957276, -58.27268
61.453938584779706, -58.17991
61.58811748998665, -58.21978
61.72229639519359, -58.39231
61.85647530040053, -58.69748
61.99065420560748, -58.60303
62.12483311081442, -58.42832
62.25901201602136, -58.17334
62.3931909212283, -57.83811
62.52736982643525, -57.93135
62.66154873164219, -58.14782
62.79572763684913, -58.48752
62.929906542056074, -58.61378
63.06408544726302, -58.69493
63.19826435246996, -58.73097
63.3324432576769, -58.7219
63.466622162883844, -58.94452
63.60080106809079, -59.23276
63.73497997329773, -59.58661
63.86915887850467, -60.00608
64.00333778371161, -60.5361
64.13751668891855, -61.1497
64.2716955941255, -61.8469
64.40587449933244, -62.50259
64.54005340453938, -63.17932
64.67423230974633, -63.8771
64.80841121495327, -64.59592
64.94259012016022, -65.27707
65.07676902536716, -65.95579
65.2109479305741, -66.63205
65.34512683578104, -67.30588
65.47930574098798, -67.90984
65.61348464619492, -68.48438
65.74766355140187, -69.02952
65.88184245660881, -69.09927
66.01602136181576, -68.91663
66.1502002670227, -68.48159
66.28437917222963, -67.79416
66.41855807743659, -67.39072
66.55273698264352, -66.94944
66.68691588785046, -66.47031
66.82109479305741, -65.95334
66.95527369826435, -65.33241
67.0894526034713, -64.64719
67.22363150867824, -63.89768
67.35781041388518, -63.41568
67.49198931909213, -63.03528
67.62616822429906, -62.7565
67.760347129506, -62.57932
67.89452603471295, -62.2627
68.02870493991989, -61.95127
68.16288384512684, -61.64502
68.29706275033378, -61.34397
68.43124165554072, -61.23015
68.56542056074767, -61.19435
68.6995994659546, -61.23655
68.83377837116154, -61.25608
68.9679572763685, -61.30328
69.10213618157543, -61.37815
69.23631508678237, -61.48069
69.37049399198932, -61.57529
69.50467289719626, -61.68332
69.63885180240321, -61.80478
69.77303070761015, -61.93967
69.90720961281708, -62.43749
70.04138851802404, -63.08853
70.17556742323097, -63.8928
70.30974632843791, -64.47873
70.44392523364486, -65.03212
70.5781041388518, -65.55295
70.71228304405875, -66.04123
70.84646194926569, -66.46848
70.98064085447263, -66.85178
71.11481975967958, -67.19114
71.24899866488651, -67.48655
71.38317757009345, -67.97227
71.5173564753004, -68.50775
71.65153538050734, -69.09299
71.78571428571429, -69.2897
71.91989319092123, -69.31702
72.05407209612817, -69.17495
72.18825100133512, -68.8635
72.32242990654206, -68.97034
72.45660881174899, -69.14287
72.59078771695594, -69.38108
72.72496662216288, -69.35108
72.85914552736983, -69.21983
72.99332443257677, -68.98731
73.12750333778371, -68.65354
73.26168224299066, -68.83176
73.3958611481976, -69.15403
73.53004005340453, -69.62034
73.66421895861149, -70.23069
73.79839786381842, -70.81302
73.93257676902536, -71.47057
74.06675567423231, -72.20334
74.20093457943925, -72.46074
74.3351134846462, -72.51805
74.46929238985314, -72.37529
74.60347129506007, -72.03245
74.73765020026703, -71.93479
74.87182910547396, -71.81516
75.0060080106809, -71.67356
75.14018691588785, -71.50998
75.27436582109479, -70.96695
75.40854472630174, -70.25894
75.54272363150868, -69.38596
75.67690253671562, -68.91163
75.81108144192257, -68.55414
75.9452603471295, -68.31349
76.07943925233644, -68.18967
76.2136181575434, -67.72352
76.34779706275033, -67.19053
76.48197596795728, -66.5907
76.61615487316422, -65.92405
76.75033377837116, -65.52273
76.88451268357811, -65.18744
77.01869158878505, -64.91819
77.15287049399198, -64.45711
77.28704939919893, -63.93314
77.42122830440587, -63.34627
77.55540720961281, -62.69651
77.68958611481976, -62.24714
77.8237650200267, -61.84018
77.95794392523365, -61.47565
78.09212283044059, -61.15354
78.22630173564752, -60.72246
78.36048064085448, -60.27324
78.49465954606141, -59.80588
78.62883845126835, -59.50036
78.7630173564753, -59.26668
78.89719626168224, -59.10485
79.03137516688919, -59.01487
79.16555407209613, -58.83237
79.29973297730307, -58.65598
79.43391188251002, -58.48569
79.56809078771695, -58.32151
79.70226969292389, -58.10573
79.83644859813084, -57.87299
79.97062750333778, -57.62327
80.10480640854473, -57.50747
80.23898531375167, -57.45016
80.3731642189586, -57.45132
80.50734312416556, -57.51096
80.6415220293725, -57.51722
80.77570093457943, -57.53721
80.90987983978638, -57.57093
81.04405874499332, -57.61838
81.17823765020027, -57.77254
81.31241655540721, -57.97762
81.44659546061415, -58.23362
81.5807743658211, -58.39475
81.71495327102804, -58.53391
81.84913217623497, -58.6511
81.98331108144193, -58.74631
82.11748998664886, -59.04462
82.2516688918558, -59.41099
82.38584779706275, -59.8454
82.52002670226969, -60.34788
82.65420560747664, -60.78663
82.78838451268358, -61.24073
82.92256341789052, -61.71018
83.05674232309747, -62.1008
83.1909212283044, -62.45969
83.32510013351134, -62.78684
83.4592790387183, -63.08225
83.59345794392523, -63.39704
83.72763684913218, -63.70054
83.86181575433912, -63.99274
83.99599465954606, -64.27366
84.13017356475301, -64.17391
84.26435246995995, -63.91512
84.39853137516688, -63.49729
84.53271028037383, -63.20502
84.66688918558077, -62.89601
84.80106809078772, -62.57025
84.93524699599466, -62.22776
85.0694259012016, -61.89283
85.20360480640855, -61.55088
85.33778371161549, -61.20191
85.47196261682242, -60.84592
85.60614152202938, -60.37403
85.74032042723631, -59.85157
85.87449933244326, -59.27854
86.0086782376502, -58.91582
86.14285714285714, -58.63296
86.27703604806409, -58.42998
86.41121495327103, -58.30686
86.54539385847796, -58.0792
86.67957276368492, -57.85764
86.81375166889185, -57.64219
86.94793057409879, -57.43284
87.08210947930574, -57.35994
87.21628838451268, -57.34529
87.35046728971963, -57.38889
87.48464619492657, -57.47748
87.6188251001335, -57.61769
87.75300400534046, -57.80951
87.8871829105474, -58.05295
88.02136181575433, -58.206
88.15554072096128, -58.35386
88.28971962616822, -58.49653
88.42389853137517, -58.63401
88.55807743658211, -59.08358
88.69225634178905, -59.65486
88.826435246996, -60.34788
88.96061415220294, -60.92126
89.09479305740987, -61.49568
89.22897196261682, -62.07116
89.36315086782376, -62.64768
89.49732977303071, -63.30655
89.63150867823765, -63.999
89.76568758344459, -64.72501
89.89986648865154, -65.48459
90.03404539385848, -66.67774
90.16822429906541, -68.06446
90.30240320427237, -69.64475
90.4365821094793, -71.0231
90.57076101468624, -72.39726
90.70493991989319, -73.76724
90.83911882510013, -75.13303
90.97329773030708, -77.52897
91.10747663551402, -80.33445
91.24165554072096, -83.54947
91.37583444592791, -87.17405
91.51001335113484, -86.88433
91.64419225634178, -85.27463
91.77837116154873, -82.34495
91.91255006675567, -80.72943
92.04672897196262, -79.11101
92.18090787716956, -77.48969
92.3150867823765, -75.86545
92.44926568758345, -74.62171
92.58344459279039, -73.52842
92.71762349799732, -72.58558
92.85180240320427, -71.79319
92.98598130841121, -70.81407
93.12016021361816, -69.85053
93.2543391188251, -68.90256
93.38851802403204, -68.05714
93.52269692923899, -67.27077
93.65687583444593, -66.54347
93.79105473965286, -65.87522
93.92523364485982, -65.40372
94.05941255006675, -65.04636
94.1935914552737, -64.80314
94.32777036048064, -64.67405
94.46194926568758, -63.97092
94.59612817089453, -63.10666
94.73030707610147, -62.08127
94.8644859813084, -61.59299
94.99866488651536, -61.2927
95.1328437917223, -61.18039
95.26702269692923, -61.25608
95.40120160213618, -61.05359
95.53538050734312, -60.85264
95.66955941255007, -60.6532
95.80373831775701, -60.4553
95.93791722296395, -60.46553
96.0720961281709, -60.55993
96.20627503337784, -60.7385
96.34045393858477, -60.79849
96.47463284379172, -60.84127
96.60881174899866, -60.86685
96.74299065420561, -60.87522
96.87716955941255, -61.01621
97.01134846461949, -61.19993
97.14552736982644, -61.42637
97.27970627503338, -61.69553
97.41388518024031, -62.26566
97.54806408544727, -62.9818
97.6822429906542, -63.84397
97.81642189586115, -64.64266
97.95060080106809, -65.48262
98.08477970627503, -66.36385
98.21895861148198, -67.28635
98.35313751668892, -68.17441
98.48731642189586, -69.07346
98.6214953271028, -69.9835
98.75567423230974, -70.90452
98.88985313751668, -71.86515
99.02403204272363, -72.84822
99.15821094793057, -73.85373
99.29238985313752, -74.36434
99.42656875834446, -74.6387
99.5607476635514, -74.67684
99.69492656875835, -74.47873
99.82910547396529, -74.25123
99.96328437917222, -73.87021
100.09746328437917, -73.3357
100.23164218958611, -72.64768
100.36582109479306, -72.1344
100.5, -71.59892
