% Measurement ID: 1360
% Mode ID: 5
% Date and time: 2019-04-27 11:49:42
% Sample ID: SP23-35
% Measurement type: ringdown
% Frequency [Hz]: 1713918.25
% Quality factor: 14378412.992877906
% Temperature [K]: 293.0
% Pressure [mBar]: 1.06e-06
% Notes: 
% 
%
% measurement data
% time [s], power [dBm]
0.012, -95.9310531616211
0.024, -95.925178527832
0.036, -95.925178527832
0.048, -95.9295883178711
0.06, -95.9376678466797
0.072, -95.9384078979492
0.084, -95.9170913696289
0.096, -95.8737335205078
0.108, -95.8075866699219
0.12, -95.7201309204102
0.132, -95.6150360107422
0.144, -95.498176574707
0.156, -95.3747100830078
0.168, -95.2519760131836
0.18, -95.1343841552734
0.192, -95.0263519287109
0.204, -94.9315414428711
0.216, -94.852165222168
0.228, -94.7911682128906
0.24, -94.7500152587891
0.252, -94.7301712036133
0.264, -94.7294311523438
0.276, -94.7367858886719
0.288, -94.7691192626953
0.3, -94.8286514282227
0.312, -94.9153747558594
0.324, -95.0285568237305
0.336, -95.1637802124023
0.348, -95.318115234375
0.36, -95.4871520996094
0.372, -95.6686859130859
0.384, -95.8597640991211
0.396, -96.0589370727539
0.408, -96.2683944702148
0.42, -96.4859313964844
0.432, -96.7093505859375
0.444, -96.9335098266602
0.456, -97.1517868041992
0.468, -97.353157043457
0.48, -97.5266036987305
0.492, -97.6640319824219
0.504, -97.7573699951172
0.516, -97.8058776855469
0.528, -97.780891418457
0.54, -97.7243041992188
0.552, -97.6508102416992
0.564, -97.5714340209961
0.576, -97.496467590332
0.588, -97.4339981079102
0.6, -97.3884353637695
0.612, -97.3627090454102
0.624, -97.3568344116211
0.636, -97.3575668334961
0.648, -97.3730010986328
0.66, -97.4060745239258
0.672, -97.4516372680664
0.684, -97.5067596435547
0.696, -97.5655517578125
0.708, -97.6214065551758
0.72, -97.6699142456055
0.732, -97.7037200927734
0.744, -97.708869934082
0.756, -97.6750564575195
0.768, -97.6155319213867
0.78, -97.5332183837891
0.792, -97.4310607910156
0.804, -97.315673828125
0.816, -97.1922073364258
0.828, -97.067268371582
0.84, -96.9489440917969
0.852, -96.8401718139648
0.864, -96.7468338012695
0.876, -96.6681976318359
0.888, -96.6057281494141
0.9, -96.5557479858398
0.912, -96.5153274536133
0.924, -96.4778518676758
0.936, -96.4374237060547
0.948, -96.38671875
0.96, -96.3190994262695
0.972, -96.2287063598633
0.984, -96.1147918701172
0.996, -95.9751510620117
1.008, -95.8112640380859
1.02, -95.6282577514648
1.032, -95.4312973022461
1.044, -95.2291946411133
1.056, -95.0292892456055
1.068, -94.8396759033203
1.08, -94.6647567749023
1.092, -94.5118942260742
1.104, -94.3847503662109
1.116, -94.2833251953125
1.128, -94.2076263427734
1.14, -94.1598587036133
1.152, -94.138542175293
1.164, -94.137809753418
1.176, -94.1451568603516
1.188, -94.1782302856445
1.2, -94.2377624511719
1.212, -94.3252182006836
1.224, -94.4384002685547
1.236, -94.5758361816406
1.248, -94.7338409423828
1.26, -94.9094924926758
1.272, -95.0961685180664
1.284, -95.2901916503906
1.296, -95.4842147827148
1.308, -95.6723556518555
1.32, -95.850944519043
1.332, -96.0170440673828
1.344, -96.1699066162109
1.356, -96.3110198974609
1.368, -96.4433059692383
1.38, -96.5726547241211
1.392, -96.706413269043
1.404, -96.8511962890625
1.416, -97.0150833129883
1.428, -97.2076416015625
1.44, -97.4310607910156
1.452, -97.6934356689453
1.464, -97.996223449707
1.476, -98.3416442871094
1.488, -98.7304306030273
1.5, -99.1618347167969
1.512, -99.6336669921875
1.524, -100.14665222168
1.536, -100.695648193359
1.548, -101.277717590332
1.56, -101.888450622559
1.572, -102.5234375
1.584, -103.178260803223
1.596, -103.845588684082
1.608, -104.526138305664
1.62, -105.207420349121
1.632, -105.871803283691
1.644, -106.493560791016
1.656, -107.04182434082
1.668, -107.484992980957
1.68, -107.785583496094
1.692, -107.886268615723
1.704, -107.68342590332
1.716, -107.334327697754
1.728, -106.873527526855
1.74, -106.350250244141
1.752, -105.80345916748
1.764, -105.275772094727
1.776, -104.798065185547
1.788, -104.395317077637
1.8, -104.081504821777
1.812, -103.85661315918
1.824, -103.71549987793
1.836, -103.643478393555
1.848, -103.626579284668
1.86, -103.626579284668
1.872, -103.647155761719
1.884, -103.691986083984
1.896, -103.752250671387
1.908, -103.824272155762
1.92, -103.908058166504
1.932, -104.006538391113
1.944, -104.123390197754
1.956, -104.259353637695
1.968, -104.411491394043
1.98, -104.572441101074
1.992, -104.731918334961
2.004, -104.870086669922
2.016, -104.968566894531
2.028, -104.975921630859
2.04, -104.859802246094
2.052, -104.659896850586
2.064, -104.390907287598
2.076, -104.066802978516
2.088, -103.708885192871
2.1, -103.337745666504
2.112, -102.972480773926
2.124, -102.628532409668
2.136, -102.313247680664
2.148, -102.029556274414
2.16, -101.772331237793
2.172, -101.537887573242
2.184, -101.316673278809
2.196, -101.101333618164
2.208, -100.885261535645
2.22, -100.669189453125
2.232, -100.45458984375
2.244, -100.245132446289
2.256, -100.044494628906
2.268, -99.8592910766602
2.28, -99.6924591064453
2.292, -99.5454711914063
2.304, -99.4197998046875
2.316, -99.3125
2.328, -99.2228393554688
2.34, -99.1471405029297
2.352, -99.0809936523438
2.364, -99.0214614868164
2.376, -98.9670791625977
2.388, -98.917839050293
2.4, -98.8722686767578
2.412, -98.8318481445313
2.424, -98.7987747192383
2.436, -98.7715835571289
2.448, -98.7488021850586
2.46, -98.7296905517578
2.472, -98.7061767578125
2.484, -98.6745758056641
2.496, -98.6290054321289
2.508, -98.566535949707
2.52, -98.4871673583984
2.532, -98.3916244506836
2.544, -98.2872619628906
2.556, -98.1806945800781
2.568, -98.0807418823242
2.58, -97.994758605957
2.592, -97.9278793334961
2.604, -97.8823089599609
2.616, -97.8551177978516
2.628, -97.8455657958984
2.64, -97.8448333740234
2.652, -97.8462982177734
2.664, -97.8499755859375
2.676, -97.847038269043
2.688, -97.8323364257813
2.7, -97.8088150024414
2.712, -97.780158996582
2.724, -97.7544326782227
2.736, -97.7404708862305
2.748, -97.7397308349609
2.76, -97.7470855712891
2.772, -97.7823638916016
2.784, -97.8492431640625
2.796, -97.9455184936523
2.808, -98.0645751953125
2.82, -98.1939239501953
2.832, -98.3203353881836
2.844, -98.4313125610352
2.856, -98.5195007324219
2.868, -98.5834426879883
2.88, -98.6268005371094
2.892, -98.6569366455078
2.904, -98.6804504394531
2.916, -98.7061767578125
2.928, -98.741455078125
2.94, -98.7892227172852
2.952, -98.8531646728516
2.964, -98.9332733154297
2.976, -99.0295486450195
2.988, -99.1397857666016
3.0, -99.2603149414063
3.012, -99.3881988525391
3.024, -99.5190124511719
3.036, -99.6476287841797
3.048, -99.7674255371094
3.06, -99.8725204467773
3.072, -99.9570388793945
3.084, -100.015098571777
3.096, -100.040817260742
3.108, -100.006278991699
3.12, -99.9393997192383
3.132, -99.8409194946289
3.144, -99.7123031616211
3.156, -99.5550308227539
3.168, -99.3727645874023
3.18, -99.170654296875
3.192, -98.9545822143555
3.204, -98.7341003417969
3.216, -98.5187683105469
3.228, -98.3218002319336
3.24, -98.1542358398438
3.252, -98.0248870849609
3.264, -97.9447784423828
3.276, -97.918327331543
3.288, -97.918327331543
3.3, -97.9528656005859
3.312, -98.0484085083008
3.324, -98.2034759521484
3.336, -98.4129333496094
3.348, -98.6686935424805
3.36, -98.9589920043945
3.372, -99.275749206543
3.384, -99.6079406738281
3.396, -99.9467468261719
3.408, -100.285552978516
3.42, -100.61994934082
3.432, -100.946258544922
3.444, -101.268898010254
3.456, -101.584922790527
3.468, -101.892860412598
3.48, -102.188301086426
3.492, -102.463172912598
3.504, -102.704231262207
3.516, -102.898254394531
3.528, -103.034217834473
3.54, -103.106239318848
3.552, -103.068756103516
3.564, -102.979095458984
3.576, -102.860038757324
3.588, -102.722602844238
3.6, -102.577819824219
3.612, -102.433776855469
3.624, -102.294136047363
3.636, -102.161849975586
3.648, -102.036170959473
3.66, -101.917846679688
3.672, -101.804664611816
3.684, -101.701042175293
3.696, -101.611381530762
3.708, -101.543762207031
3.72, -101.510696411133
3.732, -101.508491516113
3.744, -101.520248413086
3.756, -101.579780578613
3.768, -101.692222595215
3.78, -101.856117248535
3.792, -102.063362121582
3.804, -102.301483154297
3.816, -102.552101135254
3.828, -102.799774169922
3.84, -103.02613067627
3.852, -103.217216491699
3.864, -103.359794616699
3.876, -103.445777893066
3.888, -103.45166015625
3.9, -103.392127990723
3.912, -103.312759399414
3.924, -103.237060546875
3.936, -103.18782043457
3.948, -103.179733276367
3.96, -103.18782043457
3.972, -103.25910949707
3.984, -103.417854309082
3.996, -103.677284240723
4.008, -104.055778503418
4.02, -104.557739257813
4.032, -105.179496765137
4.044, -105.90193939209
4.056, -106.678764343262
4.068, -107.429138183594
4.08, -108.066329956055
4.092, -108.529335021973
4.104, -108.799057006836
4.116, -108.911506652832
4.128, -108.888717651367
4.14, -108.840950012207
4.152, -108.795387268066
4.164, -108.748344421387
4.176, -108.68293762207
4.188, -108.585929870605
4.2, -108.443351745605
4.212, -108.251533508301
4.224, -108.021499633789
4.236, -107.771614074707
4.248, -107.532760620117
4.26, -107.334327697754
4.272, -107.204978942871
4.284, -107.171173095703
4.296, -107.173377990723
4.308, -107.257164001465
4.32, -107.459266662598
4.332, -107.773818969727
4.344, -108.177299499512
4.356, -108.630020141602
4.368, -109.077598571777
4.38, -109.47078704834
4.392, -109.775054931641
4.404, -109.983039855957
4.416, -110.099899291992
4.428, -110.138114929199
4.44, -110.096954345703
4.452, -110.028610229492
4.464, -109.933067321777
4.476, -109.797103881836
4.488, -109.602340698242
4.5, -109.325271606445
4.512, -108.951187133789
4.524, -108.476425170898
4.536, -107.910522460938
4.548, -107.279945373535
4.56, -106.610420227051
4.572, -105.935745239258
4.584, -105.28311920166
4.596, -104.679008483887
4.608, -104.14323425293
4.62, -103.691253662109
4.632, -103.326721191406
4.644, -103.054794311523
4.656, -102.876205444336
4.668, -102.782135009766
4.68, -102.757881164551
4.692, -102.757881164551
4.704, -102.78507232666
4.716, -102.840927124023
4.728, -102.90486907959
4.74, -102.955581665039
4.752, -102.971748352051
4.764, -102.934265136719
4.776, -102.876937866211
4.788, -102.811531066895
4.8, -102.750534057617
4.812, -102.705703735352
4.824, -102.682182312012
4.836, -102.679977416992
4.848, -102.682182312012
4.86, -102.701293945313
4.872, -102.732154846191
4.884, -102.766700744629
4.896, -102.795364379883
4.908, -102.809326171875
4.92, -102.788749694824
4.932, -102.747589111328
4.944, -102.684387207031
4.956, -102.5947265625
4.968, -102.47492980957
4.98, -102.320594787598
4.992, -102.125831604004
5.004, -101.888450622559
5.016, -101.606971740723
5.028, -101.285804748535
5.04, -100.92862701416
5.052, -100.547927856445
5.064, -100.155471801758
5.076, -99.7666854858398
5.088, -99.3970184326172
5.1, -99.061882019043
5.112, -98.774528503418
5.124, -98.5488967895508
5.136, -98.3974990844727
5.148, -98.3313598632813
5.16, -98.3284149169922
5.172, -98.3570785522461
5.184, -98.4820175170898
5.196, -98.703239440918
5.208, -99.0185241699219
5.22, -99.4124526977539
5.232, -99.8659057617188
5.244, -100.348762512207
5.256, -100.826469421387
5.268, -101.26155090332
5.28, -101.632690429688
5.292, -101.924461364746
5.304, -102.136856079102
5.316, -102.28458404541
5.328, -102.380859375
5.34, -102.443328857422
5.352, -102.483749389648
5.364, -102.508735656738
5.376, -102.512413024902
5.388, -102.478607177734
5.4, -102.413932800293
5.412, -102.313247680664
5.424, -102.175811767578
5.436, -102.000160217285
5.448, -101.792175292969
5.46, -101.560668945313
5.472, -101.31372833252
5.484, -101.058708190918
5.496, -100.802947998047
5.508, -100.550132751465
5.52, -100.303924560547
5.532, -100.066543579102
5.544, -99.8379745483398
5.556, -99.6241149902344
5.568, -99.4264144897461
5.58, -99.2537002563477
5.592, -99.1111221313477
5.604, -99.0060272216797
5.616, -98.9465026855469
5.628, -98.9347381591797
5.64, -98.9376831054688
5.652, -98.9810409545898
5.664, -99.0729064941406
5.676, -99.2066650390625
5.688, -99.3712921142578
5.7, -99.5491485595703
5.712, -99.7225952148438
5.724, -99.8732528686523
5.736, -99.9871673583984
5.748, -100.05184173584
5.76, -100.015830993652
5.772, -99.918083190918
5.784, -99.7762451171875
5.796, -99.59765625
5.808, -99.3926086425781
5.82, -99.1728591918945
5.832, -98.9442977905273
5.844, -98.7164611816406
5.856, -98.4974517822266
5.868, -98.2946090698242
5.88, -98.1116104125977
5.892, -97.9558029174805
5.904, -97.8271942138672
5.916, -97.7243041992188
5.928, -97.6449279785156
5.94, -97.5839309692383
5.952, -97.5332183837891
5.964, -97.4839782714844
5.976, -97.4347381591797
5.988, -97.3832931518555
6.0, -97.3340454101563
6.012, -97.2965698242188
6.024, -97.282600402832
6.036, -97.282600402832
6.048, -97.3046493530273
6.06, -97.3730010986328
6.072, -97.4927978515625
6.084, -97.6684417724609
6.096, -97.8970108032227
6.108, -98.1696701049805
6.12, -98.4746704101563
6.132, -98.7951049804688
6.144, -99.1045074462891
6.156, -99.3771743774414
6.168, -99.5880966186523
6.18, -99.7123031616211
6.192, -99.6432189941406
6.204, -99.4491958618164
6.216, -99.1677169799805
6.228, -98.8215637207031
6.24, -98.4379272460938
6.252, -98.0447311401367
6.264, -97.6677093505859
6.276, -97.3274383544922
6.288, -97.0393371582031
6.3, -96.8115081787109
6.312, -96.6446762084961
6.324, -96.5388488769531
6.336, -96.4874038696289
6.348, -96.4778518676758
6.36, -96.4800567626953
6.372, -96.5050430297852
6.384, -96.5520782470703
6.396, -96.6108703613281
6.408, -96.6696701049805
6.42, -96.7181701660156
6.432, -96.7475662231445
6.444, -96.7174377441406
6.456, -96.6490859985352
6.468, -96.5395812988281
6.48, -96.3903884887695
6.492, -96.207389831543
6.504, -95.9949951171875
6.516, -95.7634887695313
6.528, -95.5224304199219
6.54, -95.283576965332
6.552, -95.0535430908203
6.564, -94.8433456420898
6.576, -94.6588821411133
6.588, -94.5067520141602
6.6, -94.3869552612305
6.612, -94.2994995117188
6.624, -94.2429046630859
6.636, -94.212776184082
6.648, -94.2032165527344
6.66, -94.2032165527344
6.672, -94.209831237793
6.684, -94.2282104492188
6.696, -94.2583389282227
6.708, -94.2987594604492
6.72, -94.3538818359375
6.732, -94.428108215332
6.744, -94.5280609130859
6.756, -94.6566772460938
6.768, -94.817626953125
6.78, -95.0101776123047
6.792, -95.2299270629883
6.804, -95.4702529907227
6.816, -95.7193908691406
6.828, -95.9663314819336
6.84, -96.1985702514648
6.852, -96.4058227539063
6.864, -96.5814743041992
6.876, -96.7225799560547
6.888, -96.8320846557617
6.9, -96.9136657714844
6.912, -96.9739303588867
6.924, -97.0224380493164
6.936, -97.068000793457
6.948, -97.1187133789063
6.96, -97.1826553344727
6.972, -97.2657012939453
6.984, -97.3737335205078
6.996, -97.5067596435547
7.008, -97.6647720336914
7.02, -97.8418884277344
7.032, -98.0300369262695
7.044, -98.2211151123047
7.056, -98.4026489257813
7.068, -98.5635986328125
7.08, -98.6973571777344
7.092, -98.7973098754883
7.104, -98.8627166748047
7.116, -98.8965225219727
7.128, -98.9024047851563
7.14, -98.8950576782227
7.152, -98.8935852050781
7.164, -98.8943176269531
7.176, -98.9075469970703
7.188, -98.9420928955078
7.2, -99.0030899047852
7.212, -99.0942230224609
7.224, -99.2169570922852
7.236, -99.3749694824219
7.248, -99.5667877197266
7.26, -99.7909393310547
7.272, -100.043022155762
7.284, -100.320098876953
7.296, -100.614067077637
7.308, -100.916130065918
7.32, -101.218925476074
7.332, -101.517311096191
7.344, -101.803199768066
7.356, -102.067039489746
7.368, -102.302955627441
7.38, -102.494041442871
7.392, -102.624855041504
7.404, -102.648376464844
7.416, -102.530052185059
7.428, -102.329414367676
7.44, -102.068511962891
7.452, -101.770858764648
7.464, -101.462188720703
7.476, -101.1689453125
7.488, -100.912452697754
7.5, -100.708877563477
7.512, -100.564826965332
7.524, -100.485458374023
7.536, -100.467086791992
7.548, -100.468551635742
7.56, -100.508239746094
7.572, -100.593490600586
7.584, -100.71475982666
7.596, -100.86100769043
7.608, -101.02269744873
7.62, -101.190994262695
7.632, -101.35782623291
7.644, -101.518775939941
7.656, -101.670906066895
7.668, -101.810546875
7.68, -101.940628051758
7.692, -102.063362121582
7.704, -102.180953979492
7.716, -102.297813415527
7.728, -102.419075012207
7.74, -102.547691345215
7.752, -102.686592102051
7.764, -102.838722229004
7.776, -103.004821777344
7.788, -103.184875488281
7.8, -103.378898620605
7.812, -103.586151123047
7.824, -103.803695678711
7.836, -104.031524658203
7.848, -104.272583007813
7.86, -104.530548095703
7.872, -104.809089660645
7.884, -105.119964599609
7.896, -105.478614807129
7.908, -105.898262023926
7.92, -106.403167724609
7.932, -107.010223388672
7.944, -107.73193359375
7.956, -108.571960449219
7.968, -109.509742736816
7.98, -110.49161529541
7.992, -111.417640686035
8.004, -112.166534423828
8.016, -112.630279541016
8.028, -112.653800964355
8.04, -112.330429077148
8.052, -111.905632019043
8.064, -111.462471008301
8.076, -111.058990478516
8.088, -110.744438171387
8.1, -110.551879882813
8.112, -110.504844665527
8.124, -110.509994506836
8.136, -110.63639831543
8.148, -110.948013305664
8.16, -111.449974060059
8.172, -112.117294311523
8.184, -112.867668151855
8.196, -113.51000213623
8.208, -113.619506835938
8.22, -113.030090332031
8.232, -112.170944213867
8.244, -111.200828552246
8.256, -110.234390258789
8.268, -109.350997924805
8.28, -108.596214294434
8.292, -107.994300842285
8.304, -107.557014465332
8.316, -107.277740478516
8.328, -107.148391723633
8.34, -107.135162353516
8.352, -107.154273986816
8.364, -107.277740478516
8.376, -107.498954772949
8.388, -107.788520812988
8.4, -108.117034912109
8.412, -108.442611694336
8.424, -108.723358154297
8.436, -108.915916442871
8.448, -108.935020446777
8.46, -108.764518737793
8.472, -108.507286071777
8.484, -108.227279663086
8.496, -108.070739746094
8.508, -108.073677062988
8.52, -108.526397705078
8.532, -112.027633666992
8.544, -107.992095947266
8.556, -101.814224243164
8.568, -95.5209579467773
8.58, -89.466552734375
8.592, -83.8046035766602
8.604, -78.5990447998047
8.616, -73.8895721435547
8.628, -69.6232681274414
8.64, -65.8074798583984
8.652, -62.4157447814941
8.664, -59.426025390625
8.676, -56.8118553161621
8.688, -54.5482521057129
8.7, -52.613899230957
8.712, -50.9661712646484
8.724, -49.5874290466309
8.736, -48.4519500732422
8.748, -47.531810760498
8.76, -46.7983436584473
8.772, -46.2250938415527
8.784, -45.7870712280273
8.796, -45.4570846557617
8.808, -45.2160263061523
8.82, -45.0447845458984
8.832, -44.9271965026855
8.844, -44.8522338867188
8.856, -44.8096084594727
8.868, -44.7927017211914
8.88, -44.7912330627441
8.892, -44.7934379577637
8.904, -44.8074035644531
8.916, -44.8272438049316
8.928, -44.8485565185547
8.94, -44.8684005737305
8.952, -44.8823661804199
8.964, -44.8897132873535
8.976, -44.886775970459
8.988, -44.8823661804199
9.0, -44.8794250488281
9.012, -44.8786888122559
9.024, -44.8801612854004
9.036, -44.886775970459
9.048, -44.8955955505371
9.06, -44.9051475524902
9.072, -44.9139671325684
9.084, -44.9132308959961
9.096, -44.9029426574707
9.108, -44.8897132873535
9.12, -44.8772201538086
9.132, -44.8684005737305
9.144, -44.8676681518555
9.156, -44.8684005737305
9.168, -44.8794250488281
9.18, -44.9014739990234
9.192, -44.9345474243164
9.204, -44.9764366149902
9.216, -45.0227394104004
9.228, -45.0697746276855
9.24, -45.1146049499512
9.252, -45.1528205871582
9.264, -45.1836891174316
9.276, -45.206470489502
9.288, -45.2204360961914
9.3, -45.2263145446777
9.312, -45.2248458862305
9.324, -45.2211723327637
9.336, -45.2174949645996
9.348, -45.2145576477051
9.36, -45.2123527526855
9.372, -45.2086753845215
9.384, -45.2035331726074
9.396, -45.1947135925293
9.408, -45.1814842224121
9.42, -45.1631126403809
9.432, -45.138858795166
9.444, -45.1087265014648
9.456, -45.0749168395996
9.468, -45.0374374389648
9.48, -44.9970169067383
9.492, -44.9565925598145
9.504, -44.9169082641602
9.516, -44.8808937072754
9.528, -44.849292755127
9.54, -44.8243064880371
9.552, -44.8074035644531
9.564, -44.7963790893555
9.576, -44.7919692993164
9.588, -44.7904968261719
9.6, -44.7904968261719
9.612, -44.7904968261719
9.624, -44.7912330627441
9.636, -44.7919692993164
9.648, -44.7949066162109
9.66, -44.8022575378418
9.672, -44.8176918029785
9.684, -44.8434143066406
9.696, -44.8808937072754
9.708, -44.9301376342773
9.72, -44.9881973266602
9.732, -45.0499305725098
9.744, -45.1101951599121
9.756, -45.1623764038086
9.768, -45.2013282775879
9.78, -45.2241096496582
9.792, -45.2189674377441
9.804, -45.1969184875488
9.816, -45.1660499572754
9.828, -45.1322441101074
9.84, -45.100643157959
9.852, -45.0741844177246
9.864, -45.0565452575684
9.876, -45.0499305725098
9.888, -45.0491943359375
9.9, -45.0543403625488
9.912, -45.0697746276855
9.924, -45.0969657897949
9.936, -45.1322441101074
9.948, -45.172664642334
9.96, -45.2160263061523
9.972, -45.2579193115234
9.984, -45.2953987121582
9.996, -45.3240623474121
10.008, -45.3424339294434
10.02, -45.3394966125488
10.032, -45.3211212158203
10.044, -45.2939300537109
10.056, -45.2615928649902
10.068, -45.2263145446777
10.08, -45.1910400390625
10.092, -45.1579666137695
10.104, -45.1263656616211
10.116, -45.0954971313477
10.128, -45.0653648376465
10.14, -45.0359687805176
10.152, -45.0043640136719
10.164, -44.9712944030762
10.176, -44.9389572143555
10.188, -44.9088249206543
10.2, -44.8838348388672
10.212, -44.8669319152832
10.224, -44.8595809936523
10.236, -44.8595809936523
10.248, -44.8654632568359
10.26, -44.8845710754395
10.272, -44.9169082641602
10.284, -44.9602699279785
10.296, -45.01318359375
10.308, -45.0705108642578
10.32, -45.1293029785156
10.332, -45.1851577758789
10.344, -45.2358703613281
10.356, -45.2807006835938
10.368, -45.3174476623535
10.38, -45.3461112976074
10.392, -45.3688926696777
10.404, -45.3887367248535
10.416, -45.4049034118652
10.428, -45.419605255127
10.44, -45.4320983886719
10.452, -45.44091796875
10.464, -45.4357719421387
10.476, -45.4166641235352
10.488, -45.386531829834
10.5, -45.3446388244629
10.512, -45.2946662902832
10.524, -45.2395439147949
10.536, -45.1851577758789
10.548, -45.1359176635742
10.56, -45.0969657897949
10.572, -45.0719795227051
10.584, -45.0624237060547
10.596, -45.0624237060547
10.608, -45.067569732666
10.62, -45.0852088928223
10.632, -45.1101951599121
10.644, -45.1381225585938
10.656, -45.1653175354004
10.668, -45.1858940124512
10.68, -45.1969184875488
10.692, -45.1829528808594
10.704, -45.1572303771973
10.716, -45.1212196350098
10.728, -45.0778579711914
10.74, -45.0322914123535
10.752, -44.9889297485352
10.764, -44.9521827697754
10.776, -44.9257278442383
10.788, -44.9124984741211
10.8, -44.9110260009766
10.812, -44.9124984741211
10.824, -44.9213180541992
10.836, -44.9374847412109
10.848, -44.9573287963867
10.86, -44.9779052734375
10.872, -44.9977493286133
10.884, -45.0153884887695
10.896, -45.0315589904785
10.908, -45.0477256774902
10.92, -45.0661010742188
10.932, -45.0874137878418
10.944, -45.1116638183594
10.956, -45.1366539001465
10.968, -45.1601715087891
10.98, -45.1792793273926
10.992, -45.1917724609375
11.004, -45.189567565918
11.016, -45.1748695373535
11.028, -45.1513519287109
11.04, -45.1212196350098
11.052, -45.0903511047363
11.064, -45.0594863891602
11.076, -45.033763885498
11.088, -45.0153884887695
11.1, -45.0058364868164
11.112, -45.0051002502441
11.124, -45.0073051452637
11.136, -45.0190620422363
11.148, -45.0403747558594
11.16, -45.0697746276855
11.172, -45.1035804748535
11.184, -45.138858795166
11.196, -45.172664642334
11.208, -45.2027969360352
11.22, -45.2263145446777
11.232, -45.2424850463867
11.244, -45.2513046264648
11.256, -45.2476272583008
11.268, -45.2395439147949
11.28, -45.2292556762695
11.292, -45.2182312011719
11.304, -45.2079429626465
11.316, -45.1983871459961
11.328, -45.1910400390625
11.34, -45.1858940124512
11.352, -45.1807479858398
11.364, -45.177074432373
11.376, -45.1741333007813
11.388, -45.172664642334
11.4, -45.172664642334
11.412, -45.1741333007813
11.424, -45.1800155639648
11.436, -45.1903038024902
11.448, -45.2086753845215
11.46, -45.2336654663086
11.472, -45.2630615234375
11.484, -45.2946662902832
11.496, -45.3270034790039
11.508, -45.3549308776855
11.52, -45.3740386962891
11.532, -45.3777122497559
11.544, -45.3630142211914
11.556, -45.3402290344238
11.568, -45.3137741088867
11.58, -45.2873153686523
11.592, -45.2660026550293
11.604, -45.2520370483398
11.616, -45.2490997314453
11.628, -45.2490997314453
11.64, -45.2564468383789
11.652, -45.2740859985352
11.664, -45.2998085021973
11.676, -45.331413269043
11.688, -45.3652191162109
11.7, -45.3960876464844
11.712, -45.4232788085938
11.724, -45.441650390625
11.736, -45.4467964172363
11.748, -45.4328346252441
11.76, -45.407844543457
11.772, -45.3762435913086
11.784, -45.3394966125488
11.796, -45.3012809753418
11.808, -45.2630615234375
11.82, -45.2292556762695
11.832, -45.1998596191406
11.844, -45.1756057739258
11.856, -45.15576171875
11.868, -45.1410636901855
11.88, -45.1322441101074
11.892, -45.1278343200684
11.904, -45.1263656616211
11.916, -45.1256294250488
11.928, -45.1293029785156
11.94, -45.1381225585938
11.952, -45.1513519287109
11.964, -45.1697273254395
11.976, -45.193977355957
11.988, -45.2226409912109
12.0, -45.2557144165039
12.012, -45.2902565002441
12.024, -45.3247985839844
12.036, -45.3578681945801
12.048, -45.3872680664063
12.06, -45.4115180969238
12.072, -45.4298934936523
12.084, -45.44091796875
12.096, -45.4394454956055
12.108, -45.4276885986328
12.12, -45.4100494384766
12.132, -45.3916778564453
12.144, -45.3733024597168
12.156, -45.3593406677246
12.168, -45.3512535095215
12.18, -45.349048614502
12.192, -45.3497848510742
12.204, -45.3549308776855
12.216, -45.3644828796387
12.228, -45.3740386962891
12.24, -45.3821220397949
12.252, -45.3835906982422
12.264, -45.3747711181641
12.276, -45.3593406677246
12.288, -45.3380241394043
12.3, -45.3130378723145
12.312, -45.2836418151855
12.324, -45.2513046264648
12.336, -45.2152900695801
12.348, -45.1778106689453
12.36, -45.1403274536133
12.372, -45.105785369873
12.384, -45.0749168395996
12.396, -45.0521354675293
12.408, -45.0381736755371
12.42, -45.033763885498
12.432, -45.033763885498
12.444, -45.0389060974121
12.456, -45.0521354675293
12.468, -45.0719795227051
12.48, -45.0954971313477
12.492, -45.1204833984375
12.504, -45.1454734802246
12.516, -45.1689910888672
12.528, -45.1910400390625
12.54, -45.210147857666
12.552, -45.2263145446777
12.564, -45.2395439147949
12.576, -45.248363494873
12.588, -45.2505683898926
12.6, -45.2432174682617
12.612, -45.2307243347168
12.624, -45.2152900695801
12.636, -45.2013282775879
12.648, -45.1961822509766
12.66, -45.1969184875488
12.672, -45.2138214111328
12.684, -45.264533996582
12.696, -45.3666877746582
12.708, -45.5393981933594
12.72, -45.8047103881836
12.732, -46.1846733093262
12.744, -46.7013320922852
12.756, -47.3723297119141
12.768, -48.2116279602051
12.78, -49.2192268371582
12.792, -50.3657264709473
12.804, -51.5974807739258
12.816, -52.8057174682617
12.828, -53.8706398010254
12.84, -54.6974411010742
12.852, -55.2626075744629
12.864, -55.6080284118652
12.876, -55.7998466491699
12.888, -55.8931846618652
12.9, -55.9350738525391
12.912, -55.9556541442871
12.924, -55.9718208312988
12.936, -55.9894599914551
12.948, -56.0115089416504
12.96, -56.0379676818848
12.972, -56.0695686340332
12.984, -56.1033744812012
12.996, -56.1401214599609
13.008, -56.177604675293
13.02, -56.2172927856445
13.032, -56.2584457397461
13.044, -56.2996025085449
13.056, -56.341495513916
13.068, -56.3833885192871
13.08, -56.4260139465332
13.092, -56.467903137207
13.104, -56.5097961425781
13.116, -56.550952911377
13.128, -56.5928421020508
13.14, -56.6354713439941
13.152, -56.677360534668
13.164, -56.7185173034668
13.176, -56.7582054138184
13.188, -56.7978897094727
13.2, -56.8383140563965
13.212, -56.8772659301758
13.224, -56.9162139892578
13.236, -56.9544334411621
13.248, -56.9926490783691
13.26, -57.0301322937012
13.272, -57.0668792724609
13.284, -57.1043586730957
13.296, -57.1411056518555
13.308, -57.1785888671875
13.32, -57.2160682678223
13.332, -57.252815246582
13.344, -57.2895622253418
13.356, -57.3277816772461
13.368, -57.3667335510254
13.38, -57.4056816101074
13.392, -57.445369720459
13.404, -57.4843215942383
13.416, -57.5225372314453
13.428, -57.5622253417969
13.44, -57.6011772155762
13.452, -57.6401290893555
13.464, -57.6783447265625
13.476, -57.7158279418945
13.488, -57.7540435791016
13.5, -57.7929954528809
13.512, -57.8312110900879
13.524, -57.8694267272949
13.536, -57.9091148376465
13.548, -57.949535369873
13.56, -57.9892234802246
13.572, -58.0289077758789
13.584, -58.0693321228027
13.596, -58.1097526550293
13.608, -58.1494407653809
13.62, -58.1891250610352
13.632, -58.2288131713867
13.644, -58.267765045166
13.656, -58.305980682373
13.668, -58.3441963195801
13.68, -58.3824157714844
13.692, -58.4213638305664
13.704, -58.4603157043457
13.716, -58.499267578125
13.728, -58.5374870300293
13.74, -58.5764389038086
13.752, -58.6146545410156
13.764, -58.6536064147949
13.776, -58.691822052002
13.788, -58.729305267334
13.8, -58.7660522460938
13.812, -58.8027992248535
13.824, -58.838809967041
13.836, -58.8748207092285
13.848, -58.9123039245605
13.86, -58.9497833251953
13.872, -58.9872665405273
13.884, -59.0254821777344
13.896, -59.0637016296387
13.908, -59.102653503418
13.92, -59.1423377990723
13.932, -59.1820259094238
13.944, -59.2224464416504
13.956, -59.262866973877
13.968, -59.3032913208008
13.98, -59.3437118530273
13.992, -59.3826637268066
14.004, -59.4230842590332
14.016, -59.4612998962402
14.028, -59.5002517700195
14.04, -59.5399398803711
14.052, -59.5781555175781
14.064, -59.6171073913574
14.076, -59.6553230285645
14.088, -59.6928062438965
14.1, -59.7302894592285
14.112, -59.7685050964355
14.124, -59.8052520751953
14.136, -59.8419990539551
14.148, -59.8787460327148
14.16, -59.9169616699219
14.172, -59.9544448852539
14.184, -59.9919242858887
14.196, -60.030876159668
14.208, -60.0720329284668
14.22, -60.1131896972656
14.232, -60.1550827026367
14.244, -60.1984405517578
14.256, -60.2425384521484
14.268, -60.2859001159668
14.28, -60.3299942016602
14.292, -60.3740921020508
14.304, -60.4174537658691
14.316, -60.4622840881348
14.328, -60.5056457519531
14.34, -60.5497436523438
14.352, -60.5931015014648
14.364, -60.6371994018555
14.376, -60.6805610656738
14.388, -60.7217178344727
14.4, -60.7636070251465
14.412, -60.8047637939453
14.424, -60.8444519042969
14.436, -60.8841361999512
14.448, -60.9223556518555
14.46, -60.9605712890625
14.472, -60.99658203125
14.484, -61.0325965881348
14.496, -61.0686073303223
14.508, -61.1038856506348
14.52, -61.13916015625
14.532, -61.1744384765625
14.544, -61.2089805603027
14.556, -61.2449913024902
14.568, -61.28173828125
14.58, -61.3184852600098
14.592, -61.3559684753418
14.604, -61.3941841125488
14.616, -61.4331359863281
14.628, -61.4735565185547
14.64, -61.5161819458008
14.652, -61.5580749511719
14.664, -61.600700378418
14.676, -61.6447982788086
14.688, -61.6903648376465
14.7, -61.7359275817871
14.712, -61.781494140625
14.724, -61.8270606994629
14.736, -61.8726272583008
14.748, -61.9174575805664
14.76, -61.961555480957
14.772, -62.0034446716309
14.784, -62.0438690185547
14.796, -62.082820892334
14.808, -62.1203002929688
14.82, -62.1577835083008
14.832, -62.1937942504883
14.844, -62.2298049926758
14.856, -62.2658195495605
14.868, -62.3025665283203
14.88, -62.3393135070801
14.892, -62.3782653808594
14.904, -62.4179496765137
14.916, -62.4583702087402
14.928, -62.4995269775391
14.94, -62.5414199829102
14.952, -62.5840454101563
14.964, -62.6266708374023
14.976, -62.6693000793457
14.988, -62.7126617431641
15.0, -62.7552871704102
15.012, -62.796443939209
15.024, -62.8361282348633
15.036, -62.8758163452148
15.048, -62.9140319824219
15.06, -62.9515151977539
15.072, -62.9889945983887
15.084, -63.027946472168
15.096, -63.0661659240723
15.108, -63.1051177978516
15.12, -63.1448020935059
15.132, -63.1852226257324
15.144, -63.2271156311035
15.156, -63.2697410583496
15.168, -63.313102722168
15.18, -63.3572006225586
15.192, -63.400562286377
15.204, -63.443920135498
15.216, -63.4858131408691
15.228, -63.526969909668
15.24, -63.5688629150391
15.252, -63.6100158691406
15.264, -63.6519088745117
15.276, -63.6938018798828
15.288, -63.7356910705566
15.3, -63.7775840759277
15.312, -63.8202095031738
15.324, -63.8628349304199
15.336, -63.904727935791
15.348, -63.9466171264648
15.36, -63.9870414733887
15.372, -64.025993347168
15.384, -64.06494140625
15.396, -64.102424621582
15.408, -64.1377029418945
15.42, -64.1722412109375
15.432, -64.2045822143555
15.444, -64.2369155883789
15.456, -64.2685241699219
15.468, -64.2993850708008
15.48, -64.3309936523438
15.492, -64.3625946044922
15.504, -64.3941955566406
15.516, -64.4272689819336
15.528, -64.4610748291016
15.54, -64.4948806762695
15.552, -64.529426574707
15.564, -64.564697265625
15.576, -64.600715637207
15.588, -64.6367263793945
15.6, -64.672737121582
15.612, -64.7080154418945
15.624, -64.7425537109375
15.636, -64.777099609375
15.648, -64.810905456543
15.66, -64.8454437255859
15.672, -64.8799896240234
15.684, -64.9145278930664
15.696, -64.9498062133789
15.708, -64.9850845336914
15.72, -65.0218276977539
15.732, -65.0585784912109
15.744, -65.096061706543
15.756, -65.13427734375
15.768, -65.1739654541016
15.78, -65.2151184082031
15.792, -65.2570114135742
15.804, -65.2996368408203
15.816, -65.3422622680664
15.828, -65.386360168457
15.84, -65.4311904907227
15.852, -65.4760208129883
15.864, -65.5215835571289
15.876, -65.5664215087891
15.888, -65.6112518310547
15.9, -65.6546096801758
15.912, -65.6972351074219
15.924, -65.739128112793
15.936, -65.7788162231445
15.948, -65.8170318603516
15.96, -65.8552474975586
15.972, -65.8919982910156
15.984, -65.9287414550781
15.996, -65.9654922485352
16.008, -66.0015029907227
16.02, -66.0375137329102
16.032, -66.0735244750977
16.044, -66.1088027954102
16.056, -66.1426086425781
16.068, -66.1764144897461
16.08, -66.2094879150391
16.092, -66.243293762207
16.104, -66.2763671875
16.116, -66.310905456543
16.128, -66.3461837768555
16.14, -66.382194519043
16.152, -66.4189453125
16.164, -66.4556884765625
16.176, -66.4939117431641
16.188, -66.5328598022461
16.2, -66.5710754394531
16.212, -66.6100311279297
16.224, -66.6482467651367
16.236, -66.6864624023438
16.248, -66.7239456176758
16.26, -66.7614288330078
16.272, -66.7989044189453
16.284, -66.8378601074219
16.296, -66.8760757446289
16.308, -66.9157638549805
16.32, -66.956184387207
16.332, -66.9980773925781
16.344, -67.0399627685547
16.356, -67.0825958251953
16.368, -67.1252212524414
16.38, -67.167106628418
16.392, -67.2097396850586
16.404, -67.2516250610352
16.416, -67.2927856445313
16.428, -67.3332061767578
16.44, -67.3721542358398
16.452, -67.4103775024414
16.464, -67.4478530883789
16.476, -67.4831314086914
16.488, -67.5176773071289
16.5, -67.5507507324219
16.512, -67.5830841064453
16.524, -67.6154251098633
16.536, -67.6462860107422
16.548, -67.6786270141602
16.56, -67.7109603881836
16.572, -67.7433013916016
16.584, -67.7771072387695
16.596, -67.811653137207
16.608, -67.846923828125
16.62, -67.8829345703125
16.632, -67.9204177856445
16.644, -67.9579010009766
16.656, -67.9953842163086
16.668, -68.0328674316406
16.68, -68.0696105957031
16.692, -68.1063613891602
16.704, -68.1423721313477
16.716, -68.1783828735352
16.728, -68.2151260375977
16.74, -68.2504043579102
16.752, -68.2864151000977
16.764, -68.3231658935547
16.776, -68.3613815307617
16.788, -68.3995971679688
16.8, -68.4392852783203
16.812, -68.4797058105469
16.824, -68.5201263427734
16.836, -68.5612869262695
16.848, -68.6024398803711
16.86, -68.6436004638672
16.872, -68.6862258911133
16.884, -68.7288513183594
16.896, -68.7707443237305
16.908, -68.8133697509766
16.92, -68.8567276000977
16.932, -68.8993530273438
16.944, -68.9427185058594
16.956, -68.98681640625
16.968, -69.0316467285156
16.98, -69.0757369995117
16.992, -69.1205749511719
17.004, -69.1661376953125
17.016, -69.2117004394531
17.028, -69.2557983398438
17.04, -69.2998962402344
17.052, -69.3447265625
17.064, -69.3880920410156
17.076, -69.4321823120117
17.088, -69.4762802124023
17.1, -69.519645690918
17.112, -69.5652084350586
17.124, -69.6100387573242
17.136, -69.6556015014648
17.148, -69.700439453125
17.16, -69.7445297241211
17.172, -69.7886276245117
17.184, -69.8319931030273
17.196, -69.8738784790039
17.208, -69.9135665893555
17.22, -69.952522277832
17.232, -69.9899978637695
17.244, -70.0260162353516
17.256, -70.0620269775391
17.268, -70.0973052978516
17.28, -70.1318435668945
17.292, -70.166389465332
17.304, -70.2031326293945
17.316, -70.2406158447266
17.328, -70.2810363769531
17.34, -70.3229293823242
17.352, -70.3662872314453
17.364, -70.4118576049805
17.376, -70.4588928222656
17.388, -70.5073928833008
17.4, -70.5551681518555
17.412, -70.6014709472656
17.424, -70.6463012695313
17.436, -70.6911315917969
17.448, -70.733757019043
17.46, -70.7734451293945
17.472, -70.8116607666016
17.484, -70.8476715087891
17.496, -70.8829498291016
17.508, -70.9174880981445
17.52, -70.952766418457
17.532, -70.986572265625
17.544, -71.0211181640625
17.556, -71.0556564331055
17.568, -71.0916748046875
17.58, -71.12841796875
17.592, -71.165901184082
17.604, -71.2041168212891
17.616, -71.2438049316406
17.628, -71.2834930419922
17.64, -71.3231735229492
17.652, -71.3643341064453
17.664, -71.4047546386719
17.676, -71.4459075927734
17.688, -71.4878005981445
17.7, -71.5282211303711
17.712, -71.5686416625977
17.724, -71.6083297729492
17.736, -71.6465454101563
17.748, -71.6832962036133
17.76, -71.7200393676758
17.772, -71.7545852661133
17.784, -71.7883911132813
17.796, -71.8221969604492
17.808, -71.8552703857422
17.82, -71.8890762329102
17.832, -71.9221496582031
17.844, -71.9544830322266
17.856, -71.9868240356445
17.868, -72.018424987793
17.88, -72.0485610961914
17.892, -72.0764846801758
17.904, -72.1022109985352
17.916, -72.127197265625
17.928, -72.1499786376953
17.94, -72.1720275878906
17.952, -72.1933441162109
17.964, -72.2146530151367
17.976, -72.237434387207
17.988, -72.2602233886719
18.0, -72.2837371826172
18.012, -72.308723449707
18.024, -72.3337173461914
18.036, -72.3587036132813
18.048, -72.3844223022461
18.06, -72.4094085693359
18.072, -72.4336624145508
18.084, -72.4571838378906
18.096, -72.4799652099609
18.108, -72.5020141601563
18.12, -72.5240631103516
18.132, -72.5453720092773
18.144, -72.5666885375977
18.156, -72.588005065918
18.168, -72.6093139648438
18.18, -72.6320953369141
18.192, -72.6556167602539
18.204, -72.6806030273438
18.216, -72.7070617675781
18.228, -72.7342529296875
18.24, -72.7629165649414
18.252, -72.7937850952148
18.264, -72.8261184692383
18.276, -72.8613967895508
18.288, -72.8974075317383
18.3, -72.9348907470703
18.312, -72.9745788574219
18.324, -73.0149993896484
18.336, -73.0546875
18.348, -73.0958404541016
18.36, -73.1355285644531
18.372, -73.1752166748047
18.384, -73.2126998901367
18.396, -73.2501831054688
18.408, -73.2861938476563
18.42, -73.3214721679688
18.432, -73.3574829101563
18.444, -73.3927536010742
18.456, -73.4280319213867
18.468, -73.4633102416992
18.48, -73.4985885620117
18.492, -73.5345993041992
18.504, -73.5713500976563
18.516, -73.6102981567383
18.528, -73.6492538452148
18.54, -73.6882019042969
18.552, -73.7278900146484
18.564, -73.7668380737305
18.576, -73.807258605957
18.588, -73.8476867675781
18.6, -73.8873672485352
18.612, -73.9270553588867
18.624, -73.9660110473633
18.636, -74.0049591064453
18.648, -74.0424423217773
18.66, -74.0791854858398
18.672, -74.1159362792969
18.684, -74.1512145996094
18.696, -74.1857528686523
18.708, -74.2195587158203
18.72, -74.2511596679688
18.732, -74.2812957763672
18.744, -74.3092269897461
18.756, -74.3356781005859
18.768, -74.3621368408203
18.78, -74.3885955810547
18.792, -74.4143218994141
18.804, -74.4415130615234
18.816, -74.4709091186523
18.828, -74.5017776489258
18.84, -74.5348510742188
18.852, -74.5693893432617
18.864, -74.6046676635742
18.876, -74.6414108276367
18.888, -74.6788940429688
18.9, -74.7156448364258
18.912, -74.7531280517578
18.924, -74.7913436889648
18.936, -74.8295593261719
18.948, -74.8670425415039
18.96, -74.9067230224609
18.972, -74.9464111328125
18.984, -74.9875717163086
18.996, -75.0309295654297
19.008, -75.0757598876953
19.02, -75.1227951049805
19.032, -75.1735076904297
19.044, -75.2264251708984
19.056, -75.2808074951172
19.068, -75.3366622924805
19.08, -75.3925170898438
19.092, -75.446907043457
19.104, -75.4990844726563
19.116, -75.5490646362305
19.128, -75.5960998535156
19.14, -75.6401901245117
19.152, -75.6835556030273
19.164, -75.7247085571289
19.176, -75.765869140625
19.188, -75.8070220947266
19.2, -75.8489151000977
19.212, -75.8915405273438
19.224, -75.9356384277344
19.236, -75.9819412231445
19.248, -76.0304412841797
19.26, -76.0811538696289
19.272, -76.1348037719727
19.284, -76.1906585693359
19.296, -76.2509231567383
19.308, -76.3119277954102
19.32, -76.3736572265625
19.332, -76.4375991821289
19.344, -76.5008010864258
19.356, -76.5640106201172
19.368, -76.6242752075195
19.38, -76.6823348999023
19.392, -76.7374496459961
19.404, -76.7911071777344
19.416, -76.8425521850586
19.428, -76.8917922973633
19.44, -76.9395599365234
19.452, -76.9865951538086
19.464, -77.0321655273438
19.476, -77.0769958496094
19.488, -77.12109375
19.5, -77.1651840209961
19.512, -77.2085494995117
19.524, -77.2526473999023
19.536, -77.298210144043
19.548, -77.3437728881836
19.56, -77.3922805786133
19.572, -77.441520690918
19.584, -77.4929656982422
19.596, -77.5458831787109
19.608, -77.5988006591797
19.62, -77.6517181396484
19.632, -77.7031631469727
19.644, -77.7516632080078
19.656, -77.7964935302734
19.668, -77.8376541137695
19.68, -77.873664855957
19.692, -77.9045333862305
19.704, -77.9309921264648
19.716, -77.9537734985352
19.728, -77.9736175537109
19.74, -77.9919891357422
19.752, -78.0103607177734
19.764, -78.0287399291992
19.776, -78.04931640625
19.788, -78.0720977783203
19.8, -78.0978240966797
19.812, -78.1272201538086
19.824, -78.158821105957
19.836, -78.1955642700195
19.848, -78.2345199584961
19.86, -78.2764129638672
19.872, -78.3212432861328
19.884, -78.368278503418
19.896, -78.4160461425781
19.908, -78.4623489379883
19.92, -78.5086517333984
19.932, -78.5527496337891
19.944, -78.5953750610352
19.956, -78.6343231201172
19.968, -78.6696014404297
19.98, -78.7019424438477
19.992, -78.730598449707
20.004, -78.7563247680664
20.016, -78.7791061401367
20.028, -78.7989501953125
20.04, -78.8180618286133
20.052, -78.8378982543945
20.064, -78.8577423095703
20.076, -78.8790588378906
20.088, -78.9033126831055
20.1, -78.9305038452148
20.112, -78.9598999023438
20.124, -78.9937057495117
20.136, -79.0311889648438
20.148, -79.0716094970703
20.16, -79.1149749755859
20.172, -79.1590728759766
20.184, -79.2016983032227
20.196, -79.2421188354492
20.208, -79.2796020507813
20.22, -79.3126678466797
20.232, -79.3398666381836
20.244, -79.3633804321289
20.256, -79.3824920654297
20.268, -79.3986587524414
20.28, -79.4155654907227
20.292, -79.4346694946289
20.304, -79.4589233398438
20.316, -79.4890594482422
20.328, -79.5258026123047
20.34, -79.5699005126953
20.352, -79.619873046875
20.364, -79.6742630004883
20.376, -79.7323226928711
20.388, -79.7896423339844
20.4, -79.8454971313477
20.412, -79.8969421386719
20.424, -79.943244934082
20.436, -79.9814605712891
20.448, -80.0108642578125
20.46, -80.0321731567383
20.472, -80.0454025268555
20.484, -80.0498123168945
20.496, -80.0439300537109
20.508, -80.0358505249023
20.52, -80.0284957885742
20.532, -80.0233535766602
20.544, -80.0226211547852
20.556, -80.0233535766602
20.568, -80.0262908935547
20.58, -80.0351104736328
20.592, -80.0490798950195
20.604, -80.0674514770508
20.616, -80.0909652709961
20.628, -80.1159591674805
20.64, -80.1431503295898
20.652, -80.1710739135742
20.664, -80.2004776000977
20.676, -80.2298736572266
20.688, -80.2607421875
20.7, -80.2930755615234
20.712, -80.3268814086914
20.724, -80.3621597290039
20.736, -80.3996429443359
20.748, -80.438591003418
20.76, -80.4804840087891
20.772, -80.5238494873047
20.784, -80.5672073364258
20.796, -80.6113052368164
20.808, -80.656135559082
20.82, -80.7002334594727
20.832, -80.7428588867188
20.844, -80.7840118408203
20.856, -80.8222274780273
20.868, -80.8597106933594
20.88, -80.8949890136719
20.892, -80.9287948608398
20.904, -80.9626007080078
20.916, -80.9964141845703
20.928, -81.0294799804688
20.94, -81.0632934570313
20.952, -81.1000366210938
20.964, -81.1375198364258
20.976, -81.1772079467773
20.988, -81.2176284790039
21.0, -81.2587814331055
21.012, -81.2999420166016
21.024, -81.3403625488281
21.036, -81.3815155029297
21.048, -81.4226760864258
21.06, -81.4623565673828
21.072, -81.5013122558594
21.084, -81.5387954711914
21.096, -81.5740737915039
21.108, -81.6078796386719
21.12, -81.6402130126953
21.132, -81.6703491210938
21.144, -81.6997451782227
21.156, -81.727668762207
21.168, -81.7541275024414
21.18, -81.7798538208008
21.192, -81.8048400878906
21.204, -81.8283615112305
21.216, -81.8504104614258
21.228, -81.8724517822266
21.24, -81.8937683105469
21.252, -81.9150848388672
21.264, -81.9378662109375
21.276, -81.9635848999023
21.288, -81.9929809570313
21.3, -82.0267944335938
21.312, -82.0650100708008
21.324, -82.1069030761719
21.336, -82.150993347168
21.348, -82.1958236694336
21.36, -82.2406616210938
21.372, -82.2840194702148
21.384, -82.3266448974609
21.396, -82.367805480957
21.408, -82.4118957519531
21.42, -82.4581985473633
21.432, -82.511116027832
21.444, -82.5721130371094
21.456, -82.6397323608398
21.468, -82.7146911621094
21.48, -82.796272277832
21.492, -82.8807907104492
21.504, -82.9645690917969
21.516, -83.0468826293945
21.528, -83.1225814819336
21.54, -83.1894607543945
21.552, -83.2460479736328
21.564, -83.2930908203125
21.576, -83.3313064575195
21.588, -83.3621673583984
21.6, -83.3893661499023
21.612, -83.4158248901367
21.624, -83.4437484741211
21.636, -83.4768218994141
21.648, -83.5157699584961
21.66, -83.5606002807617
21.672, -83.6127853393555
21.684, -83.6686401367188
21.696, -83.7266998291016
21.708, -83.7847595214844
21.72, -83.8420867919922
21.732, -83.8972015380859
21.744, -83.9471817016602
21.756, -83.9942169189453
21.768, -84.0383148193359
21.78, -84.0787353515625
21.792, -84.1176834106445
21.804, -84.1544342041016
21.816, -84.1897125244141
21.828, -84.224250793457
21.84, -84.256591796875
21.852, -84.2889251708984
21.864, -84.3205261230469
21.876, -84.3506622314453
21.888, -84.3800582885742
21.9, -84.4065170288086
21.912, -84.4315032958984
21.924, -84.4513473510742
21.936, -84.4660491943359
21.948, -84.4741287231445
21.96, -84.470458984375
21.972, -84.4572296142578
21.984, -84.438117980957
21.996, -84.4138641357422
22.008, -84.3859405517578
22.02, -84.3558044433594
22.032, -84.3271408081055
22.044, -84.3006820678711
22.056, -84.2786407470703
22.068, -84.2624664306641
22.08, -84.2543869018555
22.092, -84.2543869018555
22.104, -84.256591796875
22.116, -84.2668762207031
22.128, -84.2867202758789
22.14, -84.3153839111328
22.152, -84.3499221801758
22.164, -84.3903503417969
22.176, -84.434440612793
22.188, -84.4807434082031
22.2, -84.5292510986328
22.212, -84.5792236328125
22.224, -84.6299362182617
22.236, -84.6821136474609
22.248, -84.7342987060547
22.26, -84.7864761352539
22.272, -84.8371887207031
22.284, -84.8842239379883
22.296, -84.9261169433594
22.308, -84.9636001586914
22.32, -84.9959335327148
22.332, -85.0223922729492
22.344, -85.0444412231445
22.356, -85.0642852783203
22.368, -85.0848617553711
22.38, -85.1076431274414
22.392, -85.1355743408203
22.404, -85.1701126098633
22.416, -85.2105331420898
22.428, -85.2568359375
22.44, -85.3082809448242
22.452, -85.3626708984375
22.464, -85.4177856445313
22.476, -85.4729080200195
22.488, -85.5250930786133
22.5, -85.5728607177734
22.512, -85.6169586181641
22.524, -85.6566467285156
22.536, -85.6911849975586
22.548, -85.722053527832
22.56, -85.7477722167969
22.572, -85.7705612182617
22.584, -85.7911376953125
22.596, -85.8087768554688
22.608, -85.826416015625
22.62, -85.8440551757813
22.632, -85.864631652832
22.644, -85.8903503417969
22.656, -85.9234237670898
22.668, -85.9653167724609
22.68, -86.0160293579102
22.692, -86.074821472168
22.704, -86.1417007446289
22.716, -86.2151947021484
22.728, -86.293830871582
22.74, -86.3746795654297
22.752, -86.4533157348633
22.764, -86.5253372192383
22.776, -86.5878067016602
22.788, -86.6377868652344
22.8, -86.6723251342773
22.812, -86.6914367675781
22.824, -86.6826171875
22.836, -86.6590957641602
22.848, -86.6274948120117
22.86, -86.5914840698242
22.872, -86.5562057495117
22.884, -86.5282745361328
22.896, -86.5106353759766
22.908, -86.507698059082
22.92, -86.5084381103516
22.932, -86.5231323242188
22.944, -86.5569381713867
22.956, -86.6098556518555
22.968, -86.6818771362305
22.98, -86.7715454101563
22.992, -86.8773727416992
23.004, -86.9956970214844
23.016, -87.1228408813477
23.028, -87.2580718994141
23.04, -87.39697265625
23.052, -87.5358734130859
23.064, -87.6703720092773
23.076, -87.7945709228516
23.088, -87.9040756225586
23.1, -87.9930038452148
23.112, -88.0562133789063
23.124, -88.0922241210938
23.136, -88.0797271728516
23.148, -88.0371017456055
23.16, -87.9775695800781
23.172, -87.9084854125977
23.184, -87.8364639282227
23.196, -87.7681121826172
23.208, -87.7078475952148
23.22, -87.6593475341797
23.232, -87.6248016357422
23.244, -87.6034927368164
23.256, -87.5961380004883
23.268, -87.5961380004883
23.28, -87.6012878417969
23.292, -87.6196594238281
23.304, -87.6475830078125
23.316, -87.6850662231445
23.328, -87.7291641235352
23.34, -87.7761993408203
23.352, -87.8232345581055
23.364, -87.8666000366211
23.376, -87.8982009887695
23.388, -87.9092254638672
23.4, -87.8812942504883
23.412, -87.8291168212891
23.424, -87.75341796875
23.436, -87.6586074829102
23.448, -87.5491027832031
23.46, -87.431510925293
23.472, -87.3117218017578
23.484, -87.1956024169922
23.496, -87.0883026123047
23.508, -86.9949645996094
23.52, -86.9185256958008
23.532, -86.8619384765625
23.544, -86.825927734375
23.556, -86.8119659423828
23.568, -86.8119659423828
23.58, -86.8193130493164
23.592, -86.8465042114258
23.604, -86.8906021118164
23.616, -86.9479293823242
23.628, -87.0140686035156
23.64, -87.0846252441406
23.652, -87.1537094116211
23.664, -87.215446472168
23.676, -87.2683563232422
23.688, -87.3073120117188
23.7, -87.3300933837891
23.712, -87.3315658569336
23.724, -87.3117218017578
23.736, -87.2830581665039
23.748, -87.2514572143555
23.76, -87.2191162109375
23.772, -87.1904525756836
23.784, -87.1691436767578
23.796, -87.1559143066406
23.808, -87.1537094116211
23.82, -87.1544418334961
23.832, -87.1640014648438
23.844, -87.1845779418945
23.856, -87.215446472168
23.868, -87.25439453125
23.88, -87.3006973266602
23.892, -87.3528747558594
23.904, -87.4094696044922
23.916, -87.46826171875
23.928, -87.5285263061523
23.94, -87.5880584716797
23.952, -87.6468505859375
23.964, -87.7034378051758
23.976, -87.7570877075195
23.988, -87.8048629760742
24.0, -87.8482208251953
24.012, -87.8871765136719
24.024, -87.9217147827148
24.036, -87.9547882080078
24.048, -87.9871292114258
24.06, -88.0209350585938
24.072, -88.0576782226563
24.084, -88.0973663330078
24.096, -88.1399917602539
24.108, -88.1855621337891
24.12, -88.2325973510742
24.132, -88.2811050415039
24.144, -88.3296051025391
24.156, -88.3781127929688
24.168, -88.4258804321289
24.18, -88.4729232788086
24.192, -88.5192184448242
24.204, -88.5640487670898
24.216, -88.6059417724609
24.228, -88.644157409668
24.24, -88.6787033081055
24.252, -88.7095718383789
24.264, -88.7374954223633
24.276, -88.7624816894531
24.288, -88.786735534668
24.3, -88.8124618530273
24.312, -88.8418579101563
24.324, -88.8778686523438
24.336, -88.9241714477539
24.348, -88.9837036132813
24.36, -89.0594024658203
24.372, -89.1520004272461
24.384, -89.2593002319336
24.396, -89.3813018798828
24.408, -89.5165328979492
24.42, -89.6591033935547
24.432, -89.8016815185547
24.444, -89.9398498535156
24.456, -90.0669937133789
24.468, -90.179443359375
24.48, -90.2735137939453
24.492, -90.3470077514648
24.504, -90.3984527587891
24.516, -90.4285888671875
24.528, -90.4256439208984
24.54, -90.394775390625
24.552, -90.3440704345703
24.564, -90.2749862670898
24.576, -90.1889953613281
24.588, -90.0883102416992
24.6, -89.9758682250977
24.612, -89.856803894043
24.624, -89.7340698242188
24.636, -89.6113357543945
24.648, -89.4922790527344
24.66, -89.3813018798828
24.672, -89.2798767089844
24.684, -89.1902160644531
24.696, -89.1137847900391
24.708, -89.0527877807617
24.72, -89.0079498291016
24.732, -88.9792938232422
24.744, -88.9682693481445
24.756, -88.9682693481445
24.768, -88.9741439819336
24.78, -88.9954605102539
24.792, -89.0314712524414
24.804, -89.0777740478516
24.816, -89.1314239501953
24.828, -89.1880111694336
24.84, -89.2424011230469
24.852, -89.289436340332
24.864, -89.323974609375
24.876, -89.3416137695313
24.888, -89.3232421875
24.9, -89.2872314453125
24.912, -89.2357864379883
24.924, -89.1725769042969
24.936, -89.1012878417969
24.948, -89.0248565673828
24.96, -88.9469528198242
24.972, -88.8697891235352
24.984, -88.7940902709961
24.996, -88.7205963134766
25.008, -88.6493072509766
25.02, -88.5794830322266
25.032, -88.5118713378906
25.044, -88.4464645385742
25.056, -88.3847274780273
25.068, -88.3288726806641
25.08, -88.2803649902344
25.092, -88.2436218261719
25.104, -88.2230377197266
25.116, -88.219367980957
25.128, -88.220832824707
25.14, -88.2421493530273
25.152, -88.2884521484375
25.164, -88.3612060546875
25.176, -88.4596939086914
25.188, -88.5831604003906
25.2, -88.7286758422852
25.212, -88.8903656005859
25.224, -89.0652770996094
25.236, -89.2460708618164
25.248, -89.4268646240234
25.26, -89.6032485961914
25.272, -89.7730255126953
25.284, -89.933235168457
25.296, -90.0794906616211
25.308, -90.2117767333984
25.32, -90.3271636962891
25.332, -90.4241790771484
25.344, -90.502082824707
25.356, -90.5586700439453
25.368, -90.5968856811523
25.38, -90.6182022094727
25.392, -90.6262817382813
25.404, -90.6262817382813
25.416, -90.6262817382813
25.428, -90.6299591064453
25.44, -90.6439208984375
25.452, -90.6696472167969
25.464, -90.7100677490234
25.476, -90.7651901245117
25.488, -90.8342742919922
25.5, -90.9136428833008
25.512, -91.001838684082
25.524, -91.0937042236328
25.536, -91.1833648681641
25.548, -91.2671508789063
25.56, -91.3399047851563
25.572, -91.3987045288086
25.584, -91.4413299560547
25.596, -91.4663162231445
25.608, -91.4699935913086
25.62, -91.4552917480469
25.632, -91.4347152709961
25.644, -91.4133987426758
25.656, -91.3972320556641
25.668, -91.3906173706055
25.68, -91.3906173706055
25.692, -91.3972320556641
25.704, -91.4185485839844
25.716, -91.4574966430664
25.728, -91.5170288085938
25.74, -91.5978698730469
25.752, -91.6985549926758
25.764, -91.8183517456055
25.776, -91.9528427124023
25.788, -92.0983581542969
25.8, -92.2512283325195
25.812, -92.4033584594727
25.824, -92.5488739013672
25.836, -92.6833724975586
25.848, -92.8002243041992
25.86, -92.8950347900391
25.872, -92.96337890625
25.884, -93.0023345947266
25.896, -92.9846954345703
25.908, -92.925163269043
25.92, -92.8325653076172
25.932, -92.7090911865234
25.944, -92.5584335327148
25.956, -92.3857192993164
25.968, -92.1997833251953
25.98, -92.0057601928711
25.992, -91.8117370605469
26.004, -91.6258010864258
26.016, -91.4530868530273
26.028, -91.2972793579102
26.04, -91.1613159179688
26.052, -91.0474014282227
26.064, -90.9540634155273
26.076, -90.8835144042969
26.088, -90.8335342407227
26.1, -90.8063430786133
26.112, -90.7997283935547
26.124, -90.7997283935547
26.136, -90.8151626586914
26.148, -90.8519058227539
26.16, -90.9092330932617
26.172, -90.9841995239258
26.184, -91.074592590332
26.196, -91.1760177612305
26.208, -91.2818450927734
26.22, -91.3847351074219
26.232, -91.4810180664063
26.244, -91.5670013427734
26.256, -91.6375579833984
26.268, -91.6912078857422
26.28, -91.7308959960938
26.292, -91.7588195800781
26.304, -91.7779312133789
26.316, -91.7926254272461
26.328, -91.8051223754883
26.34, -91.8183517456055
26.352, -91.8345184326172
26.364, -91.855094909668
26.376, -91.8800888061523
26.388, -91.9109497070313
26.4, -91.9506378173828
26.412, -92.002082824707
26.424, -92.068229675293
26.436, -92.1542129516602
26.448, -92.2644577026367
26.46, -92.4026260375977
26.472, -92.5709228515625
26.484, -92.7678909301758
26.496, -92.9891052246094
26.508, -93.2257537841797
26.52, -93.4638748168945
26.532, -93.6843566894531
26.544, -93.8717651367188
26.556, -94.0091934204102
26.568, -94.0856323242188
26.58, -94.0444717407227
26.592, -93.9401092529297
26.604, -93.7967987060547
26.616, -93.6255569458008
26.628, -93.4403533935547
26.64, -93.2514801025391
26.652, -93.0633316040039
26.664, -92.8810653686523
26.676, -92.7054214477539
26.688, -92.5378570556641
26.7, -92.3776397705078
26.712, -92.2240371704102
26.724, -92.0792541503906
26.736, -91.9447631835938
26.748, -91.8220291137695
26.76, -91.7147216796875
26.772, -91.6258010864258
26.784, -91.5567169189453
26.796, -91.5111465454102
26.808, -91.4913024902344
26.82, -91.4905700683594
26.832, -91.497184753418
26.844, -91.5287857055664
26.856, -91.5824356079102
26.868, -91.6537246704102
26.88, -91.7382431030273
26.892, -91.8286361694336
26.904, -91.9190368652344
26.916, -92.0042877197266
26.928, -92.0807266235352
26.94, -92.1461334228516
26.952, -92.2019882202148
26.964, -92.2519607543945
26.976, -92.2989959716797
26.988, -92.3482360839844
27.0, -92.4063034057617
27.012, -92.4739151000977
27.024, -92.5554885864258
27.036, -92.6525039672852
27.048, -92.7642135620117
27.06, -92.8898849487305
27.072, -93.0273208618164
27.084, -93.17578125
27.096, -93.3315887451172
27.108, -93.496208190918
27.12, -93.6674499511719
27.132, -93.8453063964844
27.144, -94.0283050537109
27.156, -94.2149810791016
27.168, -94.4060592651367
27.18, -94.5978775024414
27.192, -94.7919006347656
27.204, -94.9844589233398
27.216, -95.1777420043945
27.228, -95.3739700317383
27.24, -95.5746078491211
27.252, -95.7811279296875
27.264, -95.9986724853516
27.276, -96.2257614135742
27.288, -96.4616775512695
27.3, -96.7027359008789
27.312, -96.9423294067383
27.324, -97.1708908081055
27.336, -97.3759384155273
27.348, -97.5457077026367
27.36, -97.6706466674805
27.372, -97.7448806762695
27.384, -97.7367935180664
27.396, -97.6662368774414
27.408, -97.563346862793
27.42, -97.4362030029297
27.432, -97.2928924560547
27.444, -97.138557434082
27.456, -96.9776077270508
27.468, -96.8137130737305
27.48, -96.6512908935547
27.492, -96.4940185546875
27.504, -96.349967956543
27.516, -96.2279663085938
27.528, -96.1383056640625
27.54, -96.0890655517578
27.552, -96.0802459716797
27.564, -96.0853958129883
27.576, -96.1309585571289
27.588, -96.2257614135742
27.6, -96.3624649047852
27.612, -96.5337066650391
27.624, -96.7269897460938
27.636, -96.9298324584961
27.648, -97.1275329589844
27.66, -97.3083267211914
27.672, -97.4648666381836
27.684, -97.5934829711914
27.696, -97.6934356689453
27.708, -97.7661895751953
27.72, -97.8169021606445
27.732, -97.852180480957
27.744, -97.8771667480469
27.756, -97.8940734863281
27.768, -97.9050979614258
27.78, -97.9036254882813
27.792, -97.88671875
27.804, -97.8558578491211
27.816, -97.814697265625
27.828, -97.7654571533203
27.84, -97.7191543579102
27.852, -97.6890258789063
27.864, -97.6838760375977
27.876, -97.6897583007813
27.888, -97.7345886230469
27.9, -97.8352737426758
27.912, -98.0013732910156
27.924, -98.2380218505859
27.936, -98.5437545776367
27.948, -98.9134292602539
27.96, -99.3389587402344
27.972, -99.8078460693359
27.984, -100.312744140625
27.996, -100.838226318359
28.008, -101.376937866211
28.02, -101.923728942871
28.032, -102.475662231445
28.044, -103.032745361328
28.056, -103.598648071289
28.068, -104.183654785156
28.08, -104.789978027344
28.092, -105.418350219727
28.104, -106.065093994141
28.116, -106.722129821777
28.128, -107.371078491211
28.14, -107.986953735352
28.152, -108.548446655273
28.164, -109.026885986328
28.176, -109.403175354004
28.188, -109.672164916992
28.2, -109.841934204102
28.212, -109.937477111816
28.224, -109.99479675293
28.236, -110.049186706543
28.248, -110.134437561035
28.26, -110.273338317871
28.272, -110.477653503418
28.284, -110.740028381348
28.296, -111.027389526367
28.308, -111.296371459961
28.32, -111.497749328613
28.332, -111.563888549805
28.344, -111.417640686035
28.356, -111.191276550293
28.368, -110.938461303711
28.38, -110.702545166016
28.392, -110.530570983887
28.404, -110.464424133301
28.416, -110.464424133301
28.428, -110.534980773926
28.44, -110.765747070313
28.452, -111.170700073242
28.464, -111.761589050293
28.476, -112.536949157715
28.488, -113.493835449219
28.5, -114.622695922852
28.512, -115.909568786621
28.524, -117.297866821289
28.536, -118.648681640625
28.548, -119.739326477051
28.56, -120.366226196289
28.572, -120.274360656738
28.584, -119.83927154541
28.596, -119.332168579102
28.608, -118.828002929688
28.62, -118.360580444336
28.632, -117.942405700684
28.644, -117.566848754883
28.656, -117.206001281738
28.668, -116.827507019043
28.68, -116.414474487305
28.692, -115.950729370117
28.704, -115.428184509277
28.716, -114.84538269043
28.728, -114.212600708008
28.74, -113.540130615234
28.752, -112.834594726563
28.764, -112.105537414551
28.776, -111.355903625488
28.788, -110.601860046387
28.8, -109.855163574219
28.812, -109.129043579102
28.824, -108.438941955566
28.836, -107.797340393066
28.848, -107.216743469238
28.86, -106.697875976563
28.872, -106.243682861328
28.884, -105.849021911621
28.896, -105.505073547363
28.908, -105.200073242188
28.92, -104.919326782227
28.932, -104.643730163574
28.944, -104.362983703613
28.956, -104.069007873535
28.968, -103.757392883301
28.98, -103.428146362305
28.992, -103.087135314941
29.004, -102.744651794434
29.016, -102.407318115234
29.028, -102.086151123047
29.04, -101.791442871094
29.052, -101.532005310059
29.064, -101.3115234375
29.076, -101.137344360352
29.088, -101.013137817383
29.1, -100.939651489258
29.112, -100.919067382813
29.124, -100.919807434082
29.136, -100.95581817627
29.148, -101.050621032715
29.16, -101.204956054688
29.172, -101.418823242188
29.184, -101.693695068359
29.196, -102.032501220703
29.208, -102.433036804199
29.22, -102.893844604492
29.232, -103.409767150879
29.244, -103.978607177734
29.256, -104.588607788086
29.268, -105.234619140625
29.28, -105.901206970215
29.292, -106.573669433594
29.304, -107.236587524414
29.316, -107.864952087402
29.328, -108.431587219238
29.34, -108.903419494629
29.352, -109.25545501709
29.364, -109.460502624512
29.376, -109.379661560059
29.388, -109.113609313965
29.4, -108.729972839355
29.412, -108.258880615234
29.424, -107.740013122559
29.436, -107.204978942871
29.448, -106.680969238281
29.46, -106.187828063965
29.472, -105.741722106934
29.484, -105.352203369141
29.496, -105.017807006836
29.508, -104.741477966309
29.52, -104.519523620605
29.532, -104.347549438477
29.544, -104.217468261719
29.556, -104.124130249023
29.568, -104.061660766602
29.58, -104.027114868164
29.592, -104.016090393066
29.604, -104.016090393066
29.616, -104.027114868164
29.628, -104.058715820313
29.64, -104.105018615723
29.652, -104.159400939941
29.664, -104.213790893555
29.676, -104.26082611084
29.688, -104.293899536133
29.7, -104.305656433105
29.712, -104.297569274902
29.724, -104.294631958008
29.736, -104.297569274902
29.748, -104.324028015137
29.76, -104.399726867676
29.772, -104.549652099609
29.784, -104.798797607422
29.796, -105.171409606934
29.808, -105.691009521484
29.82, -106.37744140625
29.832, -107.261573791504
29.844, -108.358833312988
29.856, -109.68318939209
29.868, -111.228759765625
29.88, -112.952919006348
29.892, -114.722648620605
29.904, -116.291732788086
29.916, -117.383850097656
29.928, -117.635200500488
29.94, -116.945831298828
29.952, -115.930145263672
29.964, -114.738815307617
29.976, -113.477661132813
29.988, -112.239295959473
30.0, -111.083976745605
30.012, -110.038162231445
30.024, -109.117286682129
30.036, -108.323554992676
30.048, -107.654762268066
30.06, -107.093269348145
30.072, -106.625114440918
30.084, -106.23706817627
30.096, -105.918106079102
30.108, -105.658676147461
30.12, -105.45142364502
30.132, -105.288269042969
30.144, -105.170677185059
30.156, -105.100120544434
30.168, -105.077339172363
30.18, -105.077339172363
30.192, -105.106735229492
30.204, -105.194198608398
30.216, -105.347061157227
30.228, -105.575630187988
30.24, -105.885772705078
30.252, -106.28337097168
30.264, -106.768432617188
30.276, -107.337272644043
30.288, -107.967109680176
30.3, -108.618995666504
30.312, -109.25545501709
30.324, -109.822822570801
30.336, -110.27774810791
30.348, -110.591567993164
30.36, -110.756927490234
30.372, -110.640075683594
30.384, -110.360801696777
30.396, -109.949966430664
30.408, -109.430366516113
30.42, -108.826988220215
30.432, -108.168479919434
30.444, -107.491607666016
30.456, -106.819877624512
30.468, -106.179748535156
30.48, -105.59400177002
30.492, -105.081016540527
30.504, -104.655487060547
30.516, -104.326972961426
30.528, -104.104286193848
30.54, -103.989631652832
30.552, -103.974197387695
30.564, -103.988166809082
30.576, -104.100608825684
30.588, -104.326972961426
30.6, -104.657691955566
30.612, -105.064109802246
30.624, -105.502136230469
30.636, -105.893852233887
30.648, -106.147407531738
30.66, -106.008506774902
30.672, -105.624130249023
30.684, -105.097183227539
30.696, -104.489387512207
30.708, -103.862487792969
30.72, -103.26057434082
30.732, -102.717460632324
30.744, -102.253715515137
30.756, -101.883308410645
30.768, -101.613586425781
30.78, -101.441612243652
30.792, -101.362236022949
30.804, -101.354148864746
30.816, -101.365173339844
30.828, -101.437202453613
30.84, -101.559936523438
30.852, -101.708389282227
30.864, -101.859786987305
30.876, -101.989135742188
30.888, -102.075126647949
30.9, -102.054550170898
30.912, -101.938423156738
30.924, -101.758369445801
30.936, -101.52318572998
30.948, -101.249794006348
30.96, -100.95361328125
30.972, -100.650085449219
30.984, -100.351699829102
30.996, -100.067276000977
31.008, -99.8063735961914
31.02, -99.5741348266602
31.032, -99.3742294311523
31.044, -99.208869934082
31.056, -99.0773162841797
31.068, -98.9781036376953
31.08, -98.9060821533203
31.092, -98.8531646728516
31.104, -98.8112716674805
31.116, -98.7723236083984
31.128, -98.7333679199219
31.14, -98.6907424926758
31.152, -98.6466445922852
31.164, -98.6076965332031
31.176, -98.5804977416992
31.188, -98.5731506347656
31.2, -98.5738906860352
31.212, -98.5944671630859
31.224, -98.6473770141602
31.236, -98.7333679199219
31.248, -98.848014831543
31.26, -98.989128112793
31.272, -99.1471405029297
31.284, -99.3147048950195
31.296, -99.4844741821289
31.308, -99.6505661010742
31.32, -99.8107833862305
31.332, -99.9636535644531
31.344, -100.112106323242
31.356, -100.256156921387
31.368, -100.398002624512
31.38, -100.534698486328
31.392, -100.661109924316
31.404, -100.769874572754
31.416, -100.848518371582
31.428, -100.88232421875
31.44, -100.825729370117
31.452, -100.721374511719
31.464, -100.57585144043
31.476, -100.405349731445
31.488, -100.223815917969
31.5, -100.044494628906
31.512, -99.8798675537109
31.524, -99.7380294799805
31.536, -99.6197052001953
31.548, -99.5263671875
31.56, -99.4514007568359
31.572, -99.3867263793945
31.584, -99.3271942138672
31.596, -99.2632598876953
31.608, -99.1890258789063
31.62, -99.099365234375
31.632, -98.9920654296875
31.644, -98.8671264648438
31.656, -98.7260208129883
31.668, -98.5731506347656
31.68, -98.4151382446289
31.692, -98.2578659057617
31.704, -98.1094055175781
31.716, -97.9785919189453
31.728, -97.8698196411133
31.74, -97.7875061035156
31.752, -97.7345886230469
31.764, -97.710334777832
31.776, -97.7081298828125
31.788, -97.7125396728516
31.8, -97.7360610961914
31.812, -97.7742767333984
31.824, -97.8220443725586
31.836, -97.8734893798828
31.848, -97.9219970703125
31.86, -97.9653625488281
31.872, -98.0021057128906
31.884, -98.0337066650391
31.896, -98.061637878418
31.908, -98.0932388305664
31.92, -98.132926940918
31.932, -98.1880416870117
31.944, -98.2622756958008
31.956, -98.3578186035156
31.968, -98.4739379882813
31.98, -98.6091613769531
31.992, -98.7568893432617
32.004, -98.9104843139648
32.016, -99.065559387207
32.028, -99.2206344604492
32.04, -99.3749694824219
32.052, -99.5307769775391
32.064, -99.6961364746094
32.076, -99.8725204467773
32.088, -100.060661315918
32.1, -100.252479553223
32.112, -100.436950683594
32.124, -100.59937286377
32.136, -100.720634460449
32.148, -100.790458679199
32.16, -100.768409729004
32.172, -100.692710876465
32.184, -100.596435546875
32.196, -100.495010375977
32.208, -100.402412414551
32.22, -100.329650878906
32.232, -100.286285400391
32.244, -100.273796081543
32.256, -100.273796081543
32.268, -100.293640136719
32.28, -100.344352722168
32.292, -100.422988891602
32.304, -100.528816223145
32.316, -100.656700134277
32.328, -100.805152893066
32.34, -100.972717285156
32.352, -101.157920837402
32.364, -101.358558654785
32.376, -101.570220947266
32.388, -101.784088134766
32.4, -101.986930847168
32.412, -102.160377502441
32.424, -102.275024414063
32.436, -102.225784301758
32.448, -102.032501220703
32.46, -101.729705810547
32.472, -101.335777282715
32.484, -100.878646850586
32.496, -100.388442993164
32.508, -99.8923645019531
32.52, -99.4146575927734
32.532, -98.9678115844727
32.544, -98.5643310546875
32.556, -98.2115631103516
32.568, -97.9124450683594
32.58, -97.6625671386719
32.592, -97.458251953125
32.604, -97.2950973510742
32.616, -97.1628112792969
32.628, -97.0547714233398
32.64, -96.9651107788086
32.652, -96.88720703125
32.664, -96.816650390625
32.676, -96.7519760131836
32.688, -96.6924514770508
32.7, -96.639533996582
32.712, -96.5947036743164
32.724, -96.5601577758789
32.736, -96.5403213500977
32.748, -96.5351715087891
32.76, -96.5359115600586
32.772, -96.5469284057617
32.784, -96.5748596191406
32.796, -96.6174850463867
32.808, -96.6711349487305
32.82, -96.7299346923828
32.832, -96.7894592285156
32.844, -96.8416442871094
32.856, -96.8820648193359
32.868, -96.9048461914063
32.88, -96.8938217163086
32.892, -96.8614883422852
32.904, -96.81591796875
32.916, -96.7600631713867
32.928, -96.6953887939453
32.94, -96.6270370483398
32.952, -96.5564880371094
32.964, -96.4851989746094
32.976, -96.4139099121094
32.988, -96.3426208496094
33.0, -96.2691268920898
33.012, -96.1890182495117
33.024, -96.1015625
33.036, -96.0045471191406
33.048, -95.8950424194336
33.06, -95.7745132446289
33.072, -95.6451644897461
33.084, -95.5114059448242
33.096, -95.3754425048828
33.108, -95.2438888549805
33.12, -95.1226272583008
33.132, -95.0197372436523
33.144, -94.9410934448242
33.156, -94.8918533325195
33.168, -94.8756866455078
33.18, -94.8756866455078
33.192, -94.8955307006836
33.204, -94.9528579711914
33.216, -95.0469284057617
33.228, -95.1762771606445
33.24, -95.3379592895508
33.252, -95.5253677368164
33.264, -95.7355651855469
33.276, -95.9582443237305
33.288, -96.1824035644531
33.3, -96.3970031738281
33.312, -96.5910263061523
33.324, -96.7519760131836
33.336, -96.8732452392578
33.348, -96.9511489868164
33.36, -96.9886322021484
33.372, -96.9629058837891
33.384, -96.9173431396484
33.396, -96.8592834472656
33.408, -96.7946090698242
33.42, -96.7277297973633
33.432, -96.6623153686523
33.444, -96.5976409912109
33.456, -96.5337066650391
33.468, -96.4682922363281
33.48, -96.3977432250977
33.492, -96.3183670043945
33.504, -96.2257614135742
33.516, -96.1155242919922
33.528, -95.9832382202148
33.54, -95.8296356201172
33.552, -95.6532516479492
33.564, -95.460693359375
33.576, -95.2578506469727
33.588, -95.0535430908203
33.6, -94.8580474853516
33.612, -94.6787261962891
33.624, -94.5251235961914
33.636, -94.4023895263672
33.648, -94.3119888305664
33.66, -94.2561340332031
33.672, -94.2318801879883
33.684, -94.2296752929688
33.696, -94.2340850830078
33.708, -94.2583389282227
33.72, -94.2987594604492
33.732, -94.3494720458984
33.744, -94.4067993164063
33.756, -94.4692687988281
33.768, -94.533203125
33.78, -94.5986175537109
33.792, -94.6618194580078
33.804, -94.7206115722656
33.816, -94.7727966308594
33.828, -94.8154220581055
33.84, -94.8440856933594
33.852, -94.8573150634766
33.864, -94.8426132202148
33.876, -94.8146896362305
33.888, -94.7779388427734
33.9, -94.7353134155273
33.912, -94.6912155151367
33.924, -94.6500625610352
33.936, -94.6155166625977
33.948, -94.5927352905273
33.96, -94.5868530273438
33.972, -94.5875930786133
33.984, -94.603759765625
33.996, -94.6456527709961
34.008, -94.7169418334961
34.02, -94.8205642700195
34.032, -94.9543228149414
34.044, -95.1152725219727
34.056, -95.2938690185547
34.068, -95.4842147827148
34.08, -95.673095703125
34.092, -95.8480072021484
34.104, -95.9986724853516
34.116, -96.1140518188477
34.128, -96.1897506713867
34.14, -96.2176818847656
34.152, -96.1765213012695
34.164, -96.1067047119141
34.176, -96.0155715942383
34.188, -95.9119491577148
34.2, -95.8031768798828
34.212, -95.6951370239258
34.224, -95.5937194824219
34.236, -95.4996490478516
34.248, -95.4151306152344
34.26, -95.3379592895508
34.272, -95.2637329101563
34.284, -95.1909713745117
34.296, -95.1116027832031
34.308, -95.0226745605469
34.32, -94.921989440918
34.332, -94.8073348999023
34.344, -94.6831359863281
34.356, -94.5515823364258
34.368, -94.4185562133789
34.38, -94.2906799316406
34.392, -94.17529296875
34.404, -94.0775451660156
34.416, -94.0033187866211
34.428, -93.9555435180664
34.44, -93.9356994628906
34.452, -93.9342346191406
34.464, -93.9408493041992
34.476, -93.9702453613281
34.488, -94.0187530517578
34.5, -94.0819549560547
34.512, -94.1547164916992
34.524, -94.2326202392578
34.536, -94.3134613037109
34.548, -94.3965072631836
34.56, -94.4817581176758
34.572, -94.5714263916016
34.584, -94.6677017211914
34.596, -94.7750015258789
34.608, -94.8940582275391
34.62, -95.0263519287109
34.632, -95.1696624755859
34.644, -95.3203201293945
34.656, -95.4724578857422
34.668, -95.6187057495117
34.68, -95.7532043457031
34.692, -95.8678512573242
34.704, -95.9619216918945
34.716, -96.031005859375
34.728, -96.0751037597656
34.74, -96.0897979736328
34.752, -96.063346862793
34.764, -96.0163116455078
34.776, -95.9531021118164
34.788, -95.8796081542969
34.8, -95.8046493530273
34.812, -95.7362976074219
34.824, -95.6811752319336
34.836, -95.6451644897461
34.848, -95.6297302246094
34.86, -95.6297302246094
34.872, -95.6348724365234
34.884, -95.6554565429688
34.896, -95.6855850219727
34.908, -95.7208633422852
34.92, -95.7546691894531
34.932, -95.782600402832
34.944, -95.8039093017578
34.956, -95.8178787231445
34.968, -95.8259582519531
34.98, -95.8325729370117
34.992, -95.8421249389648
35.004, -95.8605041503906
35.016, -95.8921051025391
35.028, -95.9420776367188
35.04, -96.0119018554688
35.052, -96.1044998168945
35.064, -96.2213516235352
35.076, -96.3631973266602
35.088, -96.5285568237305
35.1, -96.7189102172852
35.112, -96.9342422485352
35.124, -97.17236328125
35.136, -97.4310607910156
35.148, -97.7066650390625
35.16, -97.994758605957
35.172, -98.2901992797852
35.184, -98.5907897949219
35.196, -98.8935852050781
35.208, -99.1963806152344
35.22, -99.5013732910156
35.232, -99.81298828125
35.244, -100.135627746582
35.256, -100.47811126709
35.268, -100.851455688477
35.28, -101.260818481445
35.292, -101.710594177246
35.304, -102.201530456543
35.316, -102.727745056152
35.328, -103.270866394043
35.34, -103.812515258789
35.352, -104.324768066406
35.364, -104.78263092041
35.376, -105.167739868164
35.388, -105.476409912109
35.4, -105.71159362793
35.412, -105.882827758789
35.424, -106.003356933594
35.436, -106.087142944336
35.448, -106.146675109863
35.46, -106.193710327148
35.472, -106.238540649414
35.484, -106.287780761719
35.496, -106.348045349121
35.508, -106.420806884766
35.52, -106.500915527344
35.532, -106.583221435547
35.544, -106.66039276123
35.556, -106.732414245605
35.568, -106.801498413086
35.58, -106.881607055664
35.592, -106.986701965332
35.604, -107.134429931641
35.616, -107.343147277832
35.628, -107.623893737793
35.64, -107.984016418457
35.652, -108.419097900391
35.664, -108.929878234863
35.676, -109.506805419922
35.688, -110.132965087891
35.7, -110.797348022461
35.712, -111.490394592285
35.724, -112.195938110352
35.736, -112.877220153809
35.748, -113.478401184082
35.76, -113.895843505859
35.772, -113.759147644043
35.784, -113.15355682373
35.796, -112.268692016602
35.808, -111.198623657227
35.82, -110.040367126465
35.832, -108.868141174316
35.844, -107.738548278809
35.856, -106.694938659668
35.868, -105.768913269043
35.88, -104.983268737793
35.892, -104.344612121582
35.904, -103.863960266113
35.916, -103.543525695801
35.928, -103.38037109375
35.94, -103.356117248535
35.952, -103.370079040527
35.964, -103.50016784668
35.976, -103.755928039551
35.988, -104.121185302734
36.0, -104.573173522949
36.012, -105.079544067383
36.024, -105.607231140137
36.036, -106.116539001465
36.048, -106.567794799805
36.06, -106.931587219238
36.072, -107.182197570801
36.084, -107.30786895752
36.096, -107.214538574219
36.108, -107.015365600586
36.12, -106.727272033691
36.132, -106.350982666016
36.144, -105.885772705078
36.156, -105.333831787109
36.168, -104.704727172852
36.18, -104.016830444336
36.192, -103.295852661133
36.204, -102.57341003418
36.216, -101.866401672363
36.228, -101.198348999023
36.24, -100.587615966797
36.252, -100.045967102051
36.264, -99.5785446166992
36.276, -99.1890258789063
36.288, -98.8737411499023
36.3, -98.6304779052734
36.312, -98.4526214599609
36.324, -98.3284149169922
36.336, -98.2483139038086
36.348, -98.1998062133789
36.36, -98.1733474731445
36.372, -98.1549758911133
36.384, -98.1358642578125
36.396, -98.1116104125977
36.408, -98.0800094604492
36.42, -98.0417938232422
36.432, -98.0028381347656
36.444, -97.9705047607422
36.456, -97.9528656005859
36.468, -97.9521331787109
36.48, -97.957275390625
36.492, -97.9881439208984
36.504, -98.0491409301758
36.516, -98.137336730957
36.528, -98.2461090087891
36.54, -98.3658981323242
36.552, -98.4849624633789
36.564, -98.5915222167969
36.576, -98.6775131225586
36.588, -98.7385101318359
36.6, -98.774528503418
36.612, -98.7914276123047
36.624, -98.7965698242188
36.636, -98.7995147705078
36.648, -98.8120040893555
36.66, -98.8436050415039
36.672, -98.9009323120117
36.684, -98.989860534668
36.696, -99.1192092895508
36.708, -99.2941284179688
36.72, -99.5197525024414
36.732, -99.7990264892578
36.744, -100.131950378418
36.756, -100.517791748047
36.768, -100.946258544922
36.78, -101.410743713379
36.792, -101.886978149414
36.804, -102.352195739746
36.816, -102.782867431641
36.828, -103.155479431152
36.84, -103.45386505127
36.852, -103.669937133789
36.864, -103.813247680664
36.876, -103.898498535156
36.888, -103.949951171875
36.9, -104.00065612793
36.912, -104.082237243652
36.924, -104.226280212402
36.936, -104.459991455078
36.948, -104.801742553711
36.96, -105.262542724609
36.972, -105.838737487793
36.984, -106.503852844238
36.996, -107.202774047852
37.008, -107.860542297363
37.02, -108.39998626709
37.032, -108.75643157959
37.044, -108.888717651367
37.056, -108.73365020752
37.068, -108.498466491699
37.08, -108.229484558105
37.092, -107.959022521973
37.104, -107.711349487305
37.116, -107.496017456055
37.128, -107.316688537598
37.14, -107.174110412598
37.152, -107.06755065918
37.164, -106.999198913574
37.176, -106.980827331543
37.188, -106.982292175293
37.2, -107.033744812012
37.212, -107.174850463867
37.224, -107.429138183594
37.236, -107.826736450195
37.248, -108.388961791992
37.26, -109.139335632324
37.272, -110.082992553711
37.284, -111.189071655273
37.296, -112.34513092041
37.308, -113.32186126709
37.32, -113.907600402832
37.332, -113.63346862793
37.344, -112.955123901367
37.356, -112.089370727539
37.368, -111.136154174805
37.38, -110.168243408203
37.392, -109.244430541992
37.404, -108.395576477051
37.416, -107.656234741211
37.428, -107.04402923584
37.44, -106.572937011719
37.452, -106.250297546387
37.464, -106.077590942383
37.476, -106.04451751709
37.488, -106.052604675293
37.5, -106.16136932373
37.512, -106.381118774414
37.524, -106.677299499512
37.536, -106.99772644043
37.548, -107.284355163574
37.56, -107.488670349121
37.572, -107.570976257324
37.584, -107.477645874023
37.596, -107.341682434082
37.608, -107.197631835938
37.62, -107.071220397949
37.632, -106.977882385254
37.644, -106.919822692871
37.656, -106.893371582031
37.668, -106.890426635742
37.68, -106.894104003906
37.692, -106.918357849121
37.704, -106.963188171387
37.716, -107.031539916992
37.728, -107.130020141602
37.74, -107.274063110352
37.752, -107.476905822754
37.764, -107.753982543945
37.776, -108.119239807129
37.788, -108.58666229248
37.8, -109.163589477539
37.812, -109.833847045898
37.824, -110.571723937988
37.836, -111.318420410156
37.848, -112.001914978027
37.86, -112.553115844727
37.872, -112.929405212402
37.884, -113.121955871582
37.896, -112.985260009766
37.908, -112.68172454834
37.92, -112.234153747559
37.932, -111.664573669434
37.944, -111.005340576172
37.956, -110.295387268066
37.968, -109.567802429199
37.98, -108.860061645508
37.992, -108.197143554688
38.004, -107.594497680664
38.016, -107.055786132813
38.028, -106.575874328613
38.04, -106.143730163574
38.052, -105.738784790039
38.064, -105.349998474121
38.076, -104.970771789551
38.088, -104.600364685059
38.1, -104.242454528809
38.112, -103.905853271484
38.124, -103.597915649414
38.136, -103.327453613281
38.148, -103.101097106934
38.16, -102.920303344727
38.172, -102.781394958496
38.184, -102.679244995117
38.196, -102.600601196289
38.208, -102.530784606934
38.22, -102.4521484375
38.232, -102.348518371582
38.244, -102.209617614746
38.256, -102.029556274414
38.268, -101.809814453125
38.28, -101.559196472168
38.292, -101.285064697266
38.304, -101.00212097168
38.316, -100.724311828613
38.328, -100.461204528809
38.34, -100.218673706055
38.352, -100.003341674805
38.364, -99.8115234375
38.376, -99.636604309082
38.388, -99.4712448120117
38.4, -99.3044128417969
38.412, -99.1258239746094
38.424, -98.9259185791016
38.436, -98.6988296508789
38.448, -98.4393920898438
38.46, -98.1520309448242
38.472, -97.8411560058594
38.484, -97.5185165405273
38.496, -97.1951446533203
38.508, -96.8820648193359
38.52, -96.5939712524414
38.532, -96.3352737426758
38.544, -96.1155242919922
38.556, -95.9369354248047
38.568, -95.8002395629883
38.58, -95.7017517089844
38.592, -95.6348724365234
38.604, -95.5929870605469
38.616, -95.5665283203125
38.628, -95.5466842651367
38.64, -95.5239028930664
38.652, -95.4908294677734
38.664, -95.4430541992188
38.676, -95.3776473999023
38.688, -95.2916641235352
38.7, -95.1895065307617
38.712, -95.0733871459961
38.724, -94.9484481811523
38.736, -94.8213043212891
38.748, -94.6985702514648
38.76, -94.5897979736328
38.772, -94.497932434082
38.784, -94.4303131103516
38.796, -94.3884201049805
38.808, -94.3766632080078
38.82, -94.3774032592773
38.832, -94.3957748413086
38.844, -94.4420776367188
38.856, -94.5163040161133
38.868, -94.6140518188477
38.88, -94.7338409423828
38.892, -94.8727493286133
38.904, -95.0278167724609
38.916, -95.1946487426758
38.928, -95.3703002929688
38.94, -95.5481567382813
38.952, -95.7238006591797
38.964, -95.888427734375
38.976, -96.0361480712891
38.988, -96.1632919311523
39.0, -96.2669219970703
39.012, -96.348503112793
39.024, -96.4131774902344
39.036, -96.4675598144531
39.048, -96.5190048217773
39.06, -96.5733871459961
39.072, -96.634391784668
39.084, -96.7042083740234
39.096, -96.7835845947266
39.108, -96.8673629760742
39.12, -96.9504089355469
39.132, -97.0275802612305
39.144, -97.0922546386719
39.156, -97.139289855957
39.168, -97.1664810180664
39.18, -97.1554565429688
39.192, -97.1172409057617
39.204, -97.0599212646484
39.216, -96.9864273071289
39.228, -96.8997039794922
39.24, -96.8041610717773
39.252, -96.7020034790039
39.264, -96.5998458862305
39.276, -96.4984283447266
39.288, -96.4014129638672
39.3, -96.3110198974609
39.312, -96.2323760986328
39.324, -96.1662368774414
39.336, -96.1177291870117
39.348, -96.0920028686523
39.36, -96.0883331298828
39.372, -96.0927429199219
39.384, -96.1250762939453
39.396, -96.1934280395508
39.408, -96.2977905273438
39.42, -96.4366912841797
39.432, -96.6027908325195
39.444, -96.7865219116211
39.456, -96.9739303588867
39.468, -97.1510467529297
39.48, -97.3046493530273
39.492, -97.4266510009766
39.504, -97.5141067504883
39.516, -97.5699615478516
39.528, -97.6030349731445
39.54, -97.6250839233398
39.552, -97.6456604003906
39.564, -97.6743240356445
39.576, -97.7191543579102
39.588, -97.781623840332
39.6, -97.8602600097656
39.612, -97.9506607055664
39.624, -98.0476760864258
39.636, -98.1476211547852
39.648, -98.2475738525391
39.66, -98.3489990234375
39.672, -98.4504165649414
39.684, -98.5533065795898
39.696, -98.6576690673828
39.708, -98.7612991333008
39.72, -98.8575744628906
39.732, -98.9406204223633
39.744, -99.0052947998047
39.756, -99.0486526489258
39.768, -99.0736465454102
39.78, -99.0920181274414
39.792, -99.1221466064453
39.804, -99.1816787719727
39.816, -99.2919235229492
39.828, -99.4705123901367
39.84, -99.7299423217773
39.852, -100.072425842285
39.864, -100.492805480957
39.876, -100.973457336426
39.888, -101.481292724609
39.9, -101.972969055176
39.912, -102.38452911377
39.924, -102.652046203613
39.936, -102.611625671387
39.948, -102.313247680664
39.96, -101.889923095703
39.972, -101.394577026367
39.984, -100.878646850586
39.996, -100.38109588623
40.008, -99.9298477172852
40.02, -99.5418014526367
40.032, -99.2228393554688
40.044, -98.9707565307617
40.056, -98.7818756103516
40.068, -98.6481170654297
40.08, -98.5591888427734
40.092, -98.5033340454102
40.104, -98.4702606201172
40.116, -98.4504165649414
40.128, -98.4371871948242
40.14, -98.4246978759766
40.152, -98.4122009277344
40.164, -98.4011764526367
40.176, -98.3916244506836
40.188, -98.385009765625
40.2, -98.3842697143555
40.212, -98.3857421875
40.224, -98.3945617675781
40.236, -98.4107284545898
40.248, -98.4313125610352
40.26, -98.4511489868164
40.272, -98.4599685668945
40.284, -98.4320449829102
40.296, -98.3747177124023
40.308, -98.2843246459961
40.32, -98.1615905761719
40.332, -98.0116577148438
40.344, -97.8440933227539
40.356, -97.6728515625
40.368, -97.5096969604492
40.38, -97.3678588867188
40.392, -97.2605590820313
40.404, -97.1988220214844
40.416, -97.1855926513672
40.428, -97.1877975463867
40.44, -97.2341003417969
40.452, -97.3406600952148
40.464, -97.5119018554688
40.476, -97.7522277832031
40.488, -98.0653076171875
40.5, -98.4592361450195
40.512, -98.9457626342773
40.524, -99.5329818725586
40.536, -100.239250183105
40.548, -101.077079772949
40.56, -102.061897277832
40.572, -103.206192016602
40.584, -104.529815673828
40.596, -106.051132202148
40.608, -107.778968811035
40.62, -109.716262817383
40.632, -111.641792297363
40.644, -113.160171508789
40.656, -113.77458190918
40.668, -113.207939147949
40.68, -112.431114196777
40.692, -111.623420715332
40.704, -110.913467407227
40.716, -110.369621276855
40.728, -110.01831817627
40.74, -109.861038208008
40.752, -109.849281311035
40.764, -109.877212524414
40.776, -110.023460388184
40.788, -110.230712890625
40.8, -110.423271179199
40.812, -110.476181030273
40.824, -110.259376525879
40.836, -109.881622314453
40.848, -109.37451171875
40.86, -108.785827636719
40.872, -108.160400390625
40.884, -107.537170410156
40.896, -106.948486328125
40.908, -106.419334411621
40.92, -105.968086242676
40.932, -105.596206665039
40.944, -105.308113098145
40.956, -105.098655700684
40.968, -104.957542419434
40.98, -104.867149353027
40.992, -104.806884765625
41.004, -104.758377075195
41.016, -104.708404541016
41.028, -104.645195007324
41.04, -104.568031311035
41.052, -104.485717773438
41.064, -104.411491394043
41.076, -104.357833862305
41.088, -104.335792541504
41.1, -104.335792541504
41.112, -104.352691650391
41.124, -104.402671813965
41.136, -104.470283508301
41.148, -104.532752990723
41.16, -104.527610778809
41.172, -104.415161132813
41.184, -104.221138000488
41.196, -103.959503173828
41.208, -103.652297973633
41.22, -103.329658508301
41.232, -103.020988464355
41.244, -102.746856689453
41.256, -102.526374816895
41.268, -102.365425109863
41.28, -102.267677307129
41.292, -102.227256774902
41.304, -102.224319458008
41.316, -102.232398986816
41.328, -102.266944885254
41.34, -102.313980102539
41.352, -102.362487792969
41.364, -102.401435852051
41.376, -102.430099487305
41.388, -102.4521484375
41.4, -102.47713470459
41.412, -102.519760131836
41.424, -102.59619140625
41.436, -102.724807739258
41.448, -102.921035766602
41.46, -103.19149017334
41.472, -103.531768798828
41.484, -103.922752380371
41.496, -104.330642700195
41.508, -104.695907592773
41.52, -104.959014892578
41.532, -105.039123535156
41.544, -104.848037719727
41.556, -104.542304992676
41.568, -104.157196044922
41.58, -103.727264404297
41.592, -103.283363342285
41.604, -102.843864440918
41.616, -102.421279907227
41.628, -102.0244140625
41.64, -101.650329589844
41.652, -101.300498962402
41.664, -100.971252441406
41.676, -100.659637451172
41.688, -100.36051940918
41.7, -100.07315826416
41.712, -99.7968215942383
41.724, -99.5293045043945
41.736, -99.275749206543
41.748, -99.0398330688477
41.76, -98.8274383544922
41.772, -98.6444396972656
41.784, -98.495246887207
41.796, -98.3842697143555
41.808, -98.3115158081055
41.82, -98.2784423828125
41.832, -98.275505065918
41.844, -98.2821197509766
41.856, -98.3203353881836
41.868, -98.3857421875
41.88, -98.4731979370117
41.892, -98.5768280029297
41.904, -98.6900100708008
41.916, -98.8061294555664
41.928, -98.917839050293
41.94, -99.0170516967773
41.952, -99.0986328125
41.964, -99.1566925048828
41.976, -99.1890258789063
41.988, -99.1655120849609
42.0, -99.1118621826172
42.012, -99.0324859619141
42.024, -98.9318008422852
42.036, -98.8164138793945
42.048, -98.6922149658203
42.06, -98.5680084228516
42.072, -98.4533538818359
42.084, -98.3578186035156
42.096, -98.2872619628906
42.108, -98.2475738525391
42.12, -98.2380218505859
42.132, -98.2387542724609
42.144, -98.2608032226563
42.156, -98.3078384399414
42.168, -98.3710479736328
42.18, -98.4393920898438
42.192, -98.5033340454102
42.204, -98.5525741577148
42.216, -98.5753555297852
42.228, -98.5444869995117
42.24, -98.4878997802734
42.252, -98.4114685058594
42.264, -98.3232727050781
42.276, -98.2328796386719
42.288, -98.1505661010742
42.3, -98.0851516723633
42.312, -98.0469360351563
42.324, -98.0417938232422
42.336, -98.0454711914063
42.348, -98.0888290405273
42.36, -98.1821670532227
42.372, -98.3313598632813
42.384, -98.5378723144531
42.396, -98.8039245605469
42.408, -99.1243515014648
42.42, -99.493293762207
42.432, -99.9011840820313
42.444, -100.33332824707
42.456, -100.776489257813
42.468, -101.211570739746
42.48, -101.623138427734
42.492, -101.99942779541
42.504, -102.336029052734
42.516, -102.628532409668
42.528, -102.880615234375
42.54, -103.098892211914
42.552, -103.287773132324
42.564, -103.45166015625
42.576, -103.59423828125
42.588, -103.716972351074
42.6, -103.817657470703
42.612, -103.897766113281
42.624, -103.956565856934
42.636, -103.99698638916
42.648, -104.022705078125
42.66, -104.037406921387
42.672, -104.037406921387
42.684, -104.014625549316
42.696, -103.964645385742
42.708, -103.872047424316
42.72, -103.725791931152
42.732, -103.519271850586
42.744, -103.254699707031
42.756, -102.943817138672
42.768, -102.601341247559
42.78, -102.251510620117
42.792, -101.917114257813
42.804, -101.617256164551
42.816, -101.371055603027
42.828, -101.19026184082
42.84, -101.080757141113
42.852, -101.043273925781
42.864, -101.043273925781
42.876, -101.07487487793
42.888, -101.16674041748
42.9, -101.30785369873
42.912, -101.482765197754
42.924, -101.675315856934
42.936, -101.870079040527
42.948, -102.04719543457
42.96, -102.186836242676
42.972, -102.269882202148
42.984, -102.228729248047
42.996, -102.106727600098
43.008, -101.93180847168
43.02, -101.722358703613
43.032, -101.495994567871
43.044, -101.269630432129
43.056, -101.056503295898
43.068, -100.863952636719
43.08, -100.696380615234
43.092, -100.556007385254
43.104, -100.440628051758
43.116, -100.348762512207
43.128, -100.276000976563
43.14, -100.217208862305
43.152, -100.166496276855
43.164, -100.118721008301
43.176, -100.066543579102
43.188, -100.00407409668
43.2, -99.9202880859375
43.212, -99.8071136474609
43.224, -99.6593856811523
43.236, -99.4719772338867
43.248, -99.24267578125
43.26, -98.9766311645508
43.272, -98.6797180175781
43.284, -98.3629608154297
43.296, -98.0388565063477
43.308, -97.7206268310547
43.32, -97.4163589477539
43.332, -97.138557434082
43.344, -96.8945541381836
43.356, -96.6895065307617
43.368, -96.5256195068359
43.38, -96.4043579101563
43.392, -96.3220443725586
43.404, -96.2757415771484
43.416, -96.2610397338867
43.428, -96.2610397338867
43.44, -96.2720642089844
43.452, -96.3051376342773
43.464, -96.3558502197266
43.476, -96.421257019043
43.488, -96.5013656616211
43.5, -96.5939712524414
43.512, -96.6990661621094
43.524, -96.81591796875
43.536, -96.9423294067383
43.548, -97.0768203735352
43.56, -97.2157211303711
43.572, -97.3575668334961
43.584, -97.4979400634766
43.596, -97.6309661865234
43.608, -97.7522277832031
43.62, -97.8551177978516
43.632, -97.9352264404297
43.644, -97.9896087646484
43.656, -98.0160675048828
43.668, -97.995491027832
43.68, -97.95654296875
43.692, -97.9058303833008
43.704, -97.8492431640625
43.716, -97.7933807373047
43.728, -97.7404708862305
43.74, -97.6926956176758
43.752, -97.6486053466797
43.764, -97.6045074462891
43.776, -97.5567321777344
43.788, -97.5023498535156
43.8, -97.4339981079102
43.812, -97.3502197265625
43.824, -97.2495346069336
43.836, -97.133415222168
43.848, -97.0047988891602
43.86, -96.8658981323242
43.872, -96.7247848510742
43.884, -96.5822067260742
43.896, -96.4447784423828
43.908, -96.3139572143555
43.92, -96.1919555664063
43.932, -96.0802459716797
43.944, -95.9766235351563
43.956, -95.8803482055664
43.968, -95.7877426147461
43.98, -95.6951370239258
43.992, -95.5981292724609
44.004, -95.4945068359375
44.016, -95.3820571899414
44.028, -95.2622604370117
44.04, -95.1380615234375
44.052, -95.0138549804688
44.064, -94.8962631225586
44.076, -94.7911682128906
44.088, -94.7051849365234
44.1, -94.641242980957
44.112, -94.6015548706055
44.124, -94.5861206054688
44.136, -94.5853881835938
44.148, -94.5920028686523
44.16, -94.6155166625977
44.172, -94.6493225097656
44.184, -94.6897506713867
44.196, -94.7286987304688
44.208, -94.7617721557617
44.22, -94.784553527832
44.232, -94.7970504760742
44.244, -94.7904357910156
44.256, -94.7779388427734
44.268, -94.7639770507813
44.28, -94.7544250488281
44.292, -94.7522201538086
44.304, -94.7529525756836
44.316, -94.7647094726563
44.328, -94.7896957397461
44.34, -94.8279190063477
44.352, -94.8800964355469
44.364, -94.9410934448242
44.376, -95.0079727172852
44.388, -95.0755920410156
44.4, -95.137321472168
44.412, -95.1887664794922
44.424, -95.2262496948242
44.436, -95.2490310668945
44.448, -95.2497711181641
44.46, -95.2328643798828
44.472, -95.211555480957
44.484, -95.1909713745117
44.496, -95.1784820556641
44.508, -95.1770095825195
44.52, -95.1799468994141
44.532, -95.2005310058594
44.544, -95.2438888549805
44.556, -95.3122406005859
44.568, -95.4063110351563
44.58, -95.5224304199219
44.592, -95.6561889648438
44.604, -95.8017044067383
44.616, -95.9545745849609
44.628, -96.1089096069336
44.64, -96.2551651000977
44.652, -96.3889236450195
44.664, -96.5050430297852
44.676, -96.5969085693359
44.688, -96.6586456298828
44.7, -96.6858367919922
44.712, -96.6483535766602
44.724, -96.5770645141602
44.736, -96.4756469726563
44.748, -96.3477630615234
44.76, -96.1985702514648
44.772, -96.0324783325195
44.784, -95.855354309082
44.796, -95.673828125
44.808, -95.493034362793
44.82, -95.3203201293945
44.832, -95.1630477905273
44.844, -95.0263519287109
44.856, -94.9190444946289
44.868, -94.8440856933594
44.88, -94.8080749511719
44.892, -94.8043975830078
44.904, -94.8117446899414
44.916, -94.856575012207
44.928, -94.9388885498047
44.94, -95.0550079345703
44.952, -95.1983261108398
44.964, -95.3600082397461
44.976, -95.5327224731445
44.988, -95.706901550293
45.0, -95.8759384155273
45.012, -96.0376205444336
45.024, -96.1897506713867
45.036, -96.3308639526367
45.048, -96.4631500244141
45.06, -96.5924987792969
45.072, -96.7211151123047
45.084, -96.854133605957
45.096, -96.9981842041016
45.108, -97.1584014892578
45.12, -97.3399276733398
45.132, -97.5457077026367
45.144, -97.7794189453125
45.156, -98.0417938232422
45.168, -98.3306198120117
45.18, -98.6466445922852
45.192, -98.9817733764648
45.204, -99.3301391601563
45.216, -99.6836395263672
45.228, -100.032737731934
45.24, -100.368598937988
45.252, -100.685356140137
45.264, -100.97859954834
45.276, -101.244644165039
45.288, -101.485702514648
45.3, -101.706184387207
45.312, -101.911231994629
45.324, -102.110404968262
45.336, -102.315452575684
45.348, -102.535194396973
45.36, -102.776985168457
45.372, -103.043037414551
45.384, -103.33406829834
45.396, -103.644950866699
45.408, -103.959503173828
45.42, -104.264503479004
45.432, -104.540100097656
45.444, -104.767196655273
45.456, -104.928146362305
45.468, -105.005317687988
45.48, -104.915657043457
45.492, -104.740737915039
45.504, -104.487182617188
45.516, -104.16381072998
45.528, -103.78458404541
45.54, -103.363471984863
45.552, -102.917358398438
45.564, -102.458763122559
45.576, -102.006042480469
45.588, -101.576103210449
45.6, -101.179969787598
45.612, -100.826469421387
45.624, -100.519264221191
45.636, -100.262771606445
45.648, -100.051109313965
45.66, -99.8791351318359
45.672, -99.7380294799805
45.684, -99.6197052001953
45.696, -99.5146026611328
45.708, -99.4139175415039
45.72, -99.3102951049805
45.732, -99.1978454589844
45.744, -99.0729064941406
45.756, -98.9354782104492
45.768, -98.7884902954102
45.78, -98.633415222168
45.792, -98.4754028320313
45.804, -98.3173904418945
