% Measurement ID: 1066
% Mode ID: 1
% Date and time: 2019-05-25 13:26:46
% Sample ID: SP40-23
% Measurement type: ringdown
% Frequency [Hz]: 1506625.7
% Quality factor: 6712062.522514586
% Temperature [K]: 293.0
% Pressure [mBar]: 2.76e-06
% Notes: 
% 
%
% measurement data
% time [s], power [dBm]
0.012, -88.0674514770508
0.024, -87.938102722168
0.036, -87.8227157592773
0.048, -87.725700378418
0.06, -87.6500015258789
0.072, -87.5941467285156
0.084, -87.5581359863281
0.096, -87.5382919311523
0.108, -87.5287399291992
0.12, -87.5228576660156
0.132, -87.515510559082
0.144, -87.5008087158203
0.156, -87.4750900268555
0.168, -87.4361343383789
0.18, -87.3854293823242
0.192, -87.3251647949219
0.204, -87.2590179443359
0.216, -87.1899337768555
0.228, -87.1252593994141
0.24, -87.0679321289063
0.252, -87.0238418579102
0.264, -86.9951782226563
0.276, -86.9812088012695
0.288, -86.9797439575195
0.3, -86.9812088012695
0.312, -86.9922332763672
0.324, -87.010612487793
0.336, -87.0326614379883
0.348, -87.0539703369141
0.36, -87.0730819702148
0.372, -87.0892486572266
0.384, -87.1017456054688
0.396, -87.1142349243164
0.408, -87.1281967163086
0.42, -87.1465759277344
0.432, -87.1715621948242
0.444, -87.2031631469727
0.456, -87.2435836791992
0.468, -87.2935638427734
0.48, -87.3545608520508
0.492, -87.4273223876953
0.504, -87.511100769043
0.516, -87.6073760986328
0.528, -87.7176208496094
0.54, -87.8403549194336
0.552, -87.9748458862305
0.564, -88.1181564331055
0.576, -88.2658843994141
0.588, -88.4150772094727
0.6, -88.5591201782227
0.612, -88.6943511962891
0.624, -88.8163452148438
0.636, -88.9251174926758
0.648, -89.0221328735352
0.66, -89.1117935180664
0.672, -89.1992492675781
0.684, -89.2918548583984
0.696, -89.3954772949219
0.708, -89.5160064697266
0.72, -89.654914855957
0.732, -89.8136596679688
0.744, -89.9900436401367
0.756, -90.1781845092773
0.768, -90.3766174316406
0.78, -90.5772552490234
0.792, -90.7749557495117
0.804, -90.9653015136719
0.816, -91.1431579589844
0.828, -91.3070449829102
0.84, -91.4547729492188
0.852, -91.5863265991211
0.864, -91.7009735107422
0.876, -91.7979888916016
0.888, -91.8751525878906
0.9, -91.9295425415039
0.912, -91.9582061767578
0.924, -91.9229278564453
0.936, -91.8464889526367
0.948, -91.724494934082
0.96, -91.5532531738281
0.972, -91.3327713012695
0.984, -91.0674591064453
0.996, -90.7631988525391
1.008, -90.4310073852539
1.02, -90.0892562866211
1.032, -89.7519226074219
1.044, -89.4344329833984
1.056, -89.151481628418
1.068, -88.9170379638672
1.08, -88.7399139404297
1.092, -88.6252670288086
1.104, -88.5767593383789
1.116, -88.5745544433594
1.128, -88.5936660766602
1.14, -88.6723022460938
1.152, -88.8075332641602
1.164, -88.9912643432617
1.176, -89.2139511108398
1.188, -89.4667663574219
1.2, -89.7401657104492
1.212, -90.0216445922852
1.224, -90.3016586303711
1.236, -90.5699081420898
1.248, -90.8219909667969
1.26, -91.0520248413086
1.272, -91.260009765625
1.284, -91.4488906860352
1.296, -91.6274795532227
1.308, -91.8038635253906
1.32, -91.9883346557617
1.332, -92.1904449462891
1.344, -92.4138641357422
1.356, -92.6593322753906
1.368, -92.9217071533203
1.38, -93.1943664550781
1.392, -93.4677581787109
1.404, -93.7330703735352
1.416, -93.9858932495117
1.428, -94.221809387207
1.44, -94.4452285766602
1.452, -94.6613006591797
1.464, -94.8803100585938
1.476, -95.1110763549805
1.488, -95.3653717041016
1.5, -95.646110534668
1.512, -95.9540557861328
1.524, -96.2818374633789
1.536, -96.6162261962891
1.548, -96.9366607666016
1.56, -97.2291641235352
1.572, -97.4738998413086
1.584, -97.6605758666992
1.596, -97.786247253418
1.608, -97.8545989990234
1.62, -97.8545989990234
1.632, -97.8046188354492
1.644, -97.7311248779297
1.656, -97.6333847045898
1.668, -97.5084457397461
1.68, -97.3533706665039
1.692, -97.1659622192383
1.704, -96.9476852416992
1.716, -96.7029495239258
1.728, -96.4427871704102
1.74, -96.1789398193359
1.752, -95.9231872558594
1.764, -95.6872711181641
1.776, -95.4829559326172
1.788, -95.3139190673828
1.8, -95.1816329956055
1.812, -95.0853576660156
1.824, -95.0184783935547
1.836, -94.9729156494141
1.848, -94.9383697509766
1.86, -94.9052963256836
1.872, -94.864143371582
1.884, -94.8104934692383
1.896, -94.7414093017578
1.908, -94.6546859741211
1.92, -94.5510559082031
1.932, -94.431999206543
1.944, -94.2982406616211
1.956, -94.1541900634766
1.968, -94.0027923583984
1.98, -93.8506622314453
1.992, -93.7036743164063
2.004, -93.5684509277344
2.016, -93.4508590698242
2.028, -93.3575210571289
2.04, -93.2928466796875
2.052, -93.2597732543945
2.064, -93.256103515625
2.076, -93.2605133056641
2.088, -93.2965240478516
2.1, -93.3692779541016
2.112, -93.4802551269531
2.124, -93.6316528320313
2.136, -93.8264083862305
2.148, -94.0667343139648
2.16, -94.3518905639648
2.172, -94.6804046630859
2.184, -95.0434646606445
2.196, -95.430046081543
2.208, -95.8298492431641
2.22, -96.2245101928711
2.232, -96.5956497192383
2.244, -96.929313659668
2.256, -97.2129974365234
2.268, -97.4386215209961
2.28, -97.6054534912109
2.292, -97.714958190918
2.304, -97.7759628295898
2.316, -97.7994766235352
2.328, -97.7928619384766
2.34, -97.789924621582
2.352, -97.790657043457
2.364, -97.8082962036133
2.376, -97.8538665771484
2.388, -97.9302978515625
2.4, -98.038330078125
2.412, -98.1742935180664
2.424, -98.3315734863281
2.436, -98.502815246582
2.448, -98.6821365356445
2.46, -98.8651351928711
2.472, -99.0525436401367
2.484, -99.2465667724609
2.496, -99.4516143798828
2.508, -99.6765060424805
2.52, -99.930061340332
2.532, -100.221092224121
2.544, -100.554756164551
2.556, -100.932510375977
2.568, -101.34481048584
2.58, -101.768867492676
2.592, -102.168678283691
2.604, -102.503807067871
2.616, -102.727958679199
2.628, -102.755157470703
2.64, -102.559661865234
2.652, -102.24584197998
2.664, -101.843101501465
2.676, -101.372001647949
2.688, -100.860488891602
2.7, -100.331336975098
2.712, -99.8058547973633
2.724, -99.3031616210938
2.736, -98.8386764526367
2.748, -98.4190292358398
2.76, -98.0478897094727
2.772, -97.7223129272461
2.784, -97.4356842041016
2.796, -97.1747817993164
2.808, -96.9278411865234
2.82, -96.6889877319336
2.832, -96.4516067504883
2.844, -96.220100402832
2.856, -96.0032958984375
2.868, -95.8129425048828
2.88, -95.6608123779297
2.892, -95.5579223632813
2.904, -95.5086822509766
2.916, -95.5042724609375
2.928, -95.5123519897461
2.94, -95.5601272583008
2.952, -95.6402359008789
2.964, -95.7379837036133
2.976, -95.8401336669922
2.988, -95.934944152832
3.0, -96.0223999023438
3.012, -96.1032409667969
3.024, -96.1870269775391
3.036, -96.2840423583984
3.048, -96.4038314819336
3.06, -96.5552291870117
3.072, -96.7426376342773
3.084, -96.96826171875
3.096, -97.2269592285156
3.108, -97.5121154785156
3.12, -97.8127059936523
3.132, -98.1147689819336
3.144, -98.4006576538086
3.156, -98.6446533203125
3.168, -98.8078079223633
3.18, -98.5241241455078
3.192, -97.7980041503906
3.204, -96.5375900268555
3.216, -94.756103515625
3.228, -92.5395355224609
3.24, -90.0708847045898
3.252, -87.5272674560547
3.264, -85.0659713745117
3.276, -82.806037902832
3.288, -80.8496398925781
3.3, -79.2908401489258
3.312, -78.1994552612305
3.324, -77.6923522949219
3.336, -77.6732406616211
3.348, -77.9664840698242
3.36, -79.5686416625977
3.372, -82.6450881958008
3.384, -82.3863906860352
3.396, -80.0353240966797
3.408, -77.4917144775391
3.42, -75.0965576171875
3.432, -72.9681777954102
3.444, -71.1403884887695
3.456, -69.6242141723633
3.468, -68.4049606323242
3.48, -67.4906997680664
3.492, -66.890251159668
3.504, -66.6168594360352
3.516, -66.6014251708984
3.528, -66.6881484985352
3.54, -67.107795715332
3.552, -67.8397903442383
3.564, -68.7944717407227
3.576, -69.7682647705078
3.588, -70.5605239868164
3.6, -71.1102600097656
3.612, -71.4652328491211
3.624, -71.7312774658203
3.636, -71.9752807617188
3.648, -72.1979675292969
3.66, -72.350830078125
3.672, -72.2979125976563
3.684, -72.0914001464844
3.696, -71.8003616333008
3.708, -71.4358367919922
3.72, -71.0036926269531
3.732, -70.5142211914063
3.744, -69.99609375
3.756, -69.5183868408203
3.768, -69.1817855834961
3.78, -69.0979995727539
3.792, -69.1127014160156
3.804, -69.4728164672852
3.816, -70.5068740844727
3.828, -72.4573974609375
3.84, -74.2682800292969
3.852, -73.2224655151367
3.864, -71.385124206543
3.876, -69.5213241577148
3.888, -67.8735961914063
3.9, -66.5492401123047
3.912, -65.5923538208008
3.924, -65.0286560058594
3.936, -64.8743209838867
3.948, -64.8794631958008
3.96, -65.1785888671875
3.972, -65.9965667724609
3.984, -67.4833450317383
3.996, -70.0313720703125
4.008, -73.6987075805664
4.02, -76.2893524169922
4.032, -75.2273712158203
4.044, -73.5495147705078
4.056, -71.8532791137695
4.068, -70.2871322631836
4.08, -68.9069213867188
4.092, -67.7251434326172
4.104, -66.7425308227539
4.116, -65.9451217651367
4.128, -65.3329238891602
4.14, -64.9051895141602
4.152, -64.6670684814453
4.164, -64.6185607910156
4.176, -64.6288528442383
4.188, -64.8008270263672
4.2, -65.1954879760742
4.212, -65.8216552734375
4.224, -66.6896133422852
4.236, -67.8236236572266
4.248, -69.2795333862305
4.26, -71.1617050170898
4.272, -73.4870452880859
4.284, -75.3905258178711
4.296, -74.7996368408203
4.308, -73.096794128418
4.32, -71.2006530761719
4.332, -69.3647842407227
4.344, -67.7236709594727
4.356, -66.318473815918
4.368, -65.1756439208984
4.38, -64.287841796875
4.392, -63.6374244689941
4.404, -63.2023429870605
4.416, -62.9642219543457
4.428, -62.9061622619629
4.44, -62.9098358154297
4.452, -63.0318374633789
4.464, -63.326545715332
4.476, -63.7873497009277
4.488, -64.4010238647461
4.5, -65.1521301269531
4.512, -66.0274353027344
4.524, -67.0438537597656
4.536, -68.2293090820313
4.548, -69.6043701171875
4.56, -71.0389709472656
4.572, -72.2045822143555
4.584, -72.3067321777344
4.596, -71.455680847168
4.608, -70.3613586425781
4.62, -69.2207336425781
4.632, -68.1653671264648
4.644, -67.2702178955078
4.656, -66.5764312744141
4.668, -66.0987243652344
4.68, -65.8517913818359
4.692, -65.8172454833984
4.704, -65.8444366455078
4.716, -66.0876998901367
4.728, -66.5970153808594
4.74, -67.3907470703125
4.752, -68.463752746582
4.764, -69.7667922973633
4.776, -71.0904159545898
4.788, -72.0392150878906
4.8, -72.1465225219727
4.812, -71.5453414916992
4.824, -70.7619018554688
4.836, -69.9071655273438
4.848, -69.0421447753906
4.86, -68.1955032348633
4.872, -67.3870697021484
4.884, -66.6396408081055
4.896, -65.9870147705078
4.908, -65.4571304321289
4.92, -65.0911254882813
4.932, -64.9265060424805
4.944, -64.9198913574219
4.956, -65.0029373168945
4.968, -65.3733444213867
4.98, -66.105339050293
4.992, -67.3047561645508
5.004, -69.1869277954102
5.016, -71.8334350585938
5.028, -74.6181106567383
5.04, -74.6453018188477
5.052, -73.2423095703125
5.064, -71.6452941894531
5.076, -70.0747299194336
5.088, -68.6371994018555
5.1, -67.3694305419922
5.112, -66.2817230224609
5.124, -65.3689346313477
5.136, -64.6303253173828
5.148, -64.0526657104492
5.16, -63.6366882324219
5.172, -63.3846054077148
5.184, -63.3022918701172
5.196, -63.3030281066895
5.208, -63.3993034362793
5.22, -63.6866645812988
5.232, -64.177604675293
5.244, -64.8882827758789
5.256, -65.8143081665039
5.268, -66.928466796875
5.28, -68.1631622314453
5.292, -69.4110870361328
5.304, -70.5634689331055
5.316, -71.5519561767578
5.328, -72.3287811279297
5.34, -72.8086929321289
5.352, -72.5529403686523
5.364, -71.8988418579102
5.376, -71.0676345825195
5.388, -70.171745300293
5.4, -69.3059921264648
5.412, -68.5196075439453
5.424, -67.8287658691406
5.436, -67.2319946289063
5.448, -66.7197494506836
5.46, -66.2802581787109
5.472, -65.8966217041016
5.484, -65.5622253417969
5.496, -65.2763290405273
5.508, -65.0455627441406
5.52, -64.8824081420898
5.532, -64.8103790283203
5.544, -64.8096466064453
5.556, -64.8625640869141
5.568, -65.0793685913086
5.58, -65.5107803344727
5.592, -66.2199935913086
5.604, -67.2900619506836
5.616, -68.85400390625
5.628, -71.13818359375
5.64, -74.4556884765625
5.652, -77.5343399047852
5.664, -77.6100387573242
5.676, -76.3165512084961
5.688, -74.8709259033203
5.7, -73.457649230957
5.712, -72.1296157836914
5.724, -70.9074172973633
5.736, -69.7881088256836
5.748, -68.7790374755859
5.76, -67.889762878418
5.772, -67.1305770874023
5.784, -66.5132293701172
5.796, -66.0318450927734
5.808, -65.6871643066406
5.82, -65.4703521728516
5.832, -65.3784866333008
5.844, -65.3748168945313
5.856, -65.4115600585938
5.868, -65.5805969238281
5.88, -65.9267501831055
5.892, -66.5191116333008
5.904, -67.4811401367188
5.916, -69.0428848266602
5.928, -71.5394592285156
5.94, -74.7922897338867
5.952, -74.9466247558594
5.964, -73.2474517822266
5.976, -71.4975662231445
5.988, -69.9703750610352
6.0, -68.7731628417969
6.012, -67.9287185668945
6.024, -67.4238204956055
6.036, -67.2092132568359
6.048, -67.1893692016602
6.06, -67.2187728881836
6.072, -67.3613510131836
6.084, -67.5230331420898
6.096, -67.4635009765625
6.108, -67.0982437133789
6.12, -66.5132293701172
6.132, -65.7658004760742
6.144, -64.9191513061523
6.156, -64.0320816040039
6.168, -63.1494255065918
6.18, -62.3057174682617
6.192, -61.5105171203613
6.204, -60.774112701416
6.216, -60.0979690551758
6.228, -59.4820938110352
6.24, -58.9228057861328
6.252, -58.4186401367188
6.264, -57.971061706543
6.276, -57.5793418884277
6.288, -57.2486190795898
6.3, -56.9906578063965
6.312, -56.8142738342285
6.324, -56.7312240600586
6.336, -56.7260818481445
6.348, -56.7532730102539
6.36, -56.888500213623
6.372, -57.1391143798828
6.384, -57.4999694824219
6.396, -57.9512214660645
6.408, -58.4605293273926
6.42, -58.986743927002
6.432, -59.4784164428711
6.444, -59.8914527893066
6.456, -60.1810188293457
6.468, -60.2765579223633
6.48, -60.0685729980469
6.492, -59.7150688171387
6.504, -59.2535285949707
6.516, -58.7317237854004
6.528, -58.1944847106934
6.54, -57.6829681396484
6.552, -57.2302474975586
6.564, -56.8627777099609
6.576, -56.5974655151367
6.588, -56.4401893615723
6.6, -56.3938903808594
6.612, -56.3946228027344
6.624, -56.4534187316895
6.636, -56.6033477783203
6.648, -56.8186836242676
6.66, -57.0678253173828
6.672, -57.3132934570313
6.684, -57.5176086425781
6.696, -57.6410751342773
6.708, -57.5396575927734
6.72, -57.3059463500977
6.732, -56.9693450927734
6.744, -56.5526351928711
6.756, -56.0881576538086
6.768, -55.6060371398926
6.78, -55.1312675476074
6.792, -54.6814880371094
6.804, -54.2713928222656
6.816, -53.9105377197266
6.828, -53.5974578857422
6.84, -53.3358192443848
6.852, -53.1263618469238
6.864, -52.9705543518066
6.876, -52.8684005737305
6.888, -52.8198928833008
6.9, -52.8154830932617
6.912, -52.8235664367676
6.924, -52.8735427856445
6.936, -52.9624710083008
6.948, -53.0749168395996
6.96, -53.1925048828125
6.972, -53.2939262390137
6.984, -53.3615417480469
6.996, -53.3409652709961
7.008, -53.2439498901367
7.02, -53.0969657897949
7.032, -52.9132308959961
7.044, -52.707447052002
7.056, -52.4957847595215
7.068, -52.2885360717773
7.08, -52.0945129394531
7.092, -51.9159202575684
7.104, -51.7520294189453
7.116, -51.5991630554199
7.128, -51.4536476135254
7.14, -51.3154792785645
7.152, -51.1831893920898
7.164, -51.0633964538574
7.176, -50.9590339660645
7.188, -50.8774566650391
7.2, -50.8216018676758
7.212, -50.7936744689941
7.224, -50.7899971008301
7.236, -50.7929382324219
7.248, -50.8142509460449
7.26, -50.8502616882324
7.272, -50.8928909301758
7.284, -50.9340476989746
7.296, -50.9641799926758
7.308, -50.9700584411621
7.32, -50.9347801208496
7.332, -50.8701057434082
7.344, -50.7745666503906
7.356, -50.6503601074219
7.368, -50.5019035339355
7.38, -50.3372764587402
7.392, -50.1623611450195
7.404, -49.9867134094238
7.416, -49.8213539123535
7.428, -49.6736297607422
7.44, -49.5494270324707
7.452, -49.4524154663086
7.464, -49.3840637207031
7.476, -49.3458480834961
7.488, -49.3348236083984
7.5, -49.3355598449707
7.512, -49.3495216369629
7.524, -49.3825950622559
7.536, -49.4281616210938
7.548, -49.4788703918457
7.56, -49.5273780822754
7.572, -49.5655937194824
7.584, -49.5869064331055
7.596, -49.5648612976074
7.608, -49.5222320556641
7.62, -49.4619674682617
7.632, -49.3877410888672
7.644, -49.3054275512695
7.656, -49.2179679870605
7.668, -49.126838684082
7.68, -49.034969329834
7.692, -48.946044921875
7.704, -48.8615264892578
7.716, -48.7836227416992
7.728, -48.7174797058105
7.74, -48.6645622253418
7.752, -48.6285514831543
7.764, -48.6101760864258
7.776, -48.6072387695313
7.788, -48.6087074279785
7.8, -48.6212005615234
7.812, -48.643985748291
7.824, -48.6711769104004
7.836, -48.6983680725098
7.848, -48.7189483642578
7.86, -48.7277679443359
7.872, -48.7101287841797
7.884, -48.6792602539063
7.896, -48.6344299316406
7.908, -48.5778388977051
7.92, -48.5102272033691
7.932, -48.4337921142578
7.944, -48.3492736816406
7.956, -48.2603454589844
7.968, -48.1699485778809
7.98, -48.0832290649414
7.992, -48.0053253173828
8.004, -47.9406509399414
8.016, -47.892879486084
8.028, -47.8627471923828
8.04, -47.8524589538574
8.052, -47.8524589538574
8.064, -47.8612785339355
8.076, -47.8855285644531
8.088, -47.9230117797852
8.1, -47.968578338623
8.112, -48.019287109375
8.124, -48.073673248291
8.136, -48.128059387207
8.148, -48.1795043945313
8.16, -48.2258071899414
8.172, -48.2654914855957
8.184, -48.2978286743164
8.196, -48.321346282959
8.208, -48.3353118896484
8.22, -48.337516784668
8.232, -48.3294296264648
8.244, -48.3169364929199
8.256, -48.3037071228027
8.268, -48.2919502258301
8.28, -48.2816619873047
8.292, -48.2728424072266
8.304, -48.2640228271484
8.316, -48.253734588623
8.328, -48.2390327453613
8.34, -48.2177200317383
8.352, -48.1890602111816
8.364, -48.1515769958496
8.376, -48.1052742004395
8.388, -48.052360534668
8.4, -47.9950370788574
8.412, -47.9347686767578
8.424, -47.8730354309082
8.436, -47.8113021850586
8.448, -47.7517700195313
8.46, -47.695182800293
8.472, -47.645206451416
8.484, -47.6033134460449
8.496, -47.5724449157715
8.508, -47.5548095703125
8.52, -47.5496635437012
8.532, -47.5503997802734
8.544, -47.5614242553711
8.556, -47.5856742858887
8.568, -47.6216888427734
8.58, -47.6657829284668
8.592, -47.712085723877
8.604, -47.7576522827148
8.616, -47.7973365783691
8.628, -47.8237953186035
8.64, -47.8223266601563
8.652, -47.7936630249023
8.664, -47.7466278076172
8.676, -47.6863632202148
8.688, -47.6180114746094
8.7, -47.5489273071289
8.712, -47.4842529296875
8.724, -47.4276657104492
8.736, -47.3850364685059
8.748, -47.3571090698242
8.76, -47.343879699707
8.772, -47.3424110412598
8.784, -47.343879699707
8.796, -47.3563766479492
8.808, -47.3784217834473
8.82, -47.4063491821289
8.832, -47.4342803955078
8.844, -47.4577980041504
8.856, -47.4747009277344
8.868, -47.4702911376953
8.88, -47.4453010559082
8.892, -47.4041481018066
8.904, -47.3497619628906
8.916, -47.284351348877
8.928, -47.2108573913574
8.94, -47.1314849853516
8.952, -47.0484352111816
8.964, -46.9631843566895
8.976, -46.8794021606445
8.988, -46.7978248596191
9.0, -46.7206535339355
9.012, -46.6530418395996
9.024, -46.5949821472168
9.036, -46.5508842468262
9.048, -46.5214881896973
9.06, -46.5075225830078
9.072, -46.5060539245605
9.084, -46.5089950561523
9.096, -46.5251617431641
9.108, -46.5516204833984
9.12, -46.5861625671387
9.132, -46.6221733093262
9.144, -46.6559791564941
9.156, -46.6831741333008
9.168, -46.701545715332
9.18, -46.7044868469238
9.192, -46.6905212402344
9.204, -46.6706809997559
9.216, -46.6486320495605
9.228, -46.6280517578125
9.24, -46.613353729248
9.252, -46.608211517334
9.264, -46.608211517334
9.276, -46.6140899658203
9.288, -46.630256652832
9.3, -46.6537742614746
9.312, -46.6824378967285
9.324, -46.7103652954102
9.336, -46.7324142456055
9.348, -46.7434387207031
9.36, -46.7272682189941
9.372, -46.697135925293
9.384, -46.6537742614746
9.396, -46.5986557006836
9.408, -46.5317764282227
9.42, -46.4560775756836
9.432, -46.3715591430664
9.444, -46.2796936035156
9.456, -46.1819458007813
9.468, -46.0790557861328
9.48, -45.9746932983398
9.492, -45.8732719421387
9.504, -45.7784652709961
9.516, -45.6954193115234
9.528, -45.6300086975098
9.54, -45.5859146118164
9.552, -45.5668067932129
9.564, -45.5660705566406
9.576, -45.5741539001465
9.588, -45.609432220459
9.6, -45.6689605712891
9.612, -45.7505378723145
9.624, -45.8475494384766
9.636, -45.9555854797363
9.648, -46.0680313110352
9.66, -46.1775360107422
9.672, -46.2796936035156
9.684, -46.3700904846191
9.696, -46.4450531005859
9.708, -46.5023803710938
9.72, -46.5383911132813
9.732, -46.5391273498535
9.744, -46.5016441345215
9.756, -46.4421157836914
9.768, -46.3656806945801
9.78, -46.2789573669434
9.792, -46.1907653808594
9.804, -46.1121292114258
9.816, -46.0489234924316
9.828, -46.0062980651855
9.84, -45.9857177734375
9.852, -45.983512878418
9.864, -45.9857177734375
9.876, -46.004093170166
9.888, -46.0342254638672
9.9, -46.0680313110352
9.912, -46.1003684997559
9.924, -46.1231536865234
9.936, -46.1238861083984
9.948, -46.0952224731445
9.96, -46.0474548339844
9.972, -45.983512878418
9.984, -45.9085502624512
9.996, -45.8306465148926
10.008, -45.7549476623535
10.02, -45.6888046264648
10.032, -45.6358871459961
10.044, -45.5976715087891
10.056, -45.5741539001465
10.068, -45.5623970031738
10.08, -45.559455871582
10.092, -45.5601921081543
10.104, -45.5646018981934
10.116, -45.5741539001465
10.128, -45.5873832702637
10.14, -45.6050224304199
10.152, -45.6285400390625
10.164, -45.6564674377441
10.176, -45.6873359680176
10.188, -45.7182006835938
10.2, -45.7461280822754
10.212, -45.7645034790039
10.224, -45.757152557373
10.236, -45.7255516052246
10.248, -45.6741065979004
10.26, -45.6057548522949
10.272, -45.5249137878418
10.284, -45.4381904602051
10.296, -45.3522033691406
10.308, -45.2728309631348
10.32, -45.2052154541016
10.332, -45.1530342102051
10.344, -45.1199645996094
10.356, -45.1074714660645
10.368, -45.1074714660645
10.38, -45.114818572998
10.392, -45.1398086547852
10.404, -45.1809616088867
10.416, -45.2331428527832
10.428, -45.2926750183105
10.44, -45.3529396057129
10.452, -45.4102630615234
10.464, -45.4602394104004
10.476, -45.5013961791992
10.488, -45.5337333679199
10.5, -45.5601921081543
10.512, -45.5844421386719
10.524, -45.6116371154785
10.536, -45.6461791992188
10.548, -45.6917457580566
10.56, -45.7483329772949
10.572, -45.8152122497559
10.584, -45.8916473388672
10.596, -45.9746932983398
10.608, -46.0606842041016
10.62, -46.1488761901855
10.632, -46.2363319396973
10.644, -46.323055267334
10.656, -46.4083061218262
10.668, -46.4920883178711
10.68, -46.5744018554688
10.692, -46.6567153930664
10.704, -46.7375602722168
10.716, -46.8176651000977
10.728, -46.8955688476563
10.74, -46.9712677001953
10.752, -47.0447616577148
10.764, -47.1160507202148
10.776, -47.183666229248
10.788, -47.2483406066895
10.8, -47.3115425109863
10.812, -47.3732795715332
10.824, -47.4335441589355
10.836, -47.4930725097656
10.848, -47.5555419921875
10.86, -47.6194839477539
10.872, -47.6870956420898
10.884, -47.7576522827148
10.896, -47.8326148986816
10.908, -47.909782409668
10.92, -47.9913597106934
10.932, -48.0758781433105
10.944, -48.1626014709473
10.956, -48.2507934570313
10.968, -48.337516784668
10.98, -48.4227676391602
10.992, -48.5050811767578
11.004, -48.5851898193359
11.016, -48.6601524353027
11.028, -48.7314414978027
11.04, -48.7990570068359
11.052, -48.8637313842773
11.064, -48.9269332885742
11.076, -48.9901390075684
11.088, -49.0533447265625
11.1, -49.1180191040039
11.112, -49.1863670349121
11.124, -49.2583923339844
11.136, -49.3333549499512
11.148, -49.4119911193848
11.16, -49.4943046569824
11.172, -49.5795593261719
11.184, -49.6662826538086
11.196, -49.753002166748
11.208, -49.8389892578125
11.22, -49.9235076904297
11.232, -50.0028800964355
11.244, -50.0771102905273
11.256, -50.1461944580078
11.268, -50.2108688354492
11.28, -50.2703971862793
11.292, -50.3262519836426
11.304, -50.3784332275391
11.316, -50.4313507080078
11.328, -50.4850006103516
11.34, -50.5415916442871
11.352, -50.6011199951172
11.364, -50.6643257141113
11.376, -50.7319374084473
11.388, -50.8032264709473
11.4, -50.8781929016113
11.412, -50.9553604125977
11.424, -51.0339965820313
11.436, -51.1141052246094
11.448, -51.1934776306152
11.46, -51.2728538513184
11.472, -51.3507537841797
11.484, -51.4279251098633
11.496, -51.5021514892578
11.508, -51.5749092102051
11.52, -51.6461982727051
11.532, -51.7167549133301
11.544, -51.7873077392578
11.556, -51.8593330383301
11.568, -51.9328231811523
11.58, -52.0099945068359
11.592, -52.0901031494141
11.604, -52.1716804504395
11.616, -52.2569313049316
11.628, -52.3429183959961
11.64, -52.4303779602051
11.652, -52.5163650512695
11.664, -52.6016159057617
11.676, -52.6839294433594
11.688, -52.7640380859375
11.7, -52.8434104919434
11.712, -52.9205780029297
11.724, -52.9962768554688
11.736, -53.0727119445801
11.748, -53.1491432189941
11.76, -53.2226371765137
11.772, -53.2953987121582
11.784, -53.3644828796387
11.796, -53.4306259155273
11.808, -53.4930953979492
11.82, -53.551155090332
11.832, -53.606273651123
11.844, -53.6591911315918
11.856, -53.7113723754883
11.868, -53.7635536193848
11.88, -53.8179359436035
11.892, -53.8752632141113
11.904, -53.9362602233887
11.916, -54.0016708374023
11.928, -54.0707550048828
11.94, -54.1435127258301
11.952, -54.2199478149414
11.964, -54.2993202209473
11.976, -54.3801651000977
11.988, -54.4632110595703
12.0, -54.5469932556152
12.012, -54.6307754516602
12.024, -54.7138252258301
12.036, -54.7946662902832
12.048, -54.8725700378418
12.06, -54.9468002319336
12.072, -55.0173530578613
12.084, -55.082763671875
12.096, -55.1444969177246
12.108, -55.204029083252
12.12, -55.2620887756348
12.132, -55.3208808898926
12.144, -55.3804130554199
12.156, -55.4421463012695
12.168, -55.5068206787109
12.18, -55.5759048461914
12.192, -55.6493988037109
12.204, -55.7273025512695
12.216, -55.8096160888672
12.228, -55.8956031799316
12.24, -55.9867362976074
12.252, -56.08154296875
12.264, -56.1785545349121
12.276, -56.2777709960938
12.288, -56.3777198791504
12.3, -56.476936340332
12.312, -56.5724792480469
12.324, -56.6628761291504
12.336, -56.7466583251953
12.348, -56.8252983093262
12.36, -56.8973197937012
12.372, -56.9627304077148
12.384, -57.0222587585449
12.396, -57.0781173706055
12.408, -57.131031036377
12.42, -57.1817398071289
12.432, -57.2331886291504
12.444, -57.2861022949219
12.456, -57.3397521972656
12.468, -57.3970794677734
12.48, -57.4573440551758
12.492, -57.5212821960449
12.504, -57.5896301269531
12.516, -57.6623916625977
12.528, -57.7388229370117
12.54, -57.8196678161621
12.552, -57.9049186706543
12.564, -57.9945831298828
12.576, -58.0871849060059
12.588, -58.1812553405762
12.6, -58.2782669067383
12.612, -58.3760147094727
12.624, -58.4737586975098
12.636, -58.5693016052246
12.648, -58.6633720397949
12.66, -58.7530364990234
12.672, -58.8397598266602
12.684, -58.9213371276855
12.696, -58.9992408752441
12.708, -59.0727348327637
12.72, -59.1432876586914
12.732, -59.2109031677246
12.744, -59.2770462036133
12.756, -59.342456817627
12.768, -59.4093322753906
12.78, -59.4776840209961
12.792, -59.5482368469238
12.804, -59.6231994628906
12.816, -59.7003707885742
12.828, -59.7812118530273
12.84, -59.8649940490723
12.852, -59.951717376709
12.864, -60.039909362793
12.876, -60.127368927002
12.888, -60.2140884399414
12.9, -60.2949333190918
12.912, -60.3713645935059
12.924, -60.4411849975586
12.936, -60.5043907165527
12.948, -60.5595092773438
12.96, -60.6080169677734
12.972, -60.6521110534668
12.984, -60.6925315856934
12.996, -60.7336883544922
13.008, -60.7763175964355
13.02, -60.8233528137207
13.032, -60.8762664794922
13.044, -60.9357986450195
13.056, -61.0012054443359
13.068, -61.0717620849609
13.08, -61.148193359375
13.092, -61.2268333435059
13.104, -61.3084106445313
13.116, -61.3921928405762
13.128, -61.4767112731934
13.14, -61.5619621276855
13.152, -61.64794921875
13.164, -61.7339401245117
13.176, -61.8206596374512
13.188, -61.9066467285156
13.2, -61.9919013977051
13.212, -62.0742149353027
13.224, -62.1521186828613
13.236, -62.2263450622559
13.248, -62.2961654663086
13.26, -62.3623085021973
13.272, -62.4247779846191
13.284, -62.4843101501465
13.296, -62.5423698425293
13.308, -62.5989570617676
13.32, -62.6584892272949
13.332, -62.7187538146973
13.344, -62.7812232971191
13.356, -62.8473663330078
13.368, -62.9171867370605
13.38, -62.9877395629883
13.392, -63.0634384155273
13.404, -63.1413421630859
13.416, -63.2236557006836
13.428, -63.3089065551758
13.44, -63.3963661193848
13.452, -63.486026763916
13.464, -63.5749549865723
13.476, -63.6653518676758
13.488, -63.754280090332
13.5, -63.8395309448242
13.512, -63.9225807189941
13.524, -64.001953125
13.536, -64.0761795043945
13.548, -64.1460037231445
13.56, -64.2136154174805
13.572, -64.2782897949219
13.584, -64.3422317504883
13.596, -64.4069061279297
13.608, -64.4715805053711
13.62, -64.5369873046875
13.632, -64.6038665771484
13.644, -64.6736831665039
13.656, -64.7471771240234
13.668, -64.8228759765625
13.68, -64.9022521972656
13.692, -64.9830932617188
13.704, -65.0654067993164
13.716, -65.1499252319336
13.728, -65.2351760864258
13.74, -65.318962097168
13.752, -65.4005355834961
13.764, -65.4799118041992
13.776, -65.5563430786133
13.788, -65.6305694580078
13.8, -65.7018585205078
13.812, -65.7724151611328
13.824, -65.8429718017578
13.836, -65.9135208129883
13.848, -65.9870147705078
13.86, -66.0627136230469
13.872, -66.14208984375
13.884, -66.2251358032227
13.896, -66.3103866577148
13.908, -66.3985824584961
13.92, -66.4904479980469
13.932, -66.5859909057617
13.944, -66.6852035522461
13.956, -66.7880935668945
13.968, -66.8968658447266
13.98, -67.0100479125977
13.992, -67.1268997192383
14.004, -67.2444915771484
14.016, -67.3613510131836
14.028, -67.4745254516602
14.04, -67.5832977294922
14.052, -67.6839828491211
14.064, -67.7758483886719
14.076, -67.8566970825195
14.088, -67.9279861450195
14.1, -67.9897155761719
14.112, -68.0448379516602
14.124, -68.0948104858398
14.136, -68.1418533325195
14.148, -68.1896209716797
14.16, -68.2417984008789
14.172, -68.2998580932617
14.184, -68.3652725219727
14.196, -68.4402313232422
14.208, -68.5232849121094
14.22, -68.6122055053711
14.232, -68.7070159912109
14.244, -68.8047637939453
14.256, -68.9032440185547
14.268, -69.0002593994141
14.28, -69.0965347290039
14.292, -69.1906051635742
14.304, -69.282470703125
14.316, -69.3713989257813
14.328, -69.4595947265625
14.34, -69.5477828979492
14.352, -69.6359786987305
14.364, -69.7234344482422
14.376, -69.8086853027344
14.388, -69.8924713134766
14.4, -69.9740447998047
14.412, -70.0519485473633
14.424, -70.1261749267578
14.436, -70.1982040405273
14.448, -70.2694931030273
14.46, -70.3415145874023
14.472, -70.4150085449219
14.484, -70.4929122924805
14.496, -70.5759582519531
14.508, -70.6648864746094
14.52, -70.7611618041992
14.532, -70.8640518188477
14.544, -70.9720916748047
14.556, -71.0838012695313
14.568, -71.1991882324219
14.58, -71.3153076171875
14.592, -71.4321594238281
14.604, -71.5475463867188
14.616, -71.6614608764648
14.628, -71.7709655761719
14.64, -71.8753280639648
14.652, -71.9738082885742
14.664, -72.064208984375
14.676, -72.1472549438477
14.688, -72.2207489013672
14.7, -72.2854232788086
14.712, -72.3420104980469
14.724, -72.3905181884766
14.736, -72.4346160888672
14.748, -72.4735641479492
14.76, -72.5095748901367
14.772, -72.5448532104492
14.784, -72.5801315307617
14.796, -72.6176147460938
14.808, -72.6580352783203
14.82, -72.7043380737305
14.832, -72.7572479248047
14.844, -72.816780090332
14.856, -72.884391784668
14.868, -72.958625793457
14.88, -73.0372619628906
14.892, -73.1195755004883
14.904, -73.2033538818359
14.916, -73.2871398925781
14.928, -73.3672485351563
14.94, -73.4429473876953
14.952, -73.5142364501953
14.964, -73.5825881958008
14.976, -73.6494674682617
14.988, -73.7163467407227
15.0, -73.7861633300781
15.012, -73.8611221313477
15.024, -73.9427032470703
15.036, -74.030158996582
15.048, -74.1242294311523
15.06, -74.2227172851563
15.072, -74.3241348266602
15.084, -74.4277648925781
15.096, -74.5313873291016
15.108, -74.6313400268555
15.12, -74.7276153564453
15.132, -74.8165435791016
15.144, -74.9003295898438
15.156, -74.9782257080078
15.168, -75.0509872436523
15.18, -75.1200714111328
15.192, -75.1876831054688
15.204, -75.2538299560547
15.216, -75.3199768066406
15.228, -75.3875885009766
15.24, -75.456672668457
15.252, -75.527961730957
15.264, -75.6014556884766
15.276, -75.6786270141602
15.288, -75.7587280273438
15.3, -75.8403091430664
15.312, -75.9240951538086
15.324, -76.0108184814453
15.336, -76.1004791259766
15.348, -76.1916122436523
15.36, -76.2834777832031
15.372, -76.3775482177734
15.384, -76.4708862304688
15.396, -76.5649566650391
15.408, -76.6568222045898
15.42, -76.7457504272461
15.432, -76.8317413330078
15.444, -76.9147872924805
15.456, -76.9941635131836
15.468, -77.0705947875977
15.48, -77.1462936401367
15.492, -77.2219924926758
15.504, -77.3013610839844
15.516, -77.3844146728516
15.528, -77.4711303710938
15.54, -77.5622634887695
15.552, -77.6585464477539
15.564, -77.7577590942383
15.576, -77.8584442138672
15.588, -77.9569244384766
15.6, -78.0517349243164
15.612, -78.1413955688477
15.624, -78.2229766845703
15.636, -78.2979354858398
15.648, -78.3648147583008
15.66, -78.4243469238281
15.672, -78.4772644042969
15.684, -78.5220947265625
15.696, -78.558837890625
15.708, -78.5889739990234
15.72, -78.6139602661133
15.732, -78.6338043212891
15.744, -78.6492385864258
15.756, -78.663932800293
15.768, -78.6793670654297
15.78, -78.6992111206055
15.792, -78.7256698608398
15.804, -78.7609481811523
15.816, -78.805046081543
15.828, -78.8594284057617
15.84, -78.9226303100586
15.852, -78.9924545288086
15.864, -79.0652084350586
15.876, -79.1401748657227
15.888, -79.2136688232422
15.9, -79.2827529907227
15.912, -79.3459548950195
15.924, -79.4032821655273
15.936, -79.4554595947266
15.948, -79.5032348632813
15.96, -79.5495376586914
15.972, -79.5965728759766
15.984, -79.6465454101563
15.996, -79.7001953125
16.008, -79.7582550048828
16.02, -79.8192596435547
16.032, -79.8853988647461
16.044, -79.9544830322266
16.056, -80.0279769897461
16.068, -80.1051483154297
16.08, -80.1867218017578
16.092, -80.2741851806641
16.104, -80.3689880371094
16.116, -80.4726181030273
16.128, -80.5850601196289
16.14, -80.7055892944336
16.152, -80.8342056274414
16.164, -80.9701690673828
16.176, -81.1105422973633
16.188, -81.2538528442383
16.2, -81.3993682861328
16.212, -81.5448837280273
16.224, -81.6882019042969
16.236, -81.8300399780273
16.248, -81.9682083129883
16.26, -82.1041717529297
16.272, -82.2371978759766
16.284, -82.3680191040039
16.296, -82.4966278076172
16.308, -82.62451171875
16.32, -82.7523880004883
16.332, -82.8824691772461
16.344, -83.0169677734375
16.356, -83.158805847168
16.368, -83.3079986572266
16.38, -83.4660110473633
16.392, -83.6313705444336
16.404, -83.799674987793
16.416, -83.9687042236328
16.428, -84.1333312988281
16.44, -84.2898712158203
16.452, -84.4324493408203
16.464, -84.5581283569336
16.476, -84.6654281616211
16.488, -84.7536163330078
16.5, -84.8241729736328
16.512, -84.876350402832
16.524, -84.9116287231445
16.536, -84.9307403564453
16.548, -84.9233932495117
16.56, -84.8991394042969
16.572, -84.8653335571289
16.584, -84.8234405517578
16.596, -84.7793426513672
16.608, -84.7352447509766
16.62, -84.6933517456055
16.632, -84.6544036865234
16.644, -84.6198577880859
16.656, -84.588996887207
16.668, -84.5595932006836
16.68, -84.5301971435547
16.692, -84.5022735595703
16.704, -84.4758148193359
16.716, -84.4544982910156
16.728, -84.442741394043
16.74, -84.442008972168
16.752, -84.447883605957
16.764, -84.4772872924805
16.776, -84.5360794067383
16.788, -84.6286773681641
16.8, -84.7580261230469
16.812, -84.9226531982422
16.824, -85.1196212768555
16.836, -85.3437728881836
16.848, -85.584831237793
16.86, -85.8332443237305
16.872, -86.0772399902344
16.884, -86.3080139160156
16.896, -86.5196685791016
16.908, -86.7085494995117
16.92, -86.8753814697266
16.932, -87.0208969116211
16.944, -87.1502456665039
16.956, -87.2663650512695
16.968, -87.3714599609375
16.98, -87.4670028686523
16.992, -87.5544662475586
17.004, -87.6345672607422
17.016, -87.7073287963867
17.028, -87.7720031738281
17.04, -87.8300628662109
17.052, -87.8815078735352
17.064, -87.9292831420898
17.076, -87.9733734130859
17.088, -88.015266418457
17.1, -88.0549545288086
17.112, -88.0939025878906
17.124, -88.1313858032227
17.136, -88.1688690185547
17.148, -88.2063522338867
17.16, -88.2467727661133
17.172, -88.2908706665039
17.184, -88.3393783569336
17.196, -88.3937606811523
17.208, -88.4532928466797
17.22, -88.5164947509766
17.232, -88.5826416015625
17.244, -88.6458435058594
17.256, -88.7046356201172
17.268, -88.7568206787109
17.28, -88.8009185791016
17.292, -88.8369293212891
17.304, -88.8633880615234
17.316, -88.8788146972656
17.328, -88.8685302734375
17.34, -88.8347244262695
17.352, -88.7737197875977
17.364, -88.6825866699219
17.376, -88.5569152832031
17.388, -88.3974380493164
17.4, -88.2092895507813
17.412, -87.9976272583008
17.424, -87.7712707519531
17.436, -87.5375595092773
17.448, -87.3060531616211
17.46, -87.0811614990234
17.472, -86.8709716796875
17.484, -86.6806259155273
17.496, -86.5137939453125
17.508, -86.373420715332
17.52, -86.2624435424805
17.532, -86.1808700561523
17.544, -86.1279525756836
17.556, -86.1022262573242
17.568, -86.0992889404297
17.58, -86.1022262573242
17.592, -86.122802734375
17.604, -86.159553527832
17.616, -86.2058563232422
17.628, -86.2573013305664
17.64, -86.3087463378906
17.652, -86.3557815551758
17.664, -86.3969345092773
17.676, -86.4300079345703
17.688, -86.4571990966797
17.7, -86.4799880981445
17.712, -86.4998321533203
17.724, -86.5218734741211
17.736, -86.5461273193359
17.748, -86.5733261108398
17.76, -86.6034545898438
17.772, -86.6343231201172
17.784, -86.6629867553711
17.796, -86.6865005493164
17.808, -86.7019348144531
17.82, -86.7092895507813
17.832, -86.7026748657227
17.844, -86.6923828125
17.856, -86.6798858642578
17.868, -86.6688613891602
17.88, -86.6607818603516
17.892, -86.6563720703125
17.904, -86.654167175293
17.916, -86.6526947021484
17.928, -86.6512222290039
17.94, -86.6490173339844
17.952, -86.6431427001953
17.964, -86.6335906982422
17.976, -86.621826171875
17.988, -86.6078643798828
18.0, -86.5916976928711
18.012, -86.5725860595703
18.024, -86.5520095825195
18.036, -86.5277557373047
18.048, -86.5005645751953
18.06, -86.4696960449219
18.072, -86.4351577758789
18.084, -86.3984069824219
18.096, -86.3609237670898
18.108, -86.3256454467773
18.12, -86.2962493896484
18.132, -86.2764053344727
18.144, -86.2690582275391
18.156, -86.2690582275391
18.168, -86.2778778076172
18.18, -86.302864074707
18.192, -86.3432846069336
18.204, -86.3984069824219
18.216, -86.4630813598633
18.228, -86.5358428955078
18.24, -86.6115417480469
18.252, -86.6879730224609
18.264, -86.763671875
18.276, -86.8393707275391
18.288, -86.9158020019531
18.3, -86.9951782226563
18.312, -87.0804290771484
18.324, -87.1722946166992
18.336, -87.2722473144531
18.348, -87.3817520141602
18.36, -87.4978713989258
18.372, -87.619140625
18.384, -87.7404022216797
18.396, -87.8572540283203
18.408, -87.9630889892578
18.42, -88.0549545288086
18.432, -88.1255111694336
18.444, -88.1725463867188
18.456, -88.1894454956055
18.468, -88.1622543334961
18.48, -88.1174240112305
18.492, -88.0586318969727
18.504, -87.9939575195313
18.516, -87.9285430908203
18.528, -87.8690185546875
18.54, -87.8227157592773
18.552, -87.7933197021484
18.564, -87.7822952270508
18.576, -87.7822952270508
18.588, -87.7925796508789
18.6, -87.8234481811523
18.612, -87.8741607666016
18.624, -87.942512512207
18.636, -88.0292282104492
18.648, -88.1299209594727
18.66, -88.2438354492188
18.672, -88.3702392578125
18.684, -88.5069427490234
18.696, -88.6509857177734
18.708, -88.8009185791016
18.72, -88.9530487060547
18.732, -89.1059112548828
18.744, -89.2565765380859
18.756, -89.405029296875
18.768, -89.5505523681641
18.78, -89.6953353881836
18.792, -89.8430557250977
18.804, -89.9981231689453
18.816, -90.1627502441406
18.828, -90.3420791625977
18.84, -90.5353622436523
18.852, -90.7396774291992
18.864, -90.9528121948242
18.876, -91.1688842773438
18.888, -91.3798065185547
18.9, -91.5767669677734
18.912, -91.7568283081055
18.924, -91.9141082763672
18.936, -92.0463943481445
18.948, -92.1551666259766
18.96, -92.2418899536133
18.972, -92.3109741210938
18.984, -92.363883972168
18.996, -92.4057769775391
19.008, -92.4417877197266
19.02, -92.4785385131836
19.032, -92.5255737304688
19.044, -92.5931854248047
19.056, -92.6916656494141
19.068, -92.8320388793945
19.08, -93.0231246948242
19.092, -93.2678604125977
19.104, -93.5706558227539
19.116, -93.9263610839844
19.128, -94.32763671875
19.14, -94.7627182006836
19.152, -95.2257308959961
19.164, -95.7012329101563
19.176, -96.1774749755859
19.188, -96.644889831543
19.2, -97.0946731567383
19.212, -97.5179977416992
19.224, -97.9060440063477
19.236, -98.2558746337891
19.248, -98.5623397827148
19.26, -98.8239822387695
19.272, -99.0437240600586
19.284, -99.2296676635742
19.296, -99.3935546875
19.308, -99.5508346557617
19.32, -99.7198638916016
19.332, -99.9219741821289
19.344, -100.176261901855
19.356, -100.504043579102
19.368, -100.923690795898
19.38, -101.447700500488
19.392, -102.097389221191
19.404, -102.883766174316
19.416, -103.81861114502
19.428, -104.915870666504
19.44, -106.191719055176
19.452, -107.64688873291
19.464, -109.210098266602
19.476, -110.655723571777
19.488, -111.647148132324
19.5, -111.73681640625
19.512, -111.138572692871
19.524, -110.410255432129
19.536, -109.687072753906
19.548, -109.062377929688
19.56, -108.587608337402
19.572, -108.287757873535
19.584, -108.170166015625
19.596, -108.16869354248
19.608, -108.236312866211
19.62, -108.489860534668
19.632, -108.949195861816
19.644, -109.635627746582
19.656, -110.568267822266
19.668, -111.751510620117
19.68, -113.114082336426
19.692, -114.481063842773
19.704, -115.589347839355
19.716, -116.277252197266
19.728, -116.599151611328
19.74, -116.690284729004
19.752, -116.680732727051
19.764, -116.680732727051
19.776, -116.695426940918
19.788, -116.73365020752
19.8, -116.699104309082
19.812, -116.521987915039
19.824, -116.176567077637
19.836, -115.651084899902
19.848, -114.972007751465
19.86, -114.178276062012
19.872, -113.335304260254
19.884, -112.506294250488
19.896, -111.744163513184
19.908, -111.081253051758
19.92, -110.520492553711
19.932, -110.044990539551
19.944, -109.615051269531
19.956, -109.19172668457
19.968, -108.74195098877
19.98, -108.256156921387
19.992, -107.743171691895
20.004, -107.225776672363
20.016, -106.721603393555
20.028, -106.247573852539
20.04, -105.804405212402
20.052, -105.386962890625
20.064, -104.982749938965
20.076, -104.573387145996
20.088, -104.144920349121
20.1, -103.682647705078
20.112, -103.185089111328
20.124, -102.65446472168
20.136, -102.098854064941
20.148, -101.53148651123
20.16, -100.96558380127
20.172, -100.41438293457
20.184, -99.8815536499023
20.196, -99.3729782104492
20.208, -98.8901214599609
20.22, -98.4300537109375
20.232, -97.9883575439453
20.244, -97.5650329589844
20.256, -97.1586151123047
20.268, -96.7742385864258
20.28, -96.4192657470703
20.292, -96.1054458618164
20.304, -95.8423385620117
20.316, -95.6380310058594
20.328, -95.5005950927734
20.34, -95.435920715332
20.352, -95.431510925293
20.364, -95.4476776123047
20.376, -95.53955078125
20.388, -95.7151947021484
20.4, -95.9768371582031
20.412, -96.3266677856445
20.424, -96.7639541625977
20.436, -97.2938385009766
20.448, -97.9163360595703
20.46, -98.6292190551758
20.472, -99.4288330078125
20.484, -100.310020446777
20.496, -101.261032104492
20.508, -102.275978088379
20.52, -103.329139709473
20.532, -104.38597869873
20.544, -105.389167785645
20.556, -106.261535644531
20.568, -106.934005737305
20.58, -107.370559692383
20.592, -107.583686828613
20.604, -107.580749511719
20.616, -107.524894714355
20.628, -107.513870239258
20.64, -107.526359558105
20.652, -107.636604309082
20.664, -107.880599975586
20.676, -108.24439239502
20.688, -108.64493560791
20.7, -108.946990966797
20.712, -108.805885314941
20.724, -108.325241088867
20.736, -107.667472839355
20.748, -106.921508789063
20.76, -106.14688873291
20.772, -105.38549041748
20.784, -104.653495788574
20.796, -103.951629638672
20.808, -103.272552490234
20.82, -102.603759765625
20.832, -101.943786621094
20.844, -101.292633056641
20.856, -100.656913757324
20.868, -100.041030883789
20.88, -99.4552917480469
20.892, -98.9077606201172
20.904, -98.3977127075195
20.916, -97.9317626953125
20.928, -97.5143203735352
20.94, -97.147590637207
20.952, -96.8352432250977
20.964, -96.5838928222656
20.976, -96.396484375
20.988, -96.2781600952148
21.0, -96.2325897216797
21.012, -96.2318572998047
21.024, -96.2612533569336
21.036, -96.364143371582
21.048, -96.5353851318359
21.06, -96.7654190063477
21.072, -97.0424957275391
21.084, -97.3496932983398
21.096, -97.6701278686523
21.108, -97.9839477539063
21.12, -98.2749786376953
21.132, -98.5300064086914
21.144, -98.7424011230469
21.156, -98.9136428833008
21.168, -99.0444564819336
21.18, -99.1363296508789
21.192, -99.1870346069336
21.204, -99.1480865478516
21.216, -99.0437240600586
21.228, -98.8776321411133
21.24, -98.6527404785156
21.252, -98.3771362304688
21.264, -98.0647888183594
21.276, -97.7333297729492
21.288, -97.4026107788086
21.3, -97.0843811035156
21.312, -96.7940826416016
21.324, -96.5375900268555
21.336, -96.3156433105469
21.348, -96.1208801269531
21.36, -95.9444961547852
21.372, -95.7747268676758
21.384, -95.5968704223633
21.396, -95.4050521850586
21.408, -95.1941299438477
21.42, -94.9618911743164
21.432, -94.7112731933594
21.444, -94.4459609985352
21.456, -94.1674194335938
21.468, -93.8830032348633
21.48, -93.5985794067383
21.492, -93.3229827880859
21.504, -93.0620803833008
21.516, -92.8232192993164
21.528, -92.6100921630859
21.54, -92.4219436645508
21.552, -92.258056640625
21.564, -92.11474609375
21.576, -91.9861297607422
21.588, -91.8656005859375
21.6, -91.7487487792969
21.612, -91.6340942382813
21.624, -91.5209121704102
21.636, -91.4136123657227
21.648, -91.3158645629883
21.66, -91.2357635498047
21.672, -91.1784362792969
21.684, -91.1527099609375
21.696, -91.1512451171875
21.708, -91.1615295410156
21.72, -91.2100372314453
21.732, -91.2982330322266
21.744, -91.4246368408203
21.756, -91.5870590209961
21.768, -91.7766723632813
21.78, -91.9839248657227
21.792, -92.1985244750977
21.804, -92.4065170288086
21.816, -92.5946578979492
21.828, -92.7526702880859
21.84, -92.8724670410156
21.852, -92.9503631591797
21.864, -92.9900512695313
21.876, -92.9915237426758
21.888, -92.9834365844727
21.9, -92.9827041625977
21.912, -92.9893188476563
21.924, -93.0253295898438
21.936, -93.1017608642578
21.948, -93.2259674072266
21.96, -93.398681640625
21.972, -93.61474609375
21.984, -93.862419128418
21.996, -94.1247940063477
22.008, -94.3820266723633
22.02, -94.6105880737305
22.032, -94.7921142578125
22.044, -94.9111785888672
22.056, -94.9346923828125
22.068, -94.8406219482422
22.08, -94.6892242431641
22.092, -94.4907913208008
22.104, -94.2592849731445
22.116, -94.008674621582
22.128, -93.7499771118164
22.14, -93.4927520751953
22.152, -93.2436065673828
22.164, -93.0076904296875
22.176, -92.7842712402344
22.188, -92.5748138427734
22.2, -92.3778533935547
22.212, -92.1926498413086
22.224, -92.0184707641602
22.236, -91.8575134277344
22.248, -91.7097930908203
22.26, -91.5760345458984
22.272, -91.4606475830078
22.284, -91.363639831543
22.296, -91.2901458740234
22.308, -91.2423706054688
22.32, -91.224739074707
22.332, -91.224739074707
22.344, -91.2409057617188
22.356, -91.2952880859375
22.368, -91.3908309936523
22.38, -91.5297317504883
22.392, -91.7142028808594
22.404, -91.9457092285156
22.416, -92.220573425293
22.428, -92.5402755737305
22.44, -92.8981857299805
22.452, -93.289909362793
22.464, -93.7073516845703
22.476, -94.1453704833984
22.488, -94.5980911254883
22.5, -95.0596313476563
22.512, -95.5358734130859
22.524, -96.0260772705078
22.536, -96.5390625
22.548, -97.0843811035156
22.56, -97.6730651855469
22.572, -98.3087921142578
22.584, -99.0010986328125
22.596, -99.7389755249023
22.608, -100.499633789063
22.62, -101.247802734375
22.632, -101.941581726074
22.644, -102.546432495117
22.656, -103.043983459473
22.668, -103.447463989258
22.68, -103.782592773438
22.692, -104.083183288574
22.704, -104.379364013672
22.716, -104.676277160645
22.728, -104.936447143555
22.74, -105.048156738281
22.752, -104.750503540039
22.764, -104.183135986328
22.776, -103.396018981934
22.788, -102.464851379395
22.8, -101.466079711914
22.812, -100.454071044922
22.824, -99.4817504882813
22.836, -98.5799789428711
22.848, -97.7664031982422
22.86, -97.0461654663086
22.872, -96.4170608520508
22.884, -95.8746795654297
22.896, -95.4021148681641
22.908, -94.9898147583008
22.92, -94.6289596557617
22.932, -94.3092651367188
22.944, -94.0270462036133
22.956, -93.7786407470703
22.968, -93.5669784545898
22.98, -93.3935317993164
22.992, -93.2612457275391
23.004, -93.1715850830078
23.016, -93.1260147094727
23.028, -93.1201400756836
23.04, -93.1260147094727
23.052, -93.1715850830078
23.064, -93.2641830444336
23.076, -93.4038238525391
23.088, -93.5941696166992
23.1, -93.8359680175781
23.112, -94.1299362182617
23.124, -94.4768295288086
23.136, -94.8766326904297
23.148, -95.3315582275391
23.16, -95.8408737182617
23.172, -96.3986892700195
23.184, -96.9947204589844
23.196, -97.6069259643555
23.208, -98.1963424682617
23.22, -98.7063903808594
23.232, -99.0760650634766
23.244, -99.2149658203125
23.256, -98.9790496826172
23.268, -98.5829238891602
23.28, -98.0816955566406
23.292, -97.5216751098633
23.304, -96.9462127685547
23.316, -96.3869323730469
23.328, -95.8665924072266
23.34, -95.397705078125
23.352, -94.9832000732422
23.364, -94.6208801269531
23.376, -94.2967681884766
23.388, -94.0013275146484
23.4, -93.719108581543
23.412, -93.4391021728516
23.424, -93.153205871582
23.436, -92.8577651977539
23.448, -92.5579071044922
23.46, -92.2595291137695
23.472, -91.972900390625
23.484, -91.7105255126953
23.496, -91.4797592163086
23.508, -91.2872085571289
23.52, -91.1343383789063
23.532, -91.0174865722656
23.544, -90.9322280883789
23.556, -90.8712310791016
23.568, -90.8271331787109
23.58, -90.793327331543
23.592, -90.7676086425781
23.604, -90.7492294311523
23.616, -90.7382049560547
23.628, -90.7360000610352
23.64, -90.7367401123047
23.652, -90.7470245361328
23.664, -90.7727508544922
23.676, -90.8139038085938
23.688, -90.869026184082
23.7, -90.935905456543
23.712, -91.011604309082
23.724, -91.0917129516602
23.736, -91.1703491210938
23.748, -91.2475204467773
23.76, -91.3224792480469
23.772, -91.401123046875
23.784, -91.4900512695313
23.796, -91.5980834960938
23.808, -91.7369842529297
23.82, -91.9192504882813
23.832, -92.1544342041016
23.844, -92.4513473510742
23.856, -92.8166046142578
23.868, -93.2590408325195
23.88, -93.7793731689453
23.892, -94.3783493041992
23.904, -95.0515518188477
23.916, -95.7901611328125
23.928, -96.5787506103516
23.94, -97.3857116699219
23.952, -98.1772384643555
23.964, -98.9011459350586
23.976, -99.5089416503906
23.988, -99.9638671875
24.0, -100.256370544434
24.012, -100.406295776367
24.024, -100.418060302734
24.036, -100.357788085938
24.048, -100.293113708496
24.06, -100.243141174316
24.072, -100.220359802246
24.084, -100.219627380371
24.096, -100.231384277344
24.108, -100.278419494629
24.12, -100.354850769043
24.132, -100.447456359863
24.144, -100.537117004395
24.156, -100.600318908691
24.168, -100.561370849609
24.18, -100.451126098633
24.192, -100.300468444824
24.204, -100.132904052734
24.216, -99.9770965576172
24.228, -99.860237121582
24.24, -99.7999725341797
24.252, -99.7940979003906
24.264, -99.8065872192383
24.276, -99.8844909667969
24.288, -100.03515625
24.3, -100.254898071289
24.312, -100.538589477539
24.324, -100.884742736816
24.336, -101.286018371582
24.348, -101.740203857422
24.36, -102.238494873047
24.372, -102.766914367676
24.384, -103.308563232422
24.396, -103.84065246582
24.408, -104.335266113281
24.42, -104.763000488281
24.432, -105.09886932373
24.444, -105.317878723145
24.456, -105.374465942383
24.468, -105.219398498535
24.48, -104.95629119873
24.492, -104.596908569336
24.504, -104.150802612305
24.516, -103.628257751465
24.528, -103.043251037598
24.54, -102.41194152832
24.552, -101.756378173828
24.564, -101.10375213623
24.576, -100.469505310059
24.588, -99.8742065429688
24.6, -99.3296127319336
24.612, -98.8438262939453
24.624, -98.4190292358398
24.636, -98.0559692382813
24.648, -97.75244140625
24.66, -97.5025634765625
24.672, -97.3004531860352
24.684, -97.1380386352539
24.696, -97.0079498291016
24.708, -96.9021224975586
24.72, -96.8168640136719
24.732, -96.7485198974609
24.744, -96.6970748901367
24.756, -96.6654739379883
24.768, -96.6566543579102
24.78, -96.6566543579102
24.792, -96.6750259399414
24.804, -96.7242660522461
24.816, -96.8095169067383
24.828, -96.934455871582
24.84, -97.1012878417969
24.852, -97.3078079223633
24.864, -97.5488662719727
24.876, -97.8134384155273
24.888, -98.0831604003906
24.9, -98.3271636962891
24.912, -98.5123672485352
24.924, -98.569694519043
24.936, -98.4043273925781
24.948, -98.1177062988281
24.96, -97.7355346679688
24.972, -97.286491394043
24.984, -96.8073120117188
24.996, -96.3303375244141
25.008, -95.8812942504883
25.02, -95.4785461425781
25.032, -95.1331253051758
25.044, -94.8538513183594
25.056, -94.6421890258789
25.068, -94.4996109008789
25.08, -94.4246520996094
25.092, -94.4114227294922
25.104, -94.4150924682617
25.116, -94.4680099487305
25.128, -94.5804595947266
25.14, -94.7465515136719
25.152, -94.9596862792969
25.164, -95.2058868408203
25.176, -95.4697265625
25.188, -95.7313690185547
25.2, -95.9643402099609
25.212, -96.1429290771484
25.224, -96.253173828125
25.236, -96.2524337768555
25.248, -96.1649780273438
25.26, -96.0495910644531
25.272, -95.931266784668
25.284, -95.8313140869141
25.296, -95.7651748657227
25.308, -95.7438583374023
25.32, -95.7438583374023
25.332, -95.7673797607422
25.344, -95.8283767700195
25.356, -95.9128952026367
25.368, -96.002555847168
25.38, -96.076789855957
25.392, -96.1069183349609
25.404, -96.0415115356445
25.416, -95.9231872558594
25.428, -95.7600326538086
25.44, -95.5689468383789
25.452, -95.3683090209961
25.464, -95.1794281005859
25.476, -95.0214157104492
25.488, -94.9089736938477
25.5, -94.8538513183594
25.512, -94.8494415283203
25.524, -94.8634033203125
25.536, -94.9376373291016
25.548, -95.0758056640625
25.56, -95.2734985351563
25.572, -95.5211715698242
25.584, -95.8085327148438
25.596, -96.1223526000977
25.608, -96.4486618041992
25.62, -96.7668914794922
25.632, -97.0557250976563
25.644, -97.2886962890625
25.656, -97.4437713623047
25.668, -97.4790420532227
25.68, -97.3666000366211
25.692, -97.1880111694336
25.704, -96.9697341918945
25.716, -96.7367630004883
25.728, -96.5133361816406
25.74, -96.3193130493164
25.752, -96.1679153442383
25.764, -96.0687026977539
25.776, -96.0231399536133
25.788, -96.0201950073242
25.8, -96.0304870605469
25.812, -96.0819320678711
25.824, -96.1649780273438
25.836, -96.2671356201172
25.848, -96.3744354248047
25.86, -96.4758605957031
25.872, -96.5684585571289
25.884, -96.6529769897461
