% Measurement ID: 3017
% Mode ID: 1
% Date and time: 2020-03-04 16:44:48
% Sample ID: TOT33-75
% Measurement type: ringdown
% Frequency [Hz]: 178303.0
% Quality factor: 18058553.535804514
% Temperature [K]: 293.0
% Pressure [mBar]: 1.7e-07
% Notes: 
% 
%
% measurement data
% time [s], power [dBm]
0.0, -50.41623
0.24032042723631508, -52.72092
0.48064085447263016, -51.48557
0.7209612817089452, -49.46409
0.9612817089452603, -48.83909
1.2016021361815754, -48.78538
1.4419225634178905, -48.86838
1.6822429906542056, -49.23459
1.9225634178905207, -48.95627
2.162883845126836, -50.47971
2.403204272363151, -49.2883
2.6435246995994657, -48.9758
2.883845126835781, -48.61936
3.1241655540720963, -48.38987
3.364485981308411, -48.00901
3.604806408544726, -47.60373
3.8451268357810413, -29.98166
4.085447263017357, -27.73557
4.325767690253672, -27.97483
4.566088117489986, -34.74729
4.806408544726302, -27.94553
5.046728971962617, -27.73557
5.287049399198931, -30.23557
5.527369826435247, -29.27854
5.767690253671562, -27.68674
6.008010680907877, -27.7844
6.248331108144193, -31.41721
6.488651535380507, -28.47776
6.728971962616822, -25.12327
6.969292389853138, -23.92698
7.209612817089452, -23.76096
7.449933244325767, -23.97092
7.690253671562083, -25.07444
7.930574098798398, -26.63205
8.170894526034713, -25.98752
8.411214953271028, -24.38596
8.651535380507344, -23.37522
8.891855807743658, -22.48655
9.132176234979973, -21.88596
9.372496662216289, -21.57834
9.612817089452603, -21.44651
9.853137516688918, -21.06565
10.093457943925234, -20.33811
10.333778371161548, -19.29807
10.574098798397863, -18.15549
10.814419225634179, -16.89573
11.054739652870493, -15.7092
11.29506008010681, -14.59592
11.535380507343124, -13.60471
11.775700934579438, -12.74045
12.016021361815755, -12.03733
12.256341789052069, -11.44163
12.496662216288385, -10.94358
12.7369826435247, -10.54319
12.977303070761014, -10.25998
13.21762349799733, -9.888891
13.457943925233645, -9.498266
13.698264352469959, -9.083227
13.938584779706275, -8.570531
14.17890520694259, -7.930883
14.419225634178904, -7.237523
14.65954606141522, -6.549047
14.899866488651535, -5.938695
15.14018691588785, -5.46018
15.380507343124165, -5.118383
15.62082777036048, -4.937719
15.861148197596796, -4.888891
16.10146862483311, -4.903539
16.341789052069426, -5.010961
16.58210947930574, -5.279516
16.822429906542055, -5.709203
17.06275033377837, -6.280492
17.303070761014688, -7.012914
17.543391188251, -7.862523
17.783711615487316, -8.756078
18.024032042723633, -8.990453
18.264352469959945, -8.223852
18.50467289719626, -7.510961
18.744993324432578, -7.183813
18.98531375166889, -7.154516
19.225634178905207, -7.325414
19.465954606141523, -7.940648
19.706275033377835, -8.873266
19.94659546061415, -9.698461
20.186915887850468, -9.76682
20.42723631508678, -9.815648
20.667556742323097, -9.884008
20.907877169559413, -9.971898
21.148197596795725, -10.05002
21.38851802403204, -10.10862
21.628838451268358, -10.17698
21.869158878504674, -10.23069
22.109479305740987, -10.2844
22.349799732977303, -10.37229
22.59012016021362, -10.43088
22.83044058744993, -10.50901
23.070761014686248, -10.5676
23.311081441922564, -10.65549
23.551401869158877, -10.89963
23.791722296395193, -10.82639
24.03204272363151, -10.85569
24.27236315086782, -10.91428
24.512683578104138, -10.96799
24.753004005340454, -11.00705
24.99332443257677, -11.09006
25.233644859813083, -11.1633
25.4739652870494, -11.2512
25.714285714285715, -11.31955
25.954606141522028, -11.40745
26.194926568758344, -11.4758
26.43524699599466, -11.53928
26.675567423230973, -11.61741
26.91588785046729, -11.70041
27.156208277703605, -11.78342
27.396528704939918, -11.82737
27.636849132176234, -11.95432
27.87716955941255, -12.00803
28.117489986648863, -12.08616
28.35781041388518, -12.1301
28.598130841121495, -12.29123
28.838451268357808, -12.31077
29.078771695594124, -12.62327
29.31909212283044, -12.55491
29.559412550066757, -12.55491
29.79973297730307, -12.67209
30.040053404539385, -12.67698
30.2803738317757, -12.72092
30.520694259012014, -12.8137
30.76101468624833, -12.96995
31.001335113484647, -13.1262
31.24165554072096, -13.10666
31.481975967957275, -13.09202
31.72229639519359, -13.11155
31.962616822429904, -13.18967
32.20293724966622, -13.2678
32.44325767690253, -13.34104
32.68357810413885, -13.39963
32.923898531375166, -13.43381
33.16421895861148, -13.48264
33.4045393858478, -13.52659
33.64485981308411, -13.60471
33.88518024032042, -13.6926
34.12550066755674, -13.75608
34.365821094793056, -13.8342
34.606141522029375, -13.94651
34.84646194926569, -13.99045
35.086782376502, -14.0344
35.32710280373832, -14.11252
35.56742323097463, -14.18577
35.807743658210946, -14.24924
36.048064085447265, -14.30295
36.28838451268358, -14.34202
36.52870493991989, -14.39573
36.76902536715621, -14.4885
37.00934579439252, -14.56663
37.249666221628836, -14.62522
37.489986648865155, -14.67893
37.73030707610147, -14.75705
37.97062750333778, -14.8303
38.2109479305741, -14.91819
38.45126835781041, -15.01584
38.691588785046726, -15.10862
38.931909212283045, -15.17209
39.17222963951936, -15.2551
39.41255006675567, -15.34788
39.65287049399199, -15.42112
39.8931909212283, -15.49436
40.133511348464616, -15.53342
40.373831775700936, -15.61155
40.61415220293725, -15.66038
40.85447263017356, -15.71409
41.09479305740988, -15.75803
41.33511348464619, -15.81174
41.575433911882506, -15.88498
41.815754339118826, -15.97776
42.05607476635514, -16.03635
42.29639519359145, -16.12424
42.53671562082777, -16.20237
42.77703604806408, -16.29514
43.0173564753004, -16.33909
43.257676902536716, -16.35373
43.49799732977303, -16.38303
43.73831775700935, -16.45627
43.97863818424566, -16.51487
44.21895861148197, -16.54905
44.45927903871829, -16.62717
44.699599465954606, -16.6467
44.93991989319092, -16.72483
45.18024032042724, -16.75413
45.42056074766355, -16.78342
45.66088117489986, -16.86155
45.90120160213618, -16.92502
46.141522029372496, -16.99827
46.38184245660881, -17.07151
46.62216288384513, -17.17405
46.86248331108144, -17.25217
47.10280373831775, -17.30588
47.34312416555407, -17.35959
47.583444592790386, -17.35959
47.8237650200267, -17.48655
48.06408544726302, -17.55491
48.30440587449933, -17.62327
48.54472630173564, -17.71604
48.78504672897196, -17.7844
49.025367156208276, -17.88694
49.26568758344459, -17.95041
49.50600801068091, -17.99924
49.74632843791722, -18.06272
49.98664886515354, -18.13108
50.22696929238985, -18.19944
50.467289719626166, -18.25803
50.707610146862486, -18.30686
50.9479305740988, -18.35569
51.18825100133511, -18.40452
51.42857142857143, -18.48264
51.66889185580774, -18.551
51.909212283044056, -18.64866
52.149532710280376, -18.66819
52.38985313751669, -18.73166
52.630173564753, -18.78538
52.87049399198932, -18.84397
53.11081441922563, -18.85862
53.351134846461946, -18.8635
53.591455273698266, -18.94163
53.83177570093458, -18.98069
54.07209612817089, -19.05881
54.31241655540721, -19.12717
54.55273698264352, -19.19553
54.793057409879836, -19.2883
55.033377837116156, -19.35178
55.27369826435247, -19.40061
55.51401869158878, -19.5178
55.7543391188251, -19.58127
55.99465954606141, -19.60569
56.234979973297726, -19.69846
56.475300400534046, -19.79123
56.71562082777036, -19.88889
56.95594125500667, -19.91819
57.19626168224299, -20.03538
57.4365821094793, -20.09885
57.676902536715616, -20.1428
57.917222963951936, -20.2258
58.15754339118825, -20.31858
58.39786381842457, -20.38694
58.63818424566088, -20.48459
58.87850467289719, -20.56272
59.11882510013351, -20.62131
59.359145527369826, -20.67014
59.59946595460614, -20.76291
59.83978638184246, -20.83127
60.08010680907877, -20.93381
60.32042723631508, -21.0217
60.5607476635514, -21.09983
60.801068090787716, -21.09983
61.04138851802403, -21.20725
61.28170894526035, -21.24631
61.52202937249666, -21.28538
61.762349799732974, -21.41233
62.00267022696929, -21.4758
62.242990654205606, -21.53928
62.48331108144192, -21.59788
62.72363150867824, -21.6467
62.96395193591455, -21.7053
63.204272363150864, -21.86155
63.44459279038718, -21.92014
63.684913217623496, -22.09104
63.92523364485981, -22.17405
64.16555407209613, -22.22288
64.40587449933244, -22.30588
64.64619492656875, -22.36936
64.88651535380507, -22.42795
65.1268357810414, -22.52561
65.3671562082777, -22.62815
65.60747663551402, -22.69163
65.84779706275033, -22.79905
66.08811748998664, -22.85276
66.32843791722296, -22.93088
66.56875834445928, -22.9553
66.8090787716956, -23.02854
67.04939919893191, -23.0676
67.28971962616822, -23.12131
67.53004005340453, -23.14084
67.77036048064085, -23.19455
68.01068090787717, -23.30686
68.25100133511349, -23.30686
68.4913217623498, -23.33616
68.73164218958611, -23.39475
68.97196261682242, -23.39475
69.21228304405875, -23.38498
69.45260347129506, -23.43381
69.69292389853138, -23.44358
69.93324432576769, -23.46799
70.173564753004, -23.43381
70.41388518024031, -23.46311
70.65420560747664, -23.47288
70.89452603471295, -23.58518
71.13484646194927, -23.68772
71.37516688918558, -23.73655
71.61548731642189, -23.81467
71.8558077436582, -23.90256
72.09612817089453, -23.94651
72.33644859813084, -24.0344
72.57676902536716, -24.10764
72.81708945260347, -24.21506
73.05740987983978, -24.34202
73.2977303070761, -24.46409
73.53805073431242, -24.58616
73.77837116154873, -24.79123
74.01869158878505, -24.8303
74.25901201602136, -24.94748
74.49933244325767, -25.12327
74.73965287049398, -25.18186
74.97997329773031, -25.23557
75.22029372496662, -25.25022
75.46061415220294, -25.26975
75.70093457943925, -25.08909
75.94125500667556, -25.09397
76.18157543391187, -25.16233
76.4218958611482, -25.09397
76.66221628838451, -25.10373
76.90253671562083, -25.09397
77.14285714285714, -25.18674
77.38317757009345, -25.19651
77.62349799732978, -25.22092
77.86381842456609, -25.31858
78.1041388518024, -25.41623
78.34445927903872, -25.38205
78.58477970627503, -25.50901
78.82510013351134, -25.67014
79.06542056074767, -25.77756
79.30574098798398, -25.8801
79.5460614152203, -26.04612
79.7863818424566, -26.18284
80.02670226969292, -26.28538
80.26702269692923, -26.35373
80.50734312416556, -26.38303
80.74766355140187, -26.40745
80.98798397863818, -26.48069
81.2283044058745, -26.51975
81.46862483311081, -26.59788
81.70894526034712, -26.58811
81.94926568758345, -26.69065
82.18958611481976, -26.71995
82.42990654205607, -26.71018
82.67022696929239, -26.71506
82.9105473965287, -26.71995
83.15086782376501, -26.83713
83.39118825100134, -27.09592
83.63150867823765, -27.15452
83.87182910547396, -27.301
84.11214953271028, -27.35959
84.35246995994659, -27.55491
84.5927903871829, -27.69163
84.83311081441923, -27.71116
85.07343124165554, -27.78928
85.31375166889185, -27.96018
85.55407209612817, -27.99436
85.79439252336448, -28.07737
86.0347129506008, -28.09202
86.27503337783712, -28.12131
86.51535380507343, -27.96018
86.75567423230974, -28.05295
86.99599465954606, -27.98459
87.23631508678237, -27.88694
87.4766355140187, -27.95041
87.71695594125501, -28.00413
87.95727636849132, -28.02366
88.19759679572763, -28.10666
88.43791722296395, -28.24827
88.67823765020026, -28.31174
88.91855807743659, -28.44358
89.1588785046729, -28.63401
89.39919893190921, -28.65842
89.63951935914552, -28.6926
89.87983978638184, -28.63889
90.12016021361815, -28.81955
90.36048064085448, -28.61936
90.60080106809079, -28.69748
90.8411214953271, -28.72678
91.08144192256341, -28.81467
91.32176234979973, -28.77561
91.56208277703604, -28.88303
91.80240320427237, -28.92209
92.04272363150868, -28.94651
92.28304405874499, -29.19553
92.5233644859813, -29.30784
92.76368491321762, -29.31272
93.00400534045394, -29.28342
93.24432576769026, -29.22483
93.48464619492657, -29.30295
93.72496662216288, -29.23459
93.9652870493992, -29.24924
94.2056074766355, -29.56663
94.44592790387183, -29.78635
94.68624833110815, -29.82053
94.92656875834446, -29.82541
95.16688918558077, -29.89866
95.40720961281708, -30.00608
95.6475300400534, -30.1428
95.88785046728972, -30.18186
96.12817089452604, -30.07932
96.36849132176235, -30.01096
96.60881174899866, -30.22092
96.84913217623497, -30.3137
97.08945260347129, -30.29416
97.32977303070761, -30.41135
97.57009345794393, -30.51389
97.81041388518024, -30.4553
98.05073431241655, -30.53342
98.29105473965286, -30.53342
98.53137516688918, -30.60178
98.7716955941255, -30.65549
99.01201602136182, -30.46506
99.25233644859813, -30.53342
99.49265687583444, -30.68967
99.73297730307075, -30.7385
99.97329773030708, -30.89475
100.2136181575434, -30.88987
100.4539385847797, -30.89475
100.69425901201602, -30.87034
100.93457943925233, -30.99241
101.17489986648864, -30.9387
101.41522029372497, -30.97288
101.65554072096128, -30.82151
101.8958611481976, -30.79709
102.13618157543391, -30.6262
102.37650200267022, -30.74338
102.61682242990653, -30.87034
102.85714285714286, -31.09006
103.09746328437917, -31.28538
103.33778371161549, -31.35373
103.5781041388518, -31.24143
103.81842456608811, -31.14866
104.05874499332442, -31.28049
104.29906542056075, -31.1633
104.53938584779706, -31.22678
104.77970627503338, -31.3635
105.02002670226969, -31.62229
105.260347129506, -31.75413
105.50066755674231, -31.78342
105.74098798397864, -31.75413
105.98130841121495, -31.79319
106.22162883845127, -31.58811
106.46194926568758, -31.57346
106.70226969292389, -31.58811
106.9425901201602, -31.51487
107.18291054739653, -31.65159
107.42323097463284, -31.80784
107.66355140186916, -31.91038
107.90387182910547, -31.87131
108.14419225634178, -31.79807
108.38451268357811, -31.8469
108.62483311081442, -31.8762
108.86515353805073, -31.93967
109.10547396528705, -31.9885
109.34579439252336, -31.8762
109.58611481975967, -32.04221
109.826435246996, -32.17405
110.06675567423231, -32.21311
110.30707610146862, -32.28147
110.54739652870494, -32.34006
110.78771695594125, -32.43284
111.02803738317756, -32.44748
111.26835781041389, -32.71116
111.5086782376502, -32.88694
111.74899866488651, -33.20432
111.98931909212283, -33.20432
112.22963951935914, -33.33127
112.46995994659545, -33.34592
112.71028037383178, -33.1262
112.95060080106809, -33.05295
113.1909212283044, -33.2678
113.43124165554072, -33.50705
113.67156208277703, -33.24827
113.91188251001334, -33.0969
114.15220293724967, -33.01877
114.39252336448598, -33.02366
114.6328437917223, -33.00413
114.8731642189586, -33.02366
115.11348464619492, -33.2678
115.35380507343123, -33.32639
115.59412550066756, -33.42405
115.83444592790387, -33.2678
116.07476635514018, -33.15549
116.3150867823765, -33.13596
116.55540720961281, -33.29221
116.79572763684914, -33.03342
117.03604806408545, -33.15549
117.27636849132176, -33.18967
117.51668891855807, -33.53635
117.75700934579439, -33.38498
117.9973297730307, -33.25315
118.23765020026703, -33.25315
118.47797062750334, -33.3508
118.71829105473965, -33.54612
118.95861148197596, -33.87815
119.19893190921228, -33.95139
119.43925233644859, -34.25413
119.67957276368492, -34.23948
119.91989319092123, -34.25901
120.16021361815754, -34.13205
120.40053404539385, -33.8928
120.64085447263017, -34.0637
120.88117489986648, -34.05881
121.1214953271028, -34.18088
121.36181575433912, -34.66428
121.60213618157543, -34.56663
121.84245660881174, -34.46409
122.08277703604806, -34.4592
122.32309746328437, -34.47873
122.5634178905207, -35.03538
122.80373831775701, -35.16721
123.04405874499332, -35.42112
123.28437917222963, -35.5383
123.52469959946595, -35.52366
123.76502002670227, -36.01194
124.00534045393859, -36.051
124.2456608811749, -36.31955
124.48598130841121, -36.22678
124.72630173564752, -35.9387
124.96662216288384, -36.05588
125.20694259012016, -36.31955
125.44726301735648, -36.55881
125.68758344459279, -37.01291
125.9279038718291, -37.00315
126.16822429906541, -36.97873
126.40854472630173, -36.93967
126.64886515353805, -36.73459
126.88918558077437, -36.42698
127.12950600801068, -36.47092
127.36982643524699, -36.52463
127.6101468624833, -36.65159
127.85046728971962, -36.49045
128.09078771695593, -35.89475
128.33110814419226, -35.65061
128.57142857142856, -35.94846
128.81174899866488, -36.28538
129.0520694259012, -36.42698
129.2923898531375, -36.60764
129.53271028037383, -36.47092
129.77303070761013, -36.16819
130.01335113484646, -36.34885
130.2536715620828, -36.88108
130.49399198931908, -36.80784
130.7343124165554, -37.16916
130.9746328437917, -37.53538
131.21495327102804, -37.57444
131.45527369826436, -37.43284
131.69559412550066, -37.84299
131.935914552737, -37.82346
132.1762349799733, -37.97483
132.41655540720961, -37.86252
132.6568758344459, -37.42307
132.89719626168224, -37.38889
133.13751668891857, -37.40354
133.37783711615486, -37.74534
133.6181575433912, -38.02854
133.8584779706275, -38.24827
134.09879839786382, -38.31174
134.33911882510014, -37.77952
134.57943925233644, -37.59397
134.81975967957277, -37.51096
135.06008010680907, -37.39866
135.3004005340454, -37.21311
135.5407209612817, -37.40354
135.78104138851802, -37.57932
136.02136181575435, -37.59397
136.26168224299064, -37.97483
136.50200267022697, -38.22385
136.74232309746327, -37.76487
136.9826435246996, -37.40354
137.22296395193592, -37.301
137.46328437917222, -37.44748
137.70360480640855, -37.55979
137.94392523364485, -37.71116
138.18424566088117, -37.52073
138.4245660881175, -37.54514
138.6648865153538, -37.59397
138.90520694259013, -37.80881
139.14552736982643, -38.2385
139.38584779706275, -38.36057
139.62616822429905, -38.4094
139.86648865153538, -38.44358
140.1068090787717, -38.36545
140.347129506008, -38.70237
140.58744993324433, -38.6926
140.82777036048063, -38.60471
141.06809078771695, -38.07737
141.30841121495328, -37.66721
141.54873164218958, -38.17502
141.7890520694259, -38.33127
142.0293724966622, -38.67307
142.26969292389853, -38.53147
142.51001335113483, -38.47776
142.75033377837116, -38.11155
142.99065420560748, -38.36545
143.23097463284378, -38.50705
143.4712950600801, -38.25803
143.7116154873164, -37.92112
143.95193591455273, -38.29221
144.19225634178906, -38.27268
144.43257676902536, -38.01877
144.6728971962617, -37.70627
144.91321762349799, -37.76975
145.1535380507343, -37.75998
145.3938584779706, -37.88205
145.63417890520694, -37.90159
145.87449933244326, -37.79905
146.11481975967956, -37.82834
146.3551401869159, -37.62327
146.5954606141522, -37.67698
146.83578104138851, -37.76487
147.07610146862484, -37.8137
147.31642189586114, -38.00413
147.55674232309747, -38.16038
147.79706275033377, -37.96506
148.0373831775701, -38.59006
148.27770360480642, -37.7844
148.51802403204272, -37.77952
148.75834445927904, -37.74045
148.99866488651534, -38.24338
149.23898531375167, -38.80002
149.47930574098797, -39.04416
149.7196261682243, -38.70725
149.95994659546062, -38.53147
150.20026702269692, -38.63401
150.44058744993325, -38.67795
150.68090787716955, -38.48264
150.92122830440587, -38.53635
151.1615487316422, -38.72678
151.4018691588785, -38.74143
151.64218958611482, -38.90745
151.88251001335112, -39.39084
152.12283044058745, -39.46897
152.36315086782375, -39.6008
152.60347129506007, -39.61545
152.8437917222964, -40.30393
153.0841121495327, -40.05979
153.32443257676903, -40.7092
153.56475300400533, -41.10959
153.80507343124165, -40.75803
154.04539385847798, -41.3342
154.28571428571428, -40.29905
154.5260347129506, -40.55295
154.7663551401869, -40.88498
155.00667556742323, -41.39768
155.24699599465956, -41.86155
155.48731642189586, -41.6467
155.72763684913218, -41.79807
155.96795727636848, -41.85666
156.2082777036048, -42.50608
156.4485981308411, -43.05784
156.68891855807743, -43.2385
156.92923898531376, -44.01975
157.16955941255006, -44.0637
157.40987983978638, -44.9133
157.65020026702268, -45.09397
157.890520694259, -44.00998
158.13084112149534, -43.79026
158.37116154873164, -44.176
158.61148197596796, -43.78049
158.85180240320426, -43.90256
159.0921228304406, -43.25315
159.33244325767689, -42.89182
159.5727636849132, -43.551
159.81308411214954, -43.2678
160.05340453938584, -42.75998
160.29372496662216, -43.56077
160.53404539385846, -43.53147
160.7743658210948, -44.40549
161.01468624833112, -44.13694
161.25500667556742, -44.46409
161.49532710280374, -44.63987
161.73564753004004, -46.0217
161.97596795727637, -45.43088
162.2162883845127, -45.28928
162.456608811749, -45.60178
162.69692923898532, -46.29026
162.93724966622162, -46.0803
163.17757009345794, -44.47385
163.41789052069424, -44.85959
163.65821094793057, -45.52366
163.8985313751669, -46.09006
164.1388518024032, -45.77268
164.37917222963952, -45.78733
164.61949265687582, -45.7678
164.85981308411215, -45.25998
165.10013351134847, -45.20139
165.34045393858477, -44.87913
165.5807743658211, -45.76291
165.8210947930574, -45.31858
166.06141522029372, -46.27561
166.30173564753002, -45.27952
166.54205607476635, -45.43088
166.78237650200268, -45.3967
167.02269692923898, -46.02659
167.2630173564753, -46.78342
167.5033377837116, -47.11057
167.74365821094793, -47.11545
167.98397863818425, -47.40842
168.22429906542055, -46.34397
168.46461949265688, -46.48069
168.70493991989318, -46.43186
168.9452603471295, -46.91038
169.1855807743658, -48.67795
169.42590120160213, -47.91135
169.66622162883846, -48.08713
169.90654205607476, -48.4387
170.14686248331108, -48.73655
170.38718291054738, -47.40354
170.6275033377837, -47.82834
170.86782376502003, -47.5012
171.10814419225633, -46.35862
171.34846461949266, -45.69455
171.58878504672896, -45.12327
171.82910547396529, -45.21604
172.0694259012016, -45.09397
172.3097463284379, -44.22971
172.55006675567424, -44.31272
172.79038718291054, -45.38694
173.03070761014686, -46.14377
173.27102803738316, -45.7092
173.5113484646195, -44.71311
173.75166889185581, -44.89377
173.9919893190921, -44.38596
174.23230974632844, -44.00022
174.47263017356474, -43.82444
174.71295060080107, -43.94163
174.9532710280374, -43.34104
175.1935914552737, -43.24827
175.43391188251002, -43.80491
175.67423230974632, -44.05393
175.91455273698264, -43.9758
176.15487316421894, -43.9758
176.39519359145527, -43.68772
176.6355140186916, -44.33713
176.8758344459279, -44.70334
177.11615487316422, -45.50901
177.35647530040052, -45.10373
177.59679572763685, -45.02561
177.83711615487317, -45.44553
178.07743658210947, -45.23557
178.3177570093458, -45.52854
178.5580774365821, -45.46506
178.79839786381842, -46.54905
179.03871829105475, -48.80979
179.27903871829105, -49.41526
179.51935914552737, -48.76096
179.75967957276367, -50.25022
180.0, -51.1926
