% Measurement ID: 2725
% Mode ID: 1
% Date and time: 2020-03-04 11:07:20
% Sample ID: TOT31-83
% Measurement type: ringdown
% Frequency [Hz]: 282226.0
% Quality factor: 19164377.27720836
% Temperature [K]: 293.0
% Pressure [mBar]: 2.43e-08
% Notes: 
% 
%
% measurement data
% time [s], power [dBm]
0.0, -66.85178
0.24032042723631508, -71.18284
0.48064085447263016, -66.48069
0.7209612817089452, -71.22678
0.9612817089452603, -69.21506
1.2016021361815754, -68.47776
1.4419225634178905, -66.7053
1.6822429906542056, -70.94846
1.9225634178905207, -68.70237
2.162883845126836, -66.27561
2.403204272363151, -64.28342
2.6435246995994657, -71.5344
2.883845126835781, -67.35471
3.1241655540720963, -64.90842
3.364485981308411, -37.88694
3.604806408544726, -34.0344
3.8451268357810413, -33.95139
4.085447263017357, -36.14377
4.325767690253672, -38.45823
4.566088117489986, -34.34202
4.806408544726302, -34.3469
5.046728971962617, -37.13987
5.287049399198931, -37.10569
5.527369826435247, -33.18479
5.767690253671562, -32.59397
6.008010680907877, -32.71604
6.248331108144193, -33.84885
6.488651535380507, -35.37717
6.728971962616822, -33.43381
6.969292389853138, -31.06077
7.209612817089452, -28.97092
7.449933244325767, -26.92502
7.690253671562083, -25.10373
7.930574098798398, -23.37522
8.170894526034713, -21.81272
8.411214953271028, -20.3967
8.651535380507344, -19.19065
8.891855807743658, -18.16526
9.132176234979973, -17.21799
9.372496662216289, -16.39768
9.612817089452603, -15.66526
9.853137516688918, -15.0012
10.093457943925234, -14.37131
10.333778371161548, -13.79514
10.574098798397863, -13.25803
10.814419225634179, -12.76487
11.054739652870493, -12.31565
11.29506008010681, -11.90061
11.535380507343124, -11.5344
11.775700934579438, -11.2219
12.016021361815755, -10.95823
12.256341789052069, -10.74827
12.496662216288385, -10.59202
12.7369826435247, -10.49436
12.977303070761014, -10.47483
13.21762349799733, -10.47483
13.457943925233645, -10.54807
13.698264352469959, -10.70432
13.938584779706275, -10.97776
14.17890520694259, -11.34885
14.419225634178904, -11.68088
14.65954606141522, -11.75901
14.899866488651535, -11.85178
15.14018691588785, -11.96897
15.380507343124165, -12.05686
15.62082777036048, -12.15452
15.861148197596796, -12.23752
16.10146862483311, -12.34983
16.341789052069426, -12.42795
16.58210947930574, -12.52561
16.822429906542055, -12.63303
17.06275033377837, -12.73069
17.303070761014688, -12.83811
17.543391188251, -12.94065
17.783711615487316, -13.0383
18.024032042723633, -13.1262
18.264352469959945, -13.22385
18.50467289719626, -13.32639
18.744993324432578, -13.42405
18.98531375166889, -13.51682
19.225634178905207, -13.61448
19.465954606141523, -13.70237
19.706275033377835, -13.79514
19.94659546061415, -13.88791
20.186915887850468, -13.98557
20.42723631508678, -14.08811
20.667556742323097, -14.18088
20.907877169559413, -14.2883
21.148197596795725, -14.39084
21.38851802403204, -14.4885
21.628838451268358, -14.56663
21.869158878504674, -14.66916
22.109479305740987, -14.7717
22.349799732977303, -14.87913
22.59012016021362, -14.96702
22.83044058744993, -15.06955
23.070761014686248, -15.17698
23.311081441922564, -15.25998
23.551401869158877, -15.35764
23.791722296395193, -15.46506
24.03204272363151, -15.56272
24.27236315086782, -15.67014
24.512683578104138, -15.77268
24.753004005340454, -15.87522
24.99332443257677, -15.96799
25.233644859813083, -16.051
25.4739652870494, -16.13889
25.714285714285715, -16.23655
25.954606141522028, -16.34397
26.194926568758344, -16.44163
26.43524699599466, -16.52952
26.675567423230973, -16.62229
26.91588785046729, -16.71995
27.156208277703605, -16.82737
27.396528704939918, -16.91038
27.636849132176234, -17.02268
27.87716955941255, -17.12522
28.117489986648863, -17.22288
28.35781041388518, -17.30588
28.598130841121495, -17.40842
28.838451268357808, -17.47678
29.078771695594124, -17.57444
29.31909212283044, -17.67209
29.559412550066757, -17.76975
29.79973297730307, -17.85764
30.040053404539385, -17.95041
30.2803738317757, -18.06272
30.520694259012014, -18.15061
30.76101468624833, -18.24338
31.001335113484647, -18.34592
31.24165554072096, -18.44358
31.481975967957275, -18.56077
31.72229639519359, -18.64866
31.962616822429904, -18.74631
32.20293724966622, -18.84397
32.44325767690253, -18.93186
32.68357810413885, -19.03928
32.923898531375166, -19.13694
33.16421895861148, -19.25413
33.4045393858478, -19.35666
33.64485981308411, -19.44944
33.88518024032042, -19.56174
34.12550066755674, -19.64963
34.365821094793056, -19.73752
34.606141522029375, -19.84983
34.84646194926569, -19.94748
35.086782376502, -20.05979
35.32710280373832, -20.1428
35.56742323097463, -20.24045
35.807743658210946, -20.32834
36.048064085447265, -20.41135
36.28838451268358, -20.52366
36.52870493991989, -20.62131
36.76902536715621, -20.72385
37.00934579439252, -20.81174
37.249666221628836, -20.90452
37.489986648865155, -21.00705
37.73030707610147, -21.09983
37.97062750333778, -21.18772
38.2109479305741, -21.26584
38.45126835781041, -21.38303
38.691588785046726, -21.47092
38.931909212283045, -21.56858
39.17222963951936, -21.65647
39.41255006675567, -21.75413
39.65287049399199, -21.84202
39.8931909212283, -21.94455
40.133511348464616, -22.02756
40.373831775700936, -22.11545
40.61415220293725, -22.19358
40.85447263017356, -22.301
41.09479305740988, -22.39866
41.33511348464619, -22.52561
41.575433911882506, -22.60862
41.815754339118826, -22.71604
42.05607476635514, -22.8137
42.29639519359145, -22.91623
42.53671562082777, -22.98459
42.77703604806408, -23.10178
43.0173564753004, -23.17991
43.257676902536716, -23.28733
43.49799732977303, -23.37522
43.73831775700935, -23.47288
43.97863818424566, -23.57053
44.21895861148197, -23.61936
44.45927903871829, -23.73655
44.699599465954606, -23.80491
44.93991989319092, -23.91721
45.18024032042724, -24.03928
45.42056074766355, -24.12717
45.66088117489986, -24.21995
45.90120160213618, -24.37131
46.141522029372496, -24.45432
46.38184245660881, -24.56174
46.62216288384513, -24.63498
46.86248331108144, -24.69846
47.10280373831775, -24.82053
47.34312416555407, -24.91819
47.583444592790386, -25.00608
47.8237650200267, -25.0842
48.06408544726302, -25.17209
48.30440587449933, -25.23557
48.54472630173564, -25.33811
48.78504672897196, -25.41623
49.025367156208276, -25.54319
49.26568758344459, -25.6262
49.50600801068091, -25.7678
49.74632843791722, -25.90452
49.98664886515354, -25.95823
50.22696929238985, -26.07541
50.467289719626166, -26.17795
50.707610146862486, -26.28538
50.9479305740988, -26.3635
51.18825100133511, -26.47092
51.42857142857143, -26.55393
51.66889185580774, -26.67112
51.909212283044056, -26.74436
52.149532710280376, -26.91038
52.38985313751669, -26.99338
52.630173564753, -27.11057
52.87049399198932, -27.22288
53.11081441922563, -27.301
53.351134846461946, -27.35471
53.591455273698266, -27.43772
53.83177570093458, -27.54026
54.07209612817089, -27.62815
54.31241655540721, -27.75998
54.55273698264352, -27.83811
54.793057409879836, -27.94553
55.033377837116156, -28.02366
55.27369826435247, -28.16038
55.51401869158878, -28.21409
55.7543391188251, -28.3801
55.99465954606141, -28.48264
56.234979973297726, -28.53635
56.475300400534046, -28.59983
56.71562082777036, -28.65842
56.95594125500667, -28.80491
57.19626168224299, -28.8342
57.4365821094793, -28.95139
57.676902536715616, -29.04905
57.917222963951936, -29.12717
58.15754339118825, -29.2883
58.39786381842457, -29.33713
58.63818424566088, -29.40549
58.87850467289719, -29.51291
59.11882510013351, -29.6008
59.359145527369826, -29.74241
59.59946595460614, -29.8303
59.83978638184246, -29.89377
60.08010680907877, -29.9719
60.32042723631508, -30.04026
60.5607476635514, -30.12327
60.801068090787716, -30.25022
61.04138851802403, -30.31858
61.28170894526035, -30.38694
61.52202937249666, -30.54807
61.762349799732974, -30.60666
62.00267022696929, -30.78245
62.242990654205606, -30.82151
62.48331108144192, -30.92893
62.72363150867824, -31.03147
62.96395193591455, -31.09006
63.204272363150864, -31.14866
63.44459279038718, -31.25608
63.684913217623496, -31.36838
63.92523364485981, -31.49045
64.16555407209613, -31.5637
64.40587449933244, -31.7053
64.64619492656875, -31.83225
64.88651535380507, -32.01291
65.1268357810414, -32.08616
65.3671562082777, -32.1594
65.60747663551402, -32.20823
65.84779706275033, -32.27659
66.08811748998664, -32.4133
66.32843791722296, -32.46702
66.56875834445928, -32.67209
66.8090787716956, -32.79905
67.04939919893191, -32.91623
67.28971962616822, -33.05295
67.53004005340453, -33.0383
67.77036048064085, -33.19455
68.01068090787717, -33.29709
68.25100133511349, -33.36057
68.4913217623498, -33.48264
68.73164218958611, -33.61448
68.97196261682242, -33.64377
69.21228304405875, -33.74631
69.45260347129506, -33.93674
69.69292389853138, -33.96604
69.93324432576769, -34.1467
70.173564753004, -34.22483
70.41388518024031, -34.36155
70.65420560747664, -34.38108
70.89452603471295, -34.38108
71.13484646194927, -34.55686
71.37516688918558, -34.62522
71.61548731642189, -34.79612
71.8558077436582, -34.87424
72.09612817089453, -35.02073
72.33644859813084, -35.1135
72.57676902536716, -35.24045
72.81708945260347, -35.4553
73.05740987983978, -35.57248
73.2977303070761, -35.57248
73.53805073431242, -35.68967
73.77837116154873, -35.7678
74.01869158878505, -35.92405
74.25901201602136, -36.051
74.49933244325767, -36.09006
74.73965287049398, -36.1926
74.97997329773031, -36.26096
75.22029372496662, -36.31467
75.46061415220294, -36.35373
75.70093457943925, -36.59788
75.94125500667556, -36.7053
76.18157543391187, -36.82248
76.4218958611482, -36.8762
76.66221628838451, -36.9885
76.90253671562083, -37.13498
77.14285714285714, -37.20334
77.38317757009345, -37.29123
77.62349799732978, -37.301
77.86381842456609, -37.38889
78.1041388518024, -37.52561
78.34445927903872, -37.59397
78.58477970627503, -37.78928
78.82510013351134, -37.9553
79.06542056074767, -38.1262
79.30574098798398, -38.16038
79.5460614152203, -38.29221
79.7863818424566, -38.41428
80.02670226969292, -38.66819
80.26702269692923, -38.70237
80.50734312416556, -38.84885
80.74766355140187, -38.91721
80.98798397863818, -39.0344
81.2283044058745, -39.16135
81.46862483311081, -39.25901
81.70894526034712, -39.47385
81.94926568758345, -39.52268
82.18958611481976, -39.53245
82.42990654205607, -39.65452
82.67022696929239, -39.84006
82.9105473965287, -40.01584
83.15086782376501, -40.04514
83.39118825100134, -40.24045
83.63150867823765, -40.32346
83.87182910547396, -40.426
84.11214953271028, -40.63108
84.35246995994659, -40.60178
84.5927903871829, -40.72385
84.83311081441923, -40.75803
85.07343124165554, -41.0217
85.31375166889185, -41.05588
85.55407209612817, -41.25608
85.79439252336448, -41.32932
86.0347129506008, -41.33909
86.27503337783712, -41.63694
86.51535380507343, -41.7053
86.75567423230974, -41.72483
86.99599465954606, -41.89084
87.23631508678237, -41.8762
87.4766355140187, -41.8469
87.71695594125501, -42.11545
87.95727636849132, -42.05198
88.19759679572763, -41.89573
88.43791722296395, -42.11545
88.67823765020026, -42.46702
88.91855807743659, -42.47678
89.1588785046729, -42.7551
89.39919893190921, -42.66721
89.63951935914552, -42.87717
89.87983978638184, -42.90647
90.12016021361815, -43.15061
90.36048064085448, -43.4094
90.60080106809079, -43.45823
90.8411214953271, -43.3508
91.08144192256341, -43.3801
91.32176234979973, -43.41428
91.56208277703604, -43.47288
91.80240320427237, -43.4094
92.04272363150868, -43.45334
92.28304405874499, -43.42893
92.5233644859813, -43.38498
92.76368491321762, -43.71702
93.00400534045394, -43.80491
93.24432576769026, -43.74631
93.48464619492657, -43.64866
93.72496662216288, -43.6926
93.9652870493992, -43.44846
94.2056074766355, -43.58518
94.44592790387183, -43.66819
94.68624833110815, -43.7219
94.92656875834446, -43.6633
95.16688918558077, -43.92209
95.40720961281708, -44.00022
95.6475300400534, -44.11741
95.88785046728972, -44.5178
96.12817089452604, -44.54709
96.36849132176235, -44.59104
96.60881174899866, -44.63498
96.84913217623497, -44.82541
97.08945260347129, -45.38694
97.32977303070761, -45.5676
97.57009345794393, -45.92893
97.81041388518024, -45.77756
98.05073431241655, -46.04123
98.29105473965286, -46.1633
98.53137516688918, -46.1633
98.7716955941255, -46.03147
99.01201602136182, -46.27561
99.25233644859813, -46.73459
99.49265687583444, -46.55393
99.73297730307075, -46.49534
99.97329773030708, -46.24631
100.2136181575434, -46.41233
100.4539385847797, -46.45627
100.69425901201602, -46.46116
100.93457943925233, -46.90549
101.17489986648864, -47.07639
101.41522029372497, -46.9592
101.65554072096128, -47.38401
101.8958611481976, -47.53049
102.13618157543391, -47.7844
102.37650200267022, -47.85276
102.61682242990653, -48.21897
102.85714285714286, -48.08225
103.09746328437917, -48.65842
103.33778371161549, -48.63889
103.5781041388518, -49.13694
103.81842456608811, -49.54221
104.05874499332442, -49.59592
104.29906542056075, -49.63498
104.53938584779706, -49.81077
104.77970627503338, -50.19163
105.02002670226969, -50.91916
105.260347129506, -51.52952
105.50066755674231, -51.75413
105.74098798397864, -51.49534
105.98130841121495, -52.00803
106.22162883845127, -51.58323
106.46194926568758, -52.36448
106.70226969292389, -52.05686
106.9425901201602, -51.79319
107.18291054739653, -51.11936
107.42323097463284, -51.07053
107.66355140186916, -51.90549
107.90387182910547, -52.12034
108.14419225634178, -52.00803
108.38451268357811, -52.17893
108.62483311081442, -52.99436
108.86515353805073, -53.48752
109.10547396528705, -53.08225
109.34579439252336, -53.95139
109.58611481975967, -53.90256
109.826435246996, -53.77561
110.06675567423231, -53.36545
110.30707610146862, -53.51194
110.54739652870494, -54.04905
110.78771695594125, -54.07834
111.02803738317756, -54.02463
111.26835781041389, -54.17112
111.5086782376502, -54.57639
111.74899866488651, -54.02952
111.98931909212283, -54.05393
112.22963951935914, -53.95139
112.46995994659545, -53.67307
112.71028037383178, -53.0969
112.95060080106809, -52.99924
113.1909212283044, -54.23459
113.43124165554072, -54.49338
113.67156208277703, -54.09299
113.91188251001334, -53.95627
114.15220293724967, -53.41428
114.39252336448598, -52.73557
114.6328437917223, -52.7844
114.8731642189586, -53.42405
115.11348464619492, -53.33616
115.35380507343123, -53.7219
115.59412550066756, -53.85373
115.83444592790387, -53.50705
116.07476635514018, -53.14084
116.3150867823765, -52.89182
116.55540720961281, -52.76487
116.79572763684914, -52.69163
117.03604806408545, -52.5012
117.27636849132176, -52.33518
117.51668891855807, -53.61448
117.75700934579439, -53.70725
117.9973297730307, -53.33127
118.23765020026703, -53.16038
118.47797062750334, -53.44358
118.71829105473965, -53.57541
118.95861148197596, -53.55588
119.19893190921228, -53.54612
119.43925233644859, -53.91721
119.67957276368492, -54.47385
119.91989319092123, -54.0637
120.16021361815754, -54.62522
120.40053404539385, -54.72776
120.64085447263017, -55.54807
120.88117489986648, -55.55295
121.1214953271028, -55.46018
121.36181575433912, -56.35862
121.60213618157543, -56.39768
121.84245660881174, -57.1008
122.08277703604806, -57.45725
122.32309746328437, -56.38791
122.5634178905207, -56.76389
122.80373831775701, -56.85666
123.04405874499332, -56.61741
123.28437917222963, -56.0803
123.52469959946595, -55.21604
123.76502002670227, -55.30881
124.00534045393859, -55.62131
124.2456608811749, -54.68381
124.48598130841121, -55.1428
124.72630173564752, -55.49436
124.96662216288384, -55.50413
125.20694259012016, -55.9387
125.44726301735648, -56.50998
125.68758344459279, -55.75803
125.9279038718291, -55.4553
126.16822429906541, -55.66526
126.40854472630173, -57.08616
126.64886515353805, -58.00901
126.88918558077437, -57.4133
127.12950600801068, -57.88694
127.36982643524699, -56.97873
127.6101468624833, -56.46116
127.85046728971962, -56.29514
128.09078771695593, -56.72971
128.33110814419226, -55.20627
128.57142857142856, -55.41623
128.81174899866488, -55.55784
129.0520694259012, -56.60764
129.2923898531375, -56.84202
129.53271028037383, -56.17795
129.77303070761013, -56.54905
130.01335113484646, -56.11936
130.2536715620828, -57.49631
130.49399198931908, -58.11643
130.7343124165554, -58.6926
130.9746328437917, -59.98655
131.21495327102804, -59.4592
131.45527369826436, -60.58713
131.69559412550066, -60.40159
131.935914552737, -61.5344
132.1762349799733, -62.37913
132.41655540720961, -63.36057
132.6568758344459, -64.21995
132.89719626168224, -62.7844
133.13751668891857, -63.69748
133.37783711615486, -65.77756
133.6181575433912, -66.44163
133.8584779706275, -66.93479
134.09879839786382, -66.3928
134.33911882510014, -70.34299
134.57943925233644, -71.54416
134.81975967957277, -72.73557
135.06008010680907, -68.90745
135.3004005340454, -69.61545
135.5407209612817, -71.27073
135.78104138851802, -69.98655
136.02136181575435, -68.2092
136.26168224299064, -68.5803
136.50200267022697, -69.58616
136.74232309746327, -69.35666
136.9826435246996, -69.70334
137.22296395193592, -67.09104
137.46328437917222, -64.26389
137.70360480640855, -65.85569
137.94392523364485, -66.13889
138.18424566088117, -65.89963
138.4245660881175, -65.77268
138.6648865153538, -63.43381
138.90520694259013, -63.35569
139.14552736982643, -63.87815
139.38584779706275, -63.86838
139.62616822429905, -65.83616
139.86648865153538, -65.71897
140.1068090787717, -67.30588
140.347129506008, -63.72678
140.58744993324433, -60.80198
140.82777036048063, -62.97971
141.06809078771695, -63.59983
141.30841121495328, -65.92405
141.54873164218958, -64.56174
141.7890520694259, -64.10764
142.0293724966622, -62.60373
142.26969292389853, -63.04807
142.51001335113483, -62.29612
142.75033377837116, -62.02268
142.99065420560748, -62.91135
143.23097463284378, -62.97483
143.4712950600801, -62.301
143.7116154873164, -63.20432
143.95193591455273, -61.46604
144.19225634178906, -61.11448
144.43257676902536, -59.29319
144.6728971962617, -59.42991
144.91321762349799, -59.21995
145.1535380507343, -59.95237
145.3938584779706, -61.07541
145.63417890520694, -61.32444
145.87449933244326, -60.47483
146.11481975967956, -61.63694
146.3551401869159, -61.09983
146.5954606141522, -60.98264
146.83578104138851, -62.81858
147.07610146862484, -59.66916
147.31642189586114, -59.44455
147.55674232309747, -58.57053
147.79706275033377, -60.46018
148.0373831775701, -58.71702
148.27770360480642, -59.91819
148.51802403204272, -59.96702
148.75834445927904, -59.30295
148.99866488651534, -60.65549
149.23898531375167, -60.20139
149.47930574098797, -56.71018
149.7196261682243, -57.65256
149.95994659546062, -57.8967
150.20026702269692, -60.05002
150.44058744993325, -59.32248
150.68090787716955, -60.10862
150.92122830440587, -59.38108
151.1615487316422, -59.81077
151.4018691588785, -58.93674
151.64218958611482, -59.11741
151.88251001335112, -57.8967
152.12283044058745, -58.53147
152.36315086782375, -59.30784
152.60347129506007, -59.21995
152.8437917222964, -60.02561
153.0841121495327, -60.35276
153.32443257676903, -59.84006
153.56475300400533, -58.74143
153.80507343124165, -57.6428
154.04539385847798, -59.52268
154.28571428571428, -59.30784
154.5260347129506, -59.05881
154.7663551401869, -59.92795
155.00667556742323, -58.74631
155.24699599465956, -57.68674
155.48731642189586, -58.05295
155.72763684913218, -58.62424
155.96795727636848, -58.67307
156.2082777036048, -59.27366
156.4485981308411, -58.81955
156.68891855807743, -59.2883
156.92923898531376, -58.84397
157.16955941255006, -59.44944
157.40987983978638, -58.73655
157.65020026702268, -58.21897
157.890520694259, -58.57053
158.13084112149534, -58.22385
158.37116154873164, -58.45334
158.61148197596796, -58.68772
158.85180240320426, -58.54612
159.0921228304406, -58.94163
159.33244325767689, -59.0051
159.5727636849132, -58.09202
159.81308411214954, -57.4133
160.05340453938584, -56.83225
160.29372496662216, -57.78928
160.53404539385846, -57.78928
160.7743658210948, -57.71116
161.01468624833112, -57.71116
161.25500667556742, -57.90647
161.49532710280374, -60.66038
161.73564753004004, -61.35373
161.97596795727637, -61.89084
162.2162883845127, -61.76877
162.456608811749, -62.00315
162.69692923898532, -61.97385
162.93724966622162, -77.84872
163.17757009345794, -77.78972
163.41789052069424, -77.73234
163.65821094793057, -77.67658
163.8985313751669, -77.62245
164.1388518024032, -77.56995
164.37917222963952, -77.51906
164.61949265687582, -77.46981
164.85981308411215, -77.42218
165.10013351134847, -77.37617
165.34045393858477, -77.33179
165.5807743658211, -77.28904
165.8210947930574, -77.24791
166.06141522029372, -77.2084
166.30173564753002, -77.17052
166.54205607476635, -77.13426
166.78237650200268, -77.09963
167.02269692923898, -77.06663
167.2630173564753, -77.04054
167.5033377837116, -77.01636
167.74365821094793, -76.9941
167.98397863818425, -76.97375
168.22429906542055, -76.9553
168.46461949265688, -76.93877
168.70493991989318, -76.92415
168.9452603471295, -76.91145
169.1855807743658, -76.90065
169.42590120160213, -76.89176
169.66622162883846, -76.88479
169.90654205607476, -76.87972
170.14686248331108, -76.87657
170.38718291054738, -76.87533
170.6275033377837, -76.876
170.86782376502003, -76.87858
171.10814419225633, -76.88307
171.34846461949266, -76.88947
171.58878504672896, -76.89779
171.82910547396529, -76.90801
172.0694259012016, -76.92015
172.3097463284379, -76.9342
172.55006675567424, -76.95016
172.79038718291054, -76.96803
173.03070761014686, -76.98781
173.27102803738316, -77.0095
173.5113484646195, -77.0331
173.75166889185581, -77.05861
173.9919893190921, -77.08604
174.23230974632844, -77.11538
174.47263017356474, -77.14662
174.71295060080107, -77.17978
174.9532710280374, -77.21485
175.1935914552737, -77.25183
175.43391188251002, -77.29072
175.67423230974632, -77.33153
175.91455273698264, -77.37424
176.15487316421894, -77.38981
176.39519359145527, -77.40575
176.6355140186916, -77.42208
176.8758344459279, -77.43879
177.11615487316422, -77.45588
177.35647530040052, -77.47336
177.59679572763685, -77.49121
177.83711615487317, -77.50945
178.07743658210947, -77.52807
178.3177570093458, -77.54707
178.5580774365821, -77.56645
178.79839786381842, -77.58621
179.03871829105475, -77.60636
179.27903871829105, -77.62688
179.51935914552737, -77.64779
179.75967957276367, -77.66908
180.0, -77.69075
