% Measurement ID: 3001
% Mode ID: 1
% Date and time: 2020-02-28 12:03:30
% Sample ID: TOT30-66
% Measurement type: ringdown
% Frequency [Hz]: 180057.0
% Quality factor: 37974126.554793134
% Temperature [K]: 293.0
% Pressure [mBar]: 5.12e-08
% Notes: 
% 
%
% measurement data
% time [s], power [dBm]
0.0, 10.45291
0.24032042723631508, 10.44314
0.48064085447263016, 10.42361
0.7209612817089452, 10.41384
0.9612817089452603, 10.40408
1.2016021361815754, 10.38943
1.4419225634178905, 10.37478
1.6822429906542056, 10.35525
1.9225634178905207, 10.3406
2.162883845126836, 10.32595
2.403204272363151, 10.32595
2.6435246995994657, 10.30642
2.883845126835781, 10.28689
3.1241655540720963, 10.26736
3.364485981308411, 10.25759
3.604806408544726, 10.23806
3.8451268357810413, 10.2283
4.085447263017357, 10.20877
4.325767690253672, 10.18923
4.566088117489986, 10.1697
4.806408544726302, 10.15994
5.046728971962617, 10.15017
5.287049399198931, 10.13064
5.527369826435247, 10.11111
5.767690253671562, 10.09158
6.008010680907877, 10.08181
6.248331108144193, 10.07205
6.488651535380507, 10.05252
6.728971962616822, 10.03298
6.969292389853138, 10.00369
7.209612817089452, 9.984156
7.449933244325767, 9.979273
7.690253671562083, 9.954859
7.930574098798398, 9.935328
8.170894526034713, 9.915797
8.411214953271028, 9.896266
8.651535380507344, 9.8865
8.891855807743658, 9.866969
9.132176234979973, 9.847437
9.372496662216289, 9.823023
9.612817089452603, 9.808375
9.853137516688918, 9.798609
10.093457943925234, 9.779078
10.333778371161548, 9.749781
10.574098798397863, 9.73025
10.814419225634179, 9.715602
11.054739652870493, 9.710719
11.29506008010681, 9.681422
11.535380507343124, 9.661891
11.775700934579438, 9.642359
12.016021361815755, 9.632594
12.256341789052069, 9.613062
12.496662216288385, 9.583766
12.7369826435247, 9.554469
12.977303070761014, 9.544703
13.21762349799733, 9.530055
13.457943925233645, 9.505641
13.698264352469959, 9.481227
13.938584779706275, 9.456812
14.17890520694259, 9.447047
14.419225634178904, 9.427516
14.65954606141522, 9.398219
14.899866488651535, 9.378687
15.14018691588785, 9.359156
15.380507343124165, 9.349391
15.62082777036048, 9.329859
15.861148197596796, 9.300562
16.10146862483311, 9.271266
16.341789052069426, 9.251734
16.58210947930574, 9.241969
16.822429906542055, 9.212672
17.06275033377837, 9.183375
17.303070761014688, 9.163844
17.543391188251, 9.154078
17.783711615487316, 9.124781
18.024032042723633, 9.10525
18.264352469959945, 9.07107
18.50467289719626, 9.061305
18.744993324432578, 9.046656
18.98531375166889, 9.017359
19.225634178905207, 8.988062
19.465954606141523, 8.958766
19.706275033377835, 8.949
19.94659546061415, 8.929469
20.186915887850468, 8.900172
20.42723631508678, 8.870875
20.667556742323097, 8.861109
20.907877169559413, 8.846461
21.148197596795725, 8.817164
21.38851802403204, 8.782984
21.628838451268358, 8.753687
21.869158878504674, 8.743922
22.109479305740987, 8.724391
22.349799732977303, 8.695094
22.59012016021362, 8.665797
22.83044058744993, 8.656031
23.070761014686248, 8.6365
23.311081441922564, 8.616969
23.551401869158877, 8.587672
23.791722296395193, 8.558375
24.03204272363151, 8.543727
24.27236315086782, 8.519312
24.512683578104138, 8.490016
24.753004005340454, 8.460719
24.99332443257677, 8.436305
25.233644859813083, 8.431422
25.4739652870494, 8.402125
25.714285714285715, 8.372828
25.954606141522028, 8.343531
26.194926568758344, 8.328883
26.43524699599466, 8.309352
26.675567423230973, 8.275172
26.91588785046729, 8.245875
27.156208277703605, 8.216578
27.396528704939918, 8.206812
27.636849132176234, 8.187281
27.87716955941255, 8.157984
28.117489986648863, 8.128687
28.35781041388518, 8.109156
28.598130841121495, 8.089625
28.838451268357808, 8.070094
29.078771695594124, 8.040797
29.31909212283044, 8.0115
29.559412550066757, 7.987086
29.79973297730307, 7.972437
30.040053404539385, 7.943141
30.2803738317757, 7.913844
30.520694259012014, 7.874781
30.76101468624833, 7.85525
31.001335113484647, 7.845484
31.24165554072096, 7.791773
31.481975967957275, 7.679469
31.72229639519359, 7.630641
31.962616822429904, 7.591578
32.20293724966622, 7.567164
32.44325767690253, 7.57693
32.68357810413885, 7.54275
32.923898531375166, 7.513453
33.16421895861148, 7.459742
33.4045393858478, 7.391383
33.64485981308411, 7.406031
33.88518024032042, 7.440211
34.12550066755674, 7.449977
34.365821094793056, 7.401148
34.606141522029375, 7.342555
34.84646194926569, 7.347437
35.086782376502, 7.337672
35.32710280373832, 7.308375
35.56742323097463, 7.259547
35.807743658210946, 7.225367
36.048064085447265, 7.19607
36.28838451268358, 7.176539
36.52870493991989, 7.142359
36.76902536715621, 7.10818
37.00934579439252, 7.10818
37.249666221628836, 7.078883
37.489986648865155, 7.074
37.73030707610147, 7.074
37.97062750333778, 7.030055
38.2109479305741, 6.95193
38.45126835781041, 6.961695
38.691588785046726, 6.961695
38.931909212283045, 6.893336
39.17222963951936, 6.88357
39.41255006675567, 6.888453
39.65287049399199, 6.898219
39.8931909212283, 6.888453
40.133511348464616, 6.815211
40.373831775700936, 6.810328
40.61415220293725, 6.790797
40.85447263017356, 6.751734
41.09479305740988, 6.741969
41.33511348464619, 6.702906
41.575433911882506, 6.693141
41.815754339118826, 6.663844
42.05607476635514, 6.634547
42.29639519359145, 6.615016
42.53671562082777, 6.60525
42.77703604806408, 6.566187
43.0173564753004, 6.541773
43.257676902536716, 6.507594
43.49799732977303, 6.478297
43.73831775700935, 6.449
43.97863818424566, 6.439234
44.21895861148197, 6.409937
44.45927903871829, 6.385523
44.699599465954606, 6.351344
44.93991989319092, 6.312281
45.18024032042724, 6.29275
45.42056074766355, 6.273219
45.66088117489986, 6.243922
45.90120160213618, 6.224391
46.141522029372496, 6.185328
46.38184245660881, 6.156031
46.62216288384513, 6.126734
46.86248331108144, 6.097437
47.10280373831775, 6.077906
47.34312416555407, 6.058375
47.583444592790386, 6.029078
47.8237650200267, 5.990016
48.06408544726302, 5.960719
48.30440587449933, 5.931422
48.54472630173564, 5.902125
48.78504672897196, 5.882594
49.025367156208276, 5.863062
49.26568758344459, 5.833766
49.50600801068091, 5.799586
49.74632843791722, 5.765406
49.98664886515354, 5.736109
50.22696929238985, 5.711695
50.467289719626166, 5.687281
50.707610146862486, 5.657984
50.9479305740988, 5.638453
51.18825100133511, 5.609156
51.42857142857143, 5.579859
51.66889185580774, 5.550562
51.909212283044056, 5.521266
52.149532710280376, 5.491969
52.38985313751669, 5.462672
52.630173564753, 5.438258
52.87049399198932, 5.413844
53.11081441922563, 5.38943
53.351134846461946, 5.365016
53.591455273698266, 5.325953
53.83177570093458, 5.296656
54.07209612817089, 5.267359
54.31241655540721, 5.238062
54.55273698264352, 5.208766
54.793057409879836, 5.179469
55.033377837116156, 5.159937
55.27369826435247, 5.130641
55.51401869158878, 5.111109
55.7543391188251, 5.081812
55.99465954606141, 5.04275
56.234979973297726, 5.013453
56.475300400534046, 4.984156
56.71562082777036, 4.949977
56.95594125500667, 4.915797
57.19626168224299, 4.8865
57.4365821094793, 4.866969
57.676902536715616, 4.85232
57.917222963951936, 4.823023
58.15754339118825, 4.798609
58.39786381842457, 4.759547
58.63818424566088, 4.73025
58.87850467289719, 4.700953
59.11882510013351, 4.666773
59.359145527369826, 4.632594
59.59946595460614, 4.603297
59.83978638184246, 4.574
60.08010680907877, 4.554469
60.32042723631508, 4.525172
60.5607476635514, 4.505641
60.801068090787716, 4.476344
61.04138851802403, 4.447047
61.28170894526035, 4.41775
61.52202937249666, 4.388453
61.762349799732974, 4.359156
62.00267022696929, 4.329859
62.242990654205606, 4.300562
62.48331108144192, 4.271266
62.72363150867824, 4.232203
62.96395193591455, 4.202906
63.204272363150864, 4.173609
63.44459279038718, 4.144312
63.684913217623496, 4.115016
63.92523364485981, 4.085719
64.16555407209613, 4.061305
64.40587449933244, 4.036891
64.64619492656875, 4.007594
64.88651535380507, 3.978297
65.1268357810414, 3.953883
65.3671562082777, 3.929469
65.60747663551402, 3.900172
65.84779706275033, 3.870875
66.08811748998664, 3.836695
66.32843791722296, 3.812281
66.56875834445928, 3.778102
66.8090787716956, 3.753687
67.04939919893191, 3.714625
67.28971962616822, 3.685328
67.53004005340453, 3.656031
67.77036048064085, 3.626734
68.01068090787717, 3.597437
68.25100133511349, 3.568141
68.4913217623498, 3.538844
68.73164218958611, 3.509547
68.97196261682242, 3.470484
69.21228304405875, 3.441187
69.45260347129506, 3.416773
69.69292389853138, 3.392359
69.93324432576769, 3.353297
70.173564753004, 3.324
70.41388518024031, 3.284937
70.65420560747664, 3.236109
70.89452603471295, 3.187281
71.13484646194927, 3.172633
71.37516688918558, 3.148219
71.61548731642189, 3.128687
71.8558077436582, 3.099391
72.09612817089453, 3.079859
72.33644859813084, 3.050562
72.57676902536716, 3.021266
72.81708945260347, 2.991969
73.05740987983978, 2.952906
73.2977303070761, 2.913844
73.53805073431242, 2.899195
73.77837116154873, 2.865016
74.01869158878505, 2.845484
74.25901201602136, 2.762477
74.49933244325767, 2.767359
74.73965287049398, 2.757594
74.97997329773031, 2.645289
75.22029372496662, 2.615992
75.46061415220294, 2.625758
75.70093457943925, 2.591578
75.94125500667556, 2.547633
76.18157543391187, 2.498805
76.4218958611482, 2.464625
76.66221628838451, 2.440211
76.90253671562083, 2.415797
77.14285714285714, 2.415797
77.38317757009345, 2.376734
77.62349799732978, 2.376734
77.86381842456609, 2.332789
78.1041388518024, 2.337672
78.34445927903872, 2.244898
78.58477970627503, 2.210719
78.82510013351134, 2.157008
79.06542056074767, 2.176539
79.30574098798398, 2.152125
79.5460614152203, 2.10818
79.7863818424566, 2.044703
80.02670226969292, 2.010523
80.26702269692923, 1.990992
80.50734312416556, 1.961695
80.74766355140187, 1.947047
80.98798397863818, 1.947047
81.2283044058745, 1.927516
81.46862483311081, 1.888453
81.70894526034712, 1.849391
81.94926568758345, 1.844508
82.18958611481976, 1.766383
82.42990654205607, 1.737086
82.67022696929239, 1.722437
82.9105473965287, 1.678492
83.15086782376501, 1.658961
83.39118825100134, 1.654078
83.63150867823765, 1.634547
83.87182910547396, 1.590602
84.11214953271028, 1.566187
84.35246995994659, 1.566187
84.5927903871829, 1.522242
84.83311081441923, 1.444117
85.07343124165554, 1.424586
85.31375166889185, 1.429469
85.55407209612817, 1.346461
85.79439252336448, 1.287867
86.0347129506008, 1.253687
86.27503337783712, 1.229273
86.51535380507343, 1.185328
86.75567423230974, 1.10232
86.99599465954606, 1.116969
87.23631508678237, 1.082789
87.4766355140187, 1.058375
87.71695594125501, 0.9997812
87.95727636849132, 0.9704844
88.19759679572763, 0.9900156
88.43791722296395, 0.9265391
88.67823765020026, 0.8972422
88.91855807743659, 0.8923594
89.1588785046729, 0.8484141
89.39919893190921, 0.8288828
89.63951935914552, 0.8288828
89.87983978638184, 0.7947031
90.12016021361815, 0.7312266
90.36048064085448, 0.7068125
90.60080106809079, 0.6384531
90.8411214953271, 0.6286875
91.08144192256341, 0.6091562
91.32176234979973, 0.5554453
91.56208277703604, 0.5505625
91.80240320427237, 0.4529062
92.04272363150868, 0.4626719
92.28304405874499, 0.4187266
92.5233644859813, 0.4138437
92.76368491321762, 0.35525
93.00400534045394, 0.3454844
93.24432576769026, 0.3406016
93.48464619492657, 0.3210703
93.72496662216288, 0.2868906
93.9652870493992, 0.2575937
94.2056074766355, 0.2282969
94.44592790387183, 0.2331797
94.68624833110815, 0.2282969
94.92656875834446, 0.1843516
95.16688918558077, 0.1111094
95.40720961281708, 0.06716406
95.6475300400534, 0.09157812
95.88785046728972, 0.01345312
96.12817089452604, 0.03298437
96.36849132176235, 0.02321875
96.60881174899866, -0.01584375
96.84913217623497, -0.05002344
97.08945260347129, -0.0744375
97.32977303070761, -0.1037344
97.57009345794393, -0.1232656
97.81041388518024, -0.1525625
98.05073431241655, -0.1769766
98.29105473965286, -0.2306875
98.53137516688918, -0.2551016
98.7716955941255, -0.26975
99.01201602136182, -0.2990469
99.25233644859813, -0.3283438
99.49265687583444, -0.3722891
99.73297730307075, -0.426
99.97329773030708, -0.5236563
100.2136181575434, -0.5334219
100.4539385847797, -0.5529531
100.69425901201602, -0.6261953
100.93457943925233, -0.7433828
101.17489986648864, -0.8019766
101.41522029372497, -0.8752188
101.65554072096128, -0.9826406
101.8958611481976, -0.9289297
102.13618157543391, -1.114477
102.37650200267022, -1.124242
102.61682242990653, -1.153539
102.85714285714286, -1.119359
103.09746328437917, -1.119359
103.33778371161549, -1.124242
103.5781041388518, -1.24143
103.81842456608811, -1.134008
104.05874499332442, -1.192602
104.29906542056075, -1.212133
104.53938584779706, -1.275609
104.77970627503338, -1.246313
105.02002670226969, -1.260961
105.260347129506, -1.275609
105.50066755674231, -1.348852
105.74098798397864, -1.334203
105.98130841121495, -1.319555
106.22162883845127, -1.339086
106.46194926568758, -1.3635
106.70226969292389, -1.383031
106.9425901201602, -1.387914
107.18291054739653, -1.500219
107.42323097463284, -1.514867
107.66355140186916, -1.563695
107.90387182910547, -1.612523
108.14419225634178, -1.592992
108.38451268357811, -1.64182
108.62483311081442, -1.729711
108.86515353805073, -1.715063
109.10547396528705, -1.739477
109.34579439252336, -1.768773
109.58611481975967, -1.817602
109.826435246996, -1.842016
110.06675567423231, -1.837133
110.30707610146862, -1.929906
110.54739652870494, -1.934789
110.78771695594125, -1.920141
111.02803738317756, -1.934789
111.26835781041389, -1.978734
111.5086782376502, -1.998266
111.74899866488651, -2.056859
111.98931909212283, -2.032445
112.22963951935914, -2.081273
112.46995994659545, -2.154516
112.71028037383178, -2.227758
112.95060080106809, -2.247289
113.1909212283044, -2.247289
113.43124165554072, -2.286352
113.67156208277703, -2.325414
113.91188251001334, -2.408422
114.15220293724967, -2.427953
114.39252336448598, -2.515844
114.6328437917223, -2.496313
114.8731642189586, -2.471898
115.11348464619492, -2.515844
115.35380507343123, -2.520727
115.59412550066756, -2.554906
115.83444592790387, -2.57932
116.07476635514018, -2.608617
116.3150867823765, -2.730688
116.55540720961281, -2.73557
116.79572763684914, -2.73557
117.03604806408545, -2.847875
117.27636849132176, -2.901586
117.51668891855807, -2.842992
117.75700934579439, -2.852758
117.9973297730307, -2.945531
118.23765020026703, -2.926
118.47797062750334, -3.004125
118.71829105473965, -3.023656
118.95861148197596, -3.004125
119.19893190921228, -3.033422
119.43925233644859, -3.072484
119.67957276368492, -3.08225
119.91989319092123, -3.096898
120.16021361815754, -3.092016
120.40053404539385, -3.165258
120.64085447263017, -3.209203
120.88117489986648, -3.170141
121.1214953271028, -3.20432
121.36181575433912, -3.27268
121.60213618157543, -3.336156
121.84245660881174, -3.316625
122.08277703604806, -3.326391
122.32309746328437, -3.345922
122.5634178905207, -3.384984
122.80373831775701, -3.414281
123.04405874499332, -3.433813
123.28437917222963, -3.463109
123.52469959946595, -3.521703
123.76502002670227, -3.551
124.00534045393859, -3.551
124.2456608811749, -3.599828
124.48598130841121, -3.629125
124.72630173564752, -3.648656
124.96662216288384, -3.697484
125.20694259012016, -3.70725
125.44726301735648, -3.746313
125.68758344459279, -3.785375
125.9279038718291, -3.804906
126.16822429906541, -3.843969
126.40854472630173, -3.873266
126.64886515353805, -3.89768
126.88918558077437, -3.941625
127.12950600801068, -3.961156
127.36982643524699, -3.990453
127.6101468624833, -4.029516
127.85046728971962, -4.058813
128.09078771695593, -4.092992
128.33110814419226, -4.127172
128.57142857142856, -4.146703
128.81174899866488, -4.195531
129.0520694259012, -4.205297
129.2923898531375, -4.234594
129.53271028037383, -4.263891
129.77303070761013, -4.293188
130.01335113484646, -4.342016
130.2536715620828, -4.361547
130.49399198931908, -4.400609
130.7343124165554, -4.429906
130.9746328437917, -4.449438
131.21495327102804, -4.4885
131.45527369826436, -4.517797
131.69559412550066, -4.542211
131.935914552737, -4.581273
132.1762349799733, -4.605688
132.41655540720961, -4.64475
132.6568758344459, -4.664281
132.89719626168224, -4.708227
133.13751668891857, -4.742406
133.37783711615486, -4.757055
133.6181575433912, -4.820531
133.8584779706275, -4.830297
134.09879839786382, -4.869359
134.33911882510014, -4.898656
134.57943925233644, -4.927953
134.81975967957277, -4.99143
135.06008010680907, -5.025609
135.3004005340454, -5.084203
135.5407209612817, -5.137914
135.78104138851802, -5.162328
136.02136181575435, -5.181859
136.26168224299064, -5.216039
136.50200267022697, -5.299047
136.74232309746327, -5.318578
136.9826435246996, -5.347875
137.22296395193592, -5.416234
137.46328437917222, -5.479711
137.70360480640855, -5.518773
137.94392523364485, -5.538305
138.18424566088117, -5.626195
138.4245660881175, -5.670141
138.6648865153538, -5.675023
138.90520694259013, -5.675023
139.14552736982643, -5.777563
139.38584779706275, -5.767797
139.62616822429905, -5.880102
139.86648865153538, -5.875219
140.1068090787717, -5.972875
140.347129506008, -5.933813
140.58744993324433, -5.919164
140.82777036048063, -5.967992
141.06809078771695, -6.046117
141.30841121495328, -6.065648
141.54873164218958, -6.041234
141.7890520694259, -6.090063
142.0293724966622, -6.060766
142.26969292389853, -6.055883
142.51001335113483, -6.134008
142.75033377837116, -6.08518
142.99065420560748, -6.08518
143.23097463284378, -6.114477
143.4712950600801, -6.138891
143.7116154873164, -6.158422
143.95193591455273, -6.17307
144.19225634178906, -6.20725
144.43257676902536, -6.236547
144.6728971962617, -6.285375
144.91321762349799, -6.295141
145.1535380507343, -6.343969
145.3938584779706, -6.373266
145.63417890520694, -6.402563
145.87449933244326, -6.422094
146.11481975967956, -6.470922
146.3551401869159, -6.500219
146.5954606141522, -6.539281
146.83578104138851, -6.578344
147.07610146862484, -6.597875
147.31642189586114, -6.636938
147.55674232309747, -6.666234
147.79706275033377, -6.695531
148.0373831775701, -6.719945
148.27770360480642, -6.768773
148.51802403204272, -6.793188
148.75834445927904, -6.842016
148.99866488651534, -6.851781
149.23898531375167, -6.890844
149.47930574098797, -6.910375
149.7196261682243, -6.959203
149.95994659546062, -6.9885
150.20026702269692, -7.027563
150.44058744993325, -7.042211
150.68090787716955, -7.076391
150.92122830440587, -7.115453
151.1615487316422, -7.139867
151.4018691588785, -7.169164
151.64218958611482, -7.203344
151.88251001335112, -7.247289
152.12283044058745, -7.261938
152.36315086782375, -7.301
152.60347129506007, -7.320531
152.8437917222964, -7.369359
153.0841121495327, -7.398656
153.32443257676903, -7.432836
153.56475300400533, -7.447484
153.80507343124165, -7.486547
154.04539385847798, -7.525609
154.28571428571428, -7.545141
154.5260347129506, -7.593969
154.7663551401869, -7.603734
155.00667556742323, -7.652563
155.24699599465956, -7.672094
155.48731642189586, -7.716039
155.72763684913218, -7.740453
155.96795727636848, -7.76975
156.2082777036048, -7.808813
156.4485981308411, -7.828344
156.68891855807743, -7.877172
156.92923898531376, -7.896703
157.16955941255006, -7.935766
157.40987983978638, -7.965063
157.65020026702268, -8.004125
157.890520694259, -8.033422
158.13084112149534, -8.052953
158.37116154873164, -8.087133
158.61148197596796, -8.121313
158.85180240320426, -8.140844
159.0921228304406, -8.179906
159.33244325767689, -8.199438
159.5727636849132, -8.2385
159.81308411214954, -8.267797
160.05340453938584, -8.297094
160.29372496662216, -8.336156
160.53404539385846, -8.365453
160.7743658210948, -8.409398
161.01468624833112, -8.433813
161.25500667556742, -8.453344
161.49532710280374, -8.511938
161.73564753004004, -8.531469
161.97596795727637, -8.565648
162.2162883845127, -8.599828
162.456608811749, -8.629125
162.69692923898532, -8.658422
162.93724966622162, -8.687719
163.17757009345794, -8.726781
163.41789052069424, -8.756078
163.65821094793057, -8.795141
163.8985313751669, -8.824438
164.1388518024032, -8.843969
164.37917222963952, -8.892797
164.61949265687582, -8.922094
164.85981308411215, -8.951391
165.10013351134847, -8.990453
165.34045393858477, -9.014867
165.5807743658211, -9.039281
165.8210947930574, -9.083227
166.06141522029372, -9.107641
166.30173564753002, -9.136938
166.54205607476635, -9.176
166.78237650200268, -9.195531
167.02269692923898, -9.215063
167.2630173564753, -9.273656
167.5033377837116, -9.273656
167.74365821094793, -9.322484
167.98397863818425, -9.361547
168.22429906542055, -9.381078
168.46461949265688, -9.420141
168.70493991989318, -9.45432
168.9452603471295, -9.483617
169.1855807743658, -9.517797
169.42590120160213, -9.556859
169.66622162883846, -9.576391
169.90654205607476, -9.615453
170.14686248331108, -9.639867
170.38718291054738, -9.664281
170.6275033377837, -9.703344
170.86782376502003, -9.732641
171.10814419225633, -9.757055
171.34846461949266, -9.801
171.58878504672896, -9.830297
171.82910547396529, -9.854711
172.0694259012016, -9.893773
172.3097463284379, -9.927953
172.55006675567424, -9.95725
172.79038718291054, -10.0012
173.03070761014686, -10.04514
173.27102803738316, -10.06467
173.5113484646195, -10.10373
173.75166889185581, -10.13791
173.9919893190921, -10.16233
174.23230974632844, -10.20627
174.47263017356474, -10.24045
174.71295060080107, -10.2551
174.9532710280374, -10.28928
175.1935914552737, -10.32834
175.43391188251002, -10.35764
175.67423230974632, -10.37717
175.91455273698264, -10.40647
176.15487316421894, -10.43577
176.39519359145527, -10.46506
176.6355140186916, -10.50901
176.8758344459279, -10.54319
177.11615487316422, -10.56272
177.35647530040052, -10.60178
177.59679572763685, -10.64084
177.83711615487317, -10.65549
178.07743658210947, -10.68967
178.3177570093458, -10.72873
178.5580774365821, -10.7678
178.79839786381842, -10.77756
179.03871829105475, -10.83616
179.27903871829105, -10.85569
179.51935914552737, -10.8801
179.75967957276367, -10.91428
180.0, -10.95334
