% Measurement ID: 3433
% Mode ID: 1
% Date and time: 2020-02-04 10:20:46
% Sample ID: PSE2-76-43
% Measurement type: ringdown
% Frequency [Hz]: 9521.5
% Quality factor: 3290.1667091294967
% Temperature [K]: 293.0
% Pressure [mBar]: 3.96e-08
% Notes: 
% 
%
% measurement data
% time [s], power [dBm]
0.0, 7.640575
0.005407209612817089, 7.635692
0.010814419225634178, 7.625927
0.01622162883845127, 7.635692
0.021628838451268357, 7.704052
0.027036048064085445, 7.767528
0.03244325767690254, 7.787059
0.03785046728971962, 7.796825
0.043257676902536714, 7.787059
0.048664886515353806, 7.728466
0.05407209612817089, 7.621044
0.05947930574098798, 7.513622
0.06488651535380507, 7.411083
0.07029372496662216, 7.391552
0.07570093457943924, 7.362255
0.08110814419225634, 7.386669
0.08651535380507343, 7.4062
0.09192256341789051, 7.4062
0.09732977303070761, 7.401317
0.1027369826435247, 7.44038
0.10814419225634178, 7.547802
0.11355140186915888, 7.621044
0.11895861148197596, 7.660106
0.12436582109479305, 7.689403
0.12977303070761015, 7.699169
0.13518024032042722, 7.694286
0.14058744993324432, 7.640575
0.14599465954606142, 7.591747
0.1514018691588785, 7.586864
0.1568090787716956, 7.552684
0.16221628838451269, 7.547802
0.16762349799732976, 7.489208
0.17303070761014686, 7.401317
0.17843791722296395, 7.352489
0.18384512683578103, 7.303661
0.18925233644859812, 7.323192
0.19465954606141522, 7.337841
0.2000667556742323, 7.347606
0.2054739652870494, 7.347606
0.2108811748998665, 7.376903
0.21628838451268356, 7.411083
0.22169559412550066, 7.474559
0.22710280373831776, 7.581981
0.23251001335113483, 7.679637
0.23791722296395193, 7.762645
0.24332443257676903, 7.826122
0.2487316421895861, 7.865184
0.2541388518024032, 7.894481
0.2595460614152203, 7.904247
0.2649532710280374, 7.918895
0.27036048064085444, 7.962841
0.27576769025367154, 7.962841
0.28117489986648864, 7.943309
0.28658210947930574, 7.904247
0.29198931909212283, 7.835887
0.29739652870493993, 7.777294
0.302803738317757, 7.694286
0.3082109479305741, 7.630809
0.3136181575433912, 7.679637
0.3190253671562083, 7.7187
0.32443257676902537, 7.757762
0.32983978638184247, 7.777294
0.3352469959946595, 7.796825
0.3406542056074766, 7.831005
0.3460614152202937, 7.865184
0.3514686248331108, 7.928661
0.3568758344459279, 7.972606
0.36228304405874495, 7.992137
0.36769025367156205, 8.001903
0.37309746328437915, 7.977489
0.37850467289719625, 7.894481
0.38391188251001335, 7.801708
0.38931909212283045, 7.733348
0.3947263017356475, 7.728466
0.4001335113484646, 7.713817
0.4055407209612817, 7.68452
0.4109479305740988, 7.674755
0.4163551401869159, 7.674755
0.421762349799733, 7.699169
0.42716955941255, 7.75288
0.4325767690253671, 7.811473
0.4379839786381842, 7.87495
0.4433911882510013, 7.899364
0.4487983978638184, 7.904247
0.4542056074766355, 7.899364
0.45961281708945256, 7.884716
0.46502002670226966, 7.884716
0.47042723631508676, 7.90913
0.47583444592790386, 7.948192
0.48124165554072096, 7.953075
0.48664886515353806, 7.914012
0.4920560747663551, 7.831005
0.4974632843791722, 7.75288
0.5028704939919894, 7.645458
0.5082777036048064, 7.523387
0.5136849132176234, 7.459911
0.5190921228304406, 7.455028
0.5244993324432576, 7.420848
0.5299065420560748, 7.586864
0.5353137516688918, 7.59663
0.5407209612817089, 7.401317
0.546128170894526, 7.035106
0.5515353805073431, 6.610302
0.5569425901201602, 6.205028
0.5623497997329773, 5.848583
0.5677570093457943, 5.545848
0.5731642189586115, 5.243114
0.5785714285714285, 4.847606
0.5839786381842457, 4.476512
0.5893858477970627, 4.071239
0.5947930574098799, 3.607372
0.6002002670226969, 3.236278
0.605607476635514, 2.87495
0.6110146862483311, 2.494091
0.6164218958611482, 2.083934
0.6218291054739653, 1.698192
0.6272363150867823, 1.239208
0.6326435246995994, 0.7313953
0.6380507343124165, 0.3261219
0.6434579439252336, 0.03315312
0.6488651535380507, -0.2842297
0.6542723631508678, -0.6992688
0.6596795727636849, -1.119191
0.665086782376502, -1.587941
0.670493991989319, -2.066456
0.6759012016021362, -2.55962
0.6813084112149532, -2.964894
0.6867156208277704, -3.379933
0.6921228304405874, -3.746144
0.6975300400534045, -4.146534
0.7029372496662216, -4.542042
0.7083444592790387, -4.922902
0.7137516688918558, -5.132863
0.7191588785046729, -5.547902
0.7245660881174899, -5.90923
0.7299732977303071, -6.382863
0.7353805073431241, -6.670948
0.7407877169559413, -7.066456
0.7461949265687583, -7.662159
0.7516021361815755, -8.155323
0.7570093457943925, -8.545948
0.7624165554072095, -9.073292
0.7678237650200267, -9.644581
0.7732309746328437, -10.17193
0.7786381842456609, -10.58208
0.7840453938584779, -11.19243
0.789452603471295, -11.70025
0.7948598130841121, -12.252
0.8002670226969292, -12.54985
0.8056742323097463, -12.88677
0.8110814419225634, -13.19439
0.8164886515353805, -13.48247
0.8218958611481976, -14.00982
0.8273030707610146, -14.59575
0.8327102803738318, -14.96196
0.8381174899866488, -15.294
0.843524699599466, -16.08013
0.848931909212283, -16.08989
0.8543391188251, -16.21196
0.8597463284379172, -17.06157
0.8651535380507342, -17.23735
0.8705607476635514, -17.6231
0.8759679572763684, -18.13579
0.8813751668891855, -18.42388
0.8867823765020026, -19.26372
0.8921895861148197, -19.27349
0.8975967957276368, -18.51665
0.9030040053404539, -18.11138
0.908411214953271, -18.16021
0.9138184245660881, -18.39458
0.9192256341789051, -18.13091
0.9246328437917223, -18.1895
0.9300400534045393, -19.08306
0.9354472630173565, -19.93755
0.9408544726301735, -20.73833
0.9462616822429906, -21.49028
0.9516688918558077, -22.35943
0.9570761014686248, -24.4395
0.9624833110814419, -25.93364
0.967890520694259, -26.58794
0.9732977303070761, -26.87114
0.9787049399198932, -26.83696
0.9841121495327102, -27.03228
0.9895193591455274, -27.14946
0.9949265687583444, -28.25298
1.0003337783711614, -28.18462
1.0057409879839787, -28.51665
1.0111481975967958, -29.19048
1.0165554072096128, -28.419
1.0219626168224298, -28.52153
1.0273698264352469, -28.50689
1.0327770360480641, -30.23052
1.0381842456608812, -33.15044
1.0435914552736982, -31.09478
1.0489986648865153, -30.85552
1.0544058744993323, -30.87505
1.0598130841121496, -32.87212
1.0652202937249666, -35.46978
1.0706275033377837, -32.90142
1.0760347129506007, -32.7647
1.0814419225634178, -38.5606
1.086849132176235, -47.65239
1.092256341789052, -44.70806
1.097663551401869, -45.97271
1.1030707610146862, -42.58892
1.1084779706275032, -39.24907
1.1138851802403205, -37.36919
1.1192923898531375, -37.46196
1.1246995994659545, -32.877
1.1301068090787716, -32.20318
1.1355140186915886, -31.28521
1.140921228304406, -31.46099
1.146328437917223, -33.1895
1.15173564753004, -30.89946
1.157142857142857, -30.41118
1.1625500667556743, -31.86138
1.1679572763684913, -35.18657
1.1733644859813084, -35.7188
1.1787716955941254, -37.82818
1.1841789052069425, -43.88286
1.1895861148197597, -48.94634
1.1949933244325768, -38.39458
1.2004005340453938, -33.91704
1.2058077436582109, -32.09087
1.211214953271028, -29.84966
1.2166221628838452, -29.65435
1.2220293724966622, -29.38091
1.2274365821094793, -29.31743
1.2328437917222963, -30.55767
1.2382510013351133, -28.66802
1.2436582109479306, -28.69732
1.2490654205607477, -29.44927
1.2544726301735647, -28.25298
1.2598798397863817, -27.58892
1.2652870493991988, -27.4229
1.270694259012016, -26.46099
1.276101468624833, -24.70806
1.2815086782376501, -23.89263
1.2869158878504672, -23.06255
1.2923230974632842, -23.03814
1.2977303070761015, -23.03325
1.3031375166889185, -22.01275
1.3085447263017356, -21.98345
1.3139519359145526, -22.89653
1.3193591455273699, -23.79009
1.324766355140187, -24.09282
1.330173564753004, -23.7022
1.335580774365821, -24.14653
1.340987983978638, -25.04009
1.3463951935914553, -25.34771
1.3518024032042724, -25.1231
1.3572096128170894, -24.91802
1.3626168224299064, -24.9522
1.3680240320427235, -25.03032
1.3734312416555408, -24.99126
1.3788384512683578, -25.17681
1.3842456608811748, -25.15728
1.3896528704939919, -25.67485
1.395060080106809, -25.90435
1.4004672897196262, -27.877
1.4058744993324432, -31.05083
1.4112817089452603, -32.1104
1.4166889185580773, -32.16411
1.4220961281708944, -31.58306
1.4275033377837116, -31.55864
1.4329105473965287, -31.91997
1.4383177570093457, -33.80962
1.4437249666221628, -32.75493
1.4491321762349798, -32.68169
1.454539385847797, -31.92485
1.4599465954606141, -29.34673
1.4653538050734312, -28.88775
1.4707610146862482, -28.43853
1.4761682242990655, -27.4522
1.4815754339118825, -26.55864
1.4869826435246996, -26.71001
1.4923898531375166, -27.91607
1.4977970627503336, -29.85943
1.503204272363151, -31.28032
1.508611481975968, -31.04595
1.514018691588785, -31.49028
1.519425901201602, -33.59966
1.524833110814419, -32.12017
1.5302403204272363, -31.8272
1.5356475300400534, -33.06743
1.5410547396528704, -34.68853
1.5464619492656875, -34.21001
1.5518691588785045, -36.64653
1.5572763684913218, -46.65142
1.5626835781041388, -45.45513
1.5680907877169559, -40.73345
1.573497997329773, -39.44439
1.57890520694259, -39.99126
1.5843124165554072, -36.53911
1.5897196261682243, -34.84478
1.5951268357810413, -31.97368
1.6005340453938584, -31.81255
1.6059412550066754, -30.30376
1.6113484646194927, -29.99614
1.6167556742323097, -28.33599
1.6221628838451267, -28.08696
1.6275700934579438, -27.15923
1.632977303070761, -26.84673
1.638384512683578, -27.19341
1.6437917222963951, -28.2188
1.6491989319092122, -28.40923
1.6546061415220292, -31.2022
1.6600133511348465, -32.78423
1.6654205607476635, -32.02739
1.6708277703604806, -31.77837
1.6762349799732976, -32.24712
1.6816421895861147, -31.0606
1.687049399198932, -29.32232
1.692456608811749, -28.37993
1.697863818424566, -28.37993
1.703271028037383, -29.67876
1.7086782376502, -29.62993
1.7140854472630174, -29.96196
1.7194926568758344, -31.67583
1.7248998664886515, -31.59771
1.7303070761014685, -32.43755
1.7357142857142855, -33.43853
1.7411214953271028, -34.3565
1.7465287049399199, -33.22368
1.751935914552737, -33.48247
1.757343124165554, -36.2315
1.762750333778371, -35.84575
1.7681575433911882, -35.94829
1.7735647530040053, -33.29693
1.7789719626168223, -31.47075
1.7843791722296394, -30.08403
1.7897863818424566, -29.21978
1.7951935914552737, -29.14653
1.8006008010680907, -29.3272
1.8060080106809078, -29.86431
1.8114152202937248, -30.5479
1.816822429906542, -30.68462
1.8222296395193591, -31.92974
1.8276368491321762, -31.39263
1.8330440587449932, -31.39751
1.8384512683578103, -31.23638
1.8438584779706275, -30.25982
1.8492656875834446, -27.81841
1.8546728971962616, -26.98833
1.8600801068090786, -26.70513
1.8654873164218957, -26.72466
1.870894526034713, -27.80864
1.87630173564753, -31.77349
1.881708945260347, -35.71392
1.887116154873164, -30.90923
1.8925233644859811, -30.17681
1.8979305740987984, -30.37212
1.9033377837116154, -29.3272
1.9087449933244325, -29.75689
1.9141522029372495, -29.92778
1.9195594125500666, -28.75591
1.9249666221628838, -27.07622
1.9303738317757009, -26.55864
1.935781041388518, -26.57329
1.941188251001335, -27.06646
1.9465954606141522, -28.21392
1.9520026702269693, -28.02349
1.9574098798397863, -27.80376
1.9628170894526034, -27.83794
1.9682242990654204, -28.00396
1.9736315086782377, -29.83989
1.9790387182910547, -30.31353
1.9844459279038718, -29.4688
1.9898531375166888, -29.48833
1.9952603471295058, -30.11333
2.000667556742323, -30.17681
2.00607476635514, -31.78325
2.0114819759679574, -34.94732
2.0168891855807742, -34.17583
2.0222963951935915, -34.1563
2.0277036048064083, -35.57232
2.0331108144192256, -35.67974
2.038518024032043, -35.81157
2.0439252336448597, -37.169
2.049332443257677, -39.10259
2.0547396528704938, -43.10161
2.060146862483311, -45.5186
2.0655540720961283, -39.15142
2.070961281708945, -36.92974
2.0763684913217624, -35.6895
2.081775700934579, -36.40728
2.0871829105473965, -42.39849
2.0925901201602137, -44.28814
2.0979973297730306, -46.18755
2.103404539385848, -45.56743
2.1088117489986646, -49.66411
2.114218958611482, -45.82622
2.119626168224299, -42.27642
2.125033377837116, -39.75689
2.1304405874499333, -34.23931
2.13584779706275, -31.47075
2.1412550066755673, -30.80181
2.1466622162883846, -30.90923
2.1520694259012014, -32.00786
2.1574766355140187, -33.54107
2.1628838451268355, -36.01665
2.168291054739653, -35.72368
2.17369826435247, -32.40337
2.179105473965287, -32.04693
2.184512683578104, -33.76568
2.189919893190921, -40.07915
2.195327102803738, -42.95513
2.2007343124165555, -37.43755
2.2061415220293723, -37.21782
2.2115487316421896, -40.88482
2.2169559412550064, -37.41314
2.2223631508678237, -32.78423
2.227770360480641, -29.79107
2.2331775700934577, -29.56646
2.238584779706275, -29.88872
2.243991989319092, -29.62017
2.249399198931909, -28.54595
2.2548064085447264, -28.79497
2.260213618157543, -31.77349
2.2656208277703604, -34.50786
2.2710280373831773, -36.18267
2.2764352469959945, -37.94536
2.281842456608812, -38.41411
2.2872496662216286, -49.15142
2.292656875834446, -36.80767
2.2980640854472627, -34.752
2.30347129506008, -33.54107
2.3088785046728972, -31.90532
2.314285714285714, -32.21294
2.3196929238985313, -35.26958
2.3251001335113486, -33.52153
2.3305073431241654, -32.6231
2.3359145527369827, -32.81353
2.3413217623497995, -37.03716
2.3467289719626168, -40.14263
2.352136181575434, -38.99517
2.357543391188251, -35.71392
2.362950600801068, -32.58403
2.368357810413885, -31.36821
2.373765020026702, -32.33989
2.3791722296395195, -33.98052
2.3845794392523363, -33.54107
2.3899866488651536, -32.77935
2.3953938584779704, -31.58794
2.4008010680907876, -29.59087
2.406208277703605, -28.90728
2.4116154873164217, -28.83403
2.417022696929239, -28.79497
2.422429906542056, -28.49712
2.427837116154873, -28.90728
2.4332443257676903, -33.19927
2.438651535380507, -40.65532
2.4440587449933244, -41.64653
2.4494659546061412, -36.36821
2.4548731642189585, -32.50591
2.460280373831776, -32.53521
2.4656875834445926, -33.42876
2.47109479305741, -33.90239
2.4765020026702267, -34.68853
2.481909212283044, -35.00103
2.487316421895861, -33.80962
2.492723631508678, -33.12603
2.4981308411214953, -33.26763
2.503538050734312, -33.94146
2.5089452603471294, -35.07915
2.5143524699599467, -35.18657
2.5197596795727635, -38.59966
2.5251668891855807, -38.31646
2.5305740987983976, -37.81841
2.535981308411215, -37.82329
2.541388518024032, -39.4395
2.546795727636849, -36.9981
2.552202937249666, -34.14165
2.557610146862483, -32.61333
2.5630173564753003, -32.61821
2.5684245660881175, -33.86821
2.5738317757009344, -39.48345
2.5792389853137516, -40.8604
2.5846461949265684, -35.75298
2.5900534045393857, -35.90435
2.595460614152203, -41.53423
2.60086782376502, -37.71099
2.606275033377837, -37.57427
2.611682242990654, -38.3897
2.617089452603471, -38.24321
2.6224966622162884, -36.42681
2.6279038718291052, -32.30083
2.6333110814419225, -30.32329
2.6387182910547398, -29.36138
2.6441255006675566, -29.48833
2.649532710280374, -30.98735
2.6549399198931907, -31.39751
2.660347129506008, -31.89068
2.665754339118825, -31.13384
2.671161548731642, -28.5313
2.6765687583444593, -28.45318
2.681975967957276, -27.63286
2.6873831775700934, -26.58794
2.6927903871829106, -25.65044
2.6981975967957275, -25.59673
2.7036048064085447, -25.29888
2.7090120160213615, -25.33794
2.714419225634179, -24.84478
2.719826435246996, -24.78618
2.725233644859813, -24.99126
2.73064085447263, -25.55278
2.736048064085447, -25.05474
2.7414552736982643, -25.05474
2.7468624833110815, -26.07525
2.7522696929238983, -28.13579
2.7576769025367156, -28.06255
2.7630841121495324, -27.97954
2.7684913217623497, -27.79888
2.773898531375167, -28.73638
2.7793057409879838, -29.37603
2.784712950600801, -29.34185
2.790120160213618, -27.96001
2.795527369826435, -27.92095
2.8009345794392524, -28.43364
2.806341789052069, -30.06939
2.8117489986648865, -30.26958
2.8171562082777033, -31.37798
2.8225634178905206, -35.4356
2.827970627503338, -36.53423
2.8333778371161547, -34.97661
2.838785046728972, -30.46978
2.8441922563417887, -28.94634
2.849599465954606, -28.62896
2.8550066755674233, -28.65825
2.86041388518024, -28.23345
2.8658210947930574, -28.18462
2.871228304405874, -28.23833
2.8766355140186914, -29.41021
2.8820427236315087, -31.02642
2.8874499332443255, -34.05376
2.892857142857143, -33.48735
2.8982643524699596, -31.83696
2.903671562082777, -31.92974
2.909078771695594, -32.41802
2.914485981308411, -32.75982
2.9198931909212282, -34.22466
2.9253004005340455, -35.01568
2.9307076101468623, -33.3604
2.9361148197596796, -31.52935
2.9415220293724964, -30.33794
2.9469292389853137, -30.11821
2.952336448598131, -30.13286
2.9577436582109478, -31.50493
2.963150867823765, -35.17193
2.968558077436582, -39.57622
2.973965287049399, -38.41411
2.9793724966622164, -34.66411
2.984779706275033, -33.13579
2.9901869158878505, -30.97759
2.9955941255006673, -30.50396
3.0010013351134845, -29.54204
3.006408544726302, -28.12114
3.0118157543391186, -27.79888
3.017222963951936, -28.06255
3.0226301735647527, -28.3897
3.02803738317757, -27.18853
3.0334445927903873, -27.1397
3.038851802403204, -29.18071
3.0442590120160213, -29.79107
3.049666221628838, -29.48345
3.0550734312416554, -30.13775
3.0604806408544727, -32.169
3.0658878504672895, -32.37407
3.0712950600801068, -30.60161
3.0767022696929236, -30.33306
3.082109479305741, -30.55278
3.087516688918558, -32.38872
3.092923898531375, -30.87505
3.098331108144192, -28.77056
3.103738317757009, -28.66802
3.1091455273698263, -29.11724
3.1145527369826436, -30.18169
3.1199599465954604, -29.79595
3.1253671562082777, -30.10845
3.1307743658210945, -30.90923
3.1361815754339117, -29.5811
3.141588785046729, -29.71782
3.146995994659546, -30.22075
3.152403204272363, -30.00591
3.15781041388518, -30.90923
3.163217623497997, -32.62798
3.1686248331108144, -37.21294
3.1740320427236313, -36.78814
3.1794392523364485, -33.88286
3.1848464619492654, -33.68267
3.1902536715620826, -36.07525
3.1956608811749, -35.83599
3.2010680907877167, -37.11528
3.206475300400534, -34.16118
3.211882510013351, -31.75396
3.217289719626168, -31.39751
3.2226969292389853, -31.32915
3.228104138851802, -31.9395
3.2335113484646194, -36.58306
3.2389185580774367, -40.50884
3.2443257676902535, -40.13286
3.2497329773030708, -32.19341
3.2551401869158876, -31.75396
3.260547396528705, -33.12603
3.265954606141522, -33.86821
3.271361815754339, -32.40337
3.276769025367156, -30.64068
3.282176234979973, -30.66997
3.2875834445927903, -31.24614
3.2929906542056075, -30.51372
3.2983978638184244, -30.25982
3.3038050734312416, -30.70903
3.3092122830440585, -28.58013
3.3146194926568757, -27.44732
3.320026702269693, -27.40825
3.32543391188251, -27.53521
3.330841121495327, -27.36919
3.336248331108144, -27.15435
3.341655540720961, -27.15923
3.3470627503337784, -27.97466
3.3524699599465952, -27.5645
3.3578771695594125, -26.94927
3.3632843791722293, -26.89556
3.3686915887850466, -27.15435
3.374098798397864, -27.97954
3.3795060080106807, -29.88872
3.384913217623498, -31.51958
3.3903204272363148, -31.88579
3.395727636849132, -31.26568
3.4011348464619493, -32.19829
3.406542056074766, -33.13091
3.4119492656875834, -31.77349
3.4173564753004, -28.92193
3.4227636849132175, -28.43853
3.4281708945260347, -28.60943
3.4335781041388516, -27.20318
3.438985313751669, -26.38286
3.4443925233644856, -26.46587
3.449799732977303, -27.03228
3.45520694259012, -27.10552
3.460614152202937, -27.12993
3.4660213618157543, -28.2481
3.471428571428571, -30.95806
3.4768357810413884, -31.70025
3.4822429906542056, -33.06743
3.4876502002670224, -34.37114
3.4930574098798397, -34.51275
3.4984646194926565, -35.18657
3.503871829105474, -33.68267
3.509279038718291, -33.20903
3.514686248331108, -32.59868
3.520093457943925, -32.65728
3.525500667556742, -30.96782
3.5309078771695592, -31.06548
3.5363150867823765, -34.05864
3.5417222963951933, -38.80962
3.5471295060080106, -38.54595
3.552536715620828, -38.99517
3.5579439252336447, -35.57232
3.563351134846462, -35.21099
3.5687583444592788, -33.88286
3.574165554072096, -31.99321
3.5795727636849133, -32.03228
3.58497997329773, -35.13775
3.5903871829105474, -40.8604
3.595794392523364, -34.71782
3.6012016021361815, -34.67876
3.6066088117489987, -33.49712
3.6120160213618155, -33.48247
3.617423230974633, -36.5147
3.6228304405874496, -45.39165
3.628237650200267, -39.47368
3.633644859813084, -39.17095
3.639052069425901, -40.01568
3.6444592790387182, -40.93853
3.649866488651535, -40.8897
3.6552736982643523, -33.90239
3.6606809078771696, -30.24517
3.6660881174899864, -30.21099
3.6714953271028037, -30.48931
3.6769025367156205, -32.72564
3.6823097463284378, -34.29302
3.687716955941255, -34.86431
3.693124165554072, -32.22271
3.698531375166889, -31.9395
3.703938584779706, -30.41118
3.709345794392523, -28.45806
3.7147530040053405, -27.99907
3.7201602136181573, -29.22954
3.7255674232309746, -28.48247
3.7309746328437914, -29.06841
3.7363818424566086, -31.19732
3.741789052069426, -32.10552
3.7471962616822427, -33.8145
3.75260347129506, -34.59087
3.758010680907877, -34.80083
3.763417890520694, -36.19243
3.7688251001335114, -34.84966
3.774232309746328, -32.95025
3.7796395193591454, -32.18853
3.7850467289719623, -32.96001
3.7904539385847795, -34.63482
3.795861148197597, -32.70122
3.8012683578104136, -32.33013
3.806675567423231, -33.37993
3.8120827770360477, -34.88872
3.817489986648865, -34.80571
3.8228971962616822, -34.74712
3.828304405874499, -34.23443
3.8337116154873163, -33.6436
3.839118825100133, -35.2354
3.8445260347129504, -34.33208
3.8499332443257677, -33.31157
3.8553404539385845, -32.43755
3.8607476635514018, -31.66118
3.866154873164219, -30.64556
3.871562082777036, -29.669
3.876969292389853, -29.41997
3.88237650200267, -30.21099
3.887783711615487, -30.62603
3.8931909212283045, -29.93755
3.8985981308411213, -29.79595
3.9040053404539385, -31.05083
3.9094125500667554, -31.91509
3.9148197596795726, -32.91607
3.92022696929239, -33.92193
3.9256341789052067, -34.14165
3.931041388518024, -37.60845
3.936448598130841, -34.30278
3.941855807743658, -32.80864
3.9472630173564753, -31.80767
3.952670226969292, -32.04693
3.9580774365821094, -33.26763
3.9634846461949262, -32.53032
3.9688918558077435, -32.88677
3.9742990654205608, -37.73052
3.9797062750333776, -42.31548
3.985113484646195, -45.5479
3.9905206942590117, -42.19341
3.995927903871829, -42.13482
4.001335113484646, -37.12017
4.0067423230974635, -36.66607
4.01214953271028, -41.11919
4.017556742323097, -36.88091
4.022963951935915, -33.27251
4.028371161548732, -33.02349
4.0337783711615485, -35.919
4.039185580774365, -35.62114
4.044592790387183, -33.8731
4.05, -33.54107
