% Measurement ID: 1051
% Mode ID: 1
% Date and time: 2019-06-12 09:25:36
% Sample ID: SP39-24
% Measurement type: ringdown
% Frequency [Hz]: 1578392.6
% Quality factor: 2243221.8865955807
% Temperature [K]: 293.0
% Pressure [mBar]: 3.27e-07
% Notes: 
% 
%
% measurement data
% time [s], power [dBm]
0.003, -102.270042419434
0.006, -102.225204467773
0.009, -102.178909301758
0.012, -102.131134033203
0.015, -102.081161499023
0.018, -102.030448913574
0.021, -101.977531433105
0.024, -101.923149108887
0.027, -101.866561889648
0.03, -101.807762145996
0.033, -101.746765136719
0.036, -101.683555603027
0.039, -101.618881225586
0.042, -101.550537109375
0.045, -101.47998046875
0.048, -101.405754089355
0.051, -101.329322814941
0.054, -101.250679016113
0.057, -101.169105529785
0.06, -101.084587097168
0.063, -100.997863769531
0.066, -100.908203125
0.069, -100.816337585449
0.072, -100.722999572754
0.075, -100.628189086914
0.078, -100.531181335449
0.081, -100.43270111084
0.084, -100.332748413086
0.087, -100.232795715332
0.09, -100.132843017578
0.093, -100.031425476074
0.096, -99.9300003051758
0.099, -99.8300476074219
0.102, -99.7308349609375
0.105, -99.6323547363281
0.108, -99.5360717773438
0.111, -99.4405364990234
0.114, -99.3479309082031
0.117, -99.2590026855469
0.12, -99.1744842529297
0.123, -99.091438293457
0.126, -99.0120620727539
0.129, -98.9363632202148
0.132, -98.8665466308594
0.135, -98.8003997802734
0.138, -98.7394027709961
0.141, -98.6835479736328
0.144, -98.6335754394531
0.147, -98.5887451171875
0.15, -98.5505218505859
0.153, -98.5181884765625
0.156, -98.4924621582031
0.159, -98.4726181030273
0.162, -98.4586563110352
0.165, -98.4520416259766
0.168, -98.4513092041016
0.171, -98.4520416259766
0.174, -98.4579238891602
0.177, -98.4704132080078
0.18, -98.4895248413086
0.183, -98.515251159668
0.186, -98.5475845336914
0.189, -98.5858001708984
0.192, -98.6298980712891
0.195, -98.6798706054688
0.198, -98.734992980957
0.201, -98.7959976196289
0.204, -98.8614044189453
0.207, -98.9319534301758
0.21, -99.0061874389648
0.213, -99.0848236083984
0.216, -99.1671371459961
0.219, -99.2531280517578
0.222, -99.3405838012695
0.225, -99.4302444458008
0.228, -99.5221099853516
0.231, -99.6154479980469
0.234, -99.7095184326172
0.237, -99.8028564453125
0.24, -99.8954620361328
0.243, -99.9880599975586
0.246, -100.079193115234
0.249, -100.168853759766
0.252, -100.255577087402
0.255, -100.339363098145
0.258, -100.420204162598
0.261, -100.498107910156
0.264, -100.572334289551
0.267, -100.643623352051
0.27, -100.709770202637
0.273, -100.772972106934
0.276, -100.831764221191
0.279, -100.887626647949
0.282, -100.940536499023
0.285, -100.989776611328
0.288, -101.036811828613
0.291, -101.081649780273
0.294, -101.125007629395
0.297, -101.167633056641
0.3, -101.209526062012
0.303, -101.251419067383
0.306, -101.293304443359
0.309, -101.33740234375
0.312, -101.38370513916
0.315, -101.43367767334
0.318, -101.485862731934
0.321, -101.541717529297
0.324, -101.603454589844
0.327, -101.672538757324
0.33, -101.747497558594
0.333, -101.829811096191
0.336, -101.919471740723
0.339, -102.019424438477
0.342, -102.130401611328
0.345, -102.253135681152
0.348, -102.386894226074
0.351, -102.533882141113
0.354, -102.700714111328
0.357, -102.889587402344
0.36, -103.100517272949
0.363, -103.33275604248
0.366, -103.589248657227
0.369, -103.914825439453
0.372, -104.307281494141
0.375, -104.767349243164
0.378, -105.294303894043
0.381, -105.850646972656
0.384, -106.321746826172
0.387, -106.698768615723
0.39, -106.981719970703
0.393, -107.170593261719
0.396, -107.095634460449
0.399, -106.752418518066
0.402, -106.204887390137
0.405, -105.453048706055
0.408, -104.54613494873
0.411, -103.574554443359
0.414, -102.539756774902
0.417, -101.442497253418
0.42, -100.282035827637
0.423, -99.0774765014648
0.426, -97.8596878051758
0.429, -96.62646484375
0.432, -95.3792724609375
0.435, -94.1181259155273
0.438, -92.8518295288086
0.441, -91.5936126708984
0.444, -90.3655395507813
0.447, -89.1205520629883
0.45, -87.8821868896484
0.453, -86.6563110351563
0.456, -85.4480743408203
0.459, -84.2560119628906
0.462, -83.0808486938477
0.465, -81.9225845336914
0.468, -80.7849044799805
0.471, -79.6678009033203
0.474, -78.5727462768555
0.477, -77.4990005493164
0.48, -76.4465713500977
0.483, -75.4169311523438
0.486, -74.4100646972656
0.489, -73.4267196655273
0.492, -72.4668960571289
0.495, -71.5298461914063
0.498, -70.6155853271484
0.501, -69.7255783081055
0.504, -68.8583526611328
0.507, -68.0146484375
0.51, -67.1937255859375
0.513, -66.3955841064453
0.516, -65.6194915771484
0.519, -64.8661804199219
0.522, -64.1356506347656
0.525, -63.4404029846191
0.528, -62.7532386779785
0.531, -62.0873832702637
0.534, -61.4435806274414
0.537, -60.8203544616699
0.54, -60.2191772460938
0.543, -59.6378402709961
0.546, -59.0756149291992
0.549, -58.5347023010254
0.552, -58.0128974914551
0.555, -57.5109367370605
0.558, -57.0280838012695
0.561, -56.5636024475098
0.564, -56.1174964904785
0.567, -55.6904983520508
0.57, -55.2811393737793
0.573, -54.8894157409668
0.576, -54.5138626098633
0.579, -54.155948638916
0.582, -53.81494140625
0.585, -53.4908332824707
0.588, -53.1821594238281
0.591, -52.88818359375
0.594, -52.6111145019531
0.597, -52.3487396240234
0.6, -52.1003341674805
0.603, -51.8666229248047
0.606, -51.6505508422852
0.609, -51.444034576416
0.612, -51.2507476806641
0.615, -51.0714225769043
0.618, -50.9031219482422
0.621, -50.747314453125
0.624, -50.6032676696777
0.627, -50.4717140197754
0.63, -50.3504486083984
0.633, -50.2394752502441
0.636, -50.138786315918
0.639, -50.0476531982422
0.642, -49.9675483703613
0.645, -49.8955230712891
0.648, -49.8315849304199
0.651, -49.7757301330566
0.654, -49.7279586791992
0.657, -49.6875343322754
0.66, -49.6544647216797
0.663, -49.627269744873
0.666, -49.60595703125
0.669, -49.5905227661133
0.672, -49.5809707641602
0.675, -49.5758247375488
0.678, -49.5743560791016
0.681, -49.5743560791016
0.684, -49.5772972106934
0.687, -49.5831756591797
0.69, -49.5927276611328
0.693, -49.6044883728027
0.696, -49.6184539794922
0.699, -49.6338844299316
0.702, -49.6507911682129
0.705, -49.6698989868164
0.708, -49.6890068054199
0.711, -49.7088508605957
0.714, -49.7279586791992
0.717, -49.747802734375
0.72, -49.7676429748535
0.723, -49.786750793457
0.726, -49.8043899536133
0.729, -49.8212928771973
0.732, -49.8374633789063
0.735, -49.8521614074707
0.738, -49.8661270141602
0.741, -49.8771514892578
0.744, -49.8874397277832
0.747, -49.8955230712891
0.75, -49.9021377563477
0.753, -49.907283782959
0.756, -49.9102210998535
0.759, -49.9109573364258
0.762, -49.9087524414063
0.765, -49.9043426513672
0.768, -49.8991966247559
0.771, -49.8925819396973
0.774, -49.8837623596191
0.777, -49.8734741210938
0.78, -49.8624496459961
0.783, -49.8499565124512
0.786, -49.836727142334
0.789, -49.8220291137695
0.792, -49.8065948486328
0.795, -49.7904281616211
0.798, -49.7735252380371
0.801, -49.7558860778809
0.804, -49.7382469177246
0.807, -49.7198715209961
0.81, -49.7014999389648
0.813, -49.6823921203613
0.816, -49.6640167236328
0.819, -49.6456451416016
0.822, -49.627269744873
0.825, -49.6096343994141
0.828, -49.5927276611328
0.831, -49.5765609741211
0.834, -49.5611267089844
0.837, -49.5464286804199
0.84, -49.5331993103027
0.843, -49.5207061767578
0.846, -49.5104179382324
0.849, -49.5001258850098
0.852, -49.4927787780762
0.855, -49.4861640930176
0.858, -49.4810180664063
0.861, -49.4788131713867
0.864, -49.4773445129395
0.867, -49.4773445129395
0.87, -49.4780807495117
0.873, -49.4810180664063
0.876, -49.4854278564453
0.879, -49.4920425415039
0.882, -49.500862121582
0.885, -49.5118865966797
0.888, -49.5251159667969
0.891, -49.5398139953613
0.894, -49.5567169189453
0.897, -49.5758247375488
0.9, -49.5964050292969
0.903, -49.6184539794922
0.906, -49.6419715881348
0.909, -49.6669578552246
0.912, -49.693416595459
0.915, -49.7206077575684
0.918, -49.74853515625
0.921, -49.7764625549316
0.924, -49.8043899536133
0.927, -49.8330535888672
0.93, -49.8609809875488
0.933, -49.8881721496582
0.936, -49.9138984680176
0.939, -49.9396209716797
0.942, -49.9638710021973
0.945, -49.9866561889648
0.948, -50.0072326660156
0.951, -50.0256080627441
0.954, -50.0425109863281
0.957, -50.0572090148926
0.96, -50.0689697265625
0.963, -50.0785217285156
0.966, -50.0851364135742
0.969, -50.088809967041
0.972, -50.0873413085938
0.975, -50.0829315185547
0.978, -50.0755844116211
0.981, -50.0652923583984
0.984, -50.0527992248535
0.987, -50.0381011962891
0.99, -50.0211982727051
0.993, -50.0028228759766
0.996, -49.9822463989258
0.999, -49.9594612121582
1.002, -49.9359436035156
1.005, -49.911693572998
1.008, -49.8859672546387
1.011, -49.8602447509766
1.014, -49.8337898254395
1.017, -49.8073310852051
1.02, -49.7808723449707
1.023, -49.7544136047363
1.026, -49.7286911010742
1.029, -49.7029685974121
1.032, -49.6787185668945
1.035, -49.655933380127
1.038, -49.6338844299316
1.041, -49.6133079528809
1.044, -49.5942001342773
1.047, -49.5765609741211
1.05, -49.5611267089844
1.053, -49.5471649169922
1.056, -49.53466796875
1.059, -49.5243797302246
1.062, -49.5162963867188
1.065, -49.5096817016602
1.068, -49.5045356750488
1.071, -49.5015983581543
1.074, -49.5001258850098
1.077, -49.5001258850098
1.08, -49.5001258850098
1.083, -49.5015983581543
1.086, -49.5052719116211
1.089, -49.5096817016602
1.092, -49.5155601501465
1.095, -49.5221748352051
1.098, -49.5302581787109
1.101, -49.5390777587891
1.104, -49.5486335754395
1.107, -49.5589218139648
1.11, -49.5692100524902
1.113, -49.5795021057129
1.116, -49.5897903442383
1.119, -49.6008148193359
1.122, -49.6118392944336
1.125, -49.6213912963867
1.128, -49.6309471130371
1.131, -49.6404991149902
1.134, -49.6485862731934
1.137, -49.6566696166992
1.14, -49.6632843017578
1.143, -49.6684265136719
1.146, -49.6735725402832
1.149, -49.676513671875
1.152, -49.6787185668945
1.155, -49.6787185668945
1.158, -49.676513671875
1.161, -49.6735725402832
1.164, -49.6684265136719
1.167, -49.6618118286133
1.17, -49.6544647216797
1.173, -49.6456451416016
1.176, -49.6353569030762
1.179, -49.6235961914063
1.182, -49.6103668212891
1.185, -49.5956687927246
1.188, -49.5802345275879
1.191, -49.5633316040039
1.194, -49.5456924438477
1.197, -49.5265846252441
1.2, -49.5074768066406
1.203, -49.4869003295898
1.206, -49.4655838012695
1.209, -49.4442710876465
1.212, -49.4222259521484
1.215, -49.3994407653809
1.218, -49.3766593933105
1.221, -49.353141784668
1.224, -49.3303565979004
1.227, -49.3075752258301
1.23, -49.2847900390625
1.233, -49.2620086669922
1.236, -49.2392234802246
1.239, -49.2179107666016
1.242, -49.1958618164063
1.245, -49.1752853393555
1.248, -49.1547088623047
1.251, -49.1348648071289
1.254, -49.1157569885254
1.257, -49.0981178283691
1.26, -49.0804786682129
1.263, -49.0635757446289
1.266, -49.0474052429199
1.269, -49.0319709777832
1.272, -49.0172729492188
1.275, -49.0025749206543
1.278, -48.9893455505371
1.281, -48.9761161804199
1.284, -48.9643592834473
1.287, -48.9525985717773
1.29, -48.9408416748047
1.293, -48.9305534362793
1.296, -48.9195289611816
1.299, -48.909236907959
1.302, -48.8996849060059
1.305, -48.8893966674805
1.308, -48.8798408508301
1.311, -48.8702850341797
1.314, -48.8599967956543
1.317, -48.8504447937012
1.32, -48.8401527404785
1.323, -48.8298645019531
1.326, -48.8195762634277
1.329, -48.8085517883301
1.332, -48.7975273132324
1.335, -48.7857704162598
1.338, -48.7747459411621
1.341, -48.7622528076172
1.344, -48.749755859375
1.347, -48.7365264892578
1.35, -48.7225646972656
1.353, -48.7085990905762
1.356, -48.6939010620117
1.359, -48.678466796875
1.362, -48.6637687683105
1.365, -48.6476020812988
1.368, -48.6314315795898
1.371, -48.6152648925781
1.374, -48.5990943908691
1.377, -48.5821914672852
1.38, -48.5660247802734
1.383, -48.5491180419922
1.386, -48.5329513549805
1.389, -48.5167808532715
1.392, -48.501350402832
1.395, -48.4859161376953
1.398, -48.4712181091309
1.401, -48.4565162658691
1.404, -48.443286895752
1.407, -48.430793762207
1.41, -48.4190368652344
1.413, -48.4080123901367
1.416, -48.3984565734863
1.419, -48.3903732299805
1.422, -48.3830223083496
1.425, -48.3771438598633
1.428, -48.3727340698242
1.431, -48.3690605163574
1.434, -48.3675918579102
1.437, -48.3675918579102
1.44, -48.3683242797852
1.443, -48.3697967529297
1.446, -48.3727340698242
1.449, -48.3778800964355
1.452, -48.3844947814941
1.455, -48.392578125
1.458, -48.4028663635254
1.461, -48.413890838623
1.464, -48.4271202087402
1.467, -48.4418182373047
1.47, -48.4579887390137
1.473, -48.4756240844727
1.476, -48.4939994812012
1.479, -48.514575958252
1.482, -48.53515625
1.485, -48.5579376220703
1.488, -48.5814552307129
1.491, -48.6049728393555
1.494, -48.6299629211426
1.497, -48.6549491882324
1.5, -48.6806716918945
1.503, -48.7063941955566
1.506, -48.732852935791
1.509, -48.7593116760254
1.512, -48.7850341796875
1.515, -48.8107566833496
1.518, -48.8364791870117
1.521, -48.8614692687988
1.524, -48.8864555358887
1.527, -48.9099731445313
1.53, -48.9334907531738
1.533, -48.9562759399414
1.536, -48.9783210754395
1.539, -48.9989013671875
1.542, -49.0187454223633
1.545, -49.0371170043945
1.548, -49.0547561645508
1.551, -49.0716590881348
1.554, -49.0870933532715
1.557, -49.1010551452637
1.56, -49.1142845153809
1.563, -49.126781463623
1.566, -49.1378021240234
1.569, -49.1480941772461
1.572, -49.1583824157715
1.575, -49.1672019958496
1.578, -49.1752853393555
1.581, -49.1826362609863
1.584, -49.1899833679199
1.587, -49.1973342895508
1.59, -49.2046813964844
1.593, -49.2120323181152
1.596, -49.2193832397461
1.599, -49.227466583252
1.602, -49.2355499267578
1.605, -49.2436332702637
1.608, -49.2531890869141
1.611, -49.2627410888672
1.614, -49.2737655639648
1.617, -49.2855262756348
1.62, -49.298755645752
1.623, -49.3127174377441
1.626, -49.3274154663086
1.629, -49.3435859680176
1.632, -49.3612251281738
1.635, -49.3795967102051
1.638, -49.3987045288086
1.641, -49.4192848205566
1.644, -49.4405975341797
1.647, -49.462646484375
1.65, -49.4854278564453
1.653, -49.5089454650879
1.656, -49.5331993103027
1.659, -49.5567169189453
1.662, -49.5817070007324
1.665, -49.605224609375
1.668, -49.6294746398926
1.671, -49.6529922485352
1.674, -49.6757774353027
1.677, -49.697826385498
1.68, -49.7198715209961
1.683, -49.7397155761719
1.686, -49.7588233947754
1.689, -49.7757301330566
1.692, -49.7911605834961
1.695, -49.8051261901855
1.698, -49.8168830871582
1.701, -49.8271751403809
1.704, -49.8352584838867
1.707, -49.841136932373
1.71, -49.8448143005371
1.713, -49.8455467224121
1.716, -49.8426094055176
1.719, -49.8381996154785
1.722, -49.8308486938477
1.725, -49.8220291137695
1.728, -49.8117408752441
1.731, -49.7992477416992
1.734, -49.7852821350098
1.737, -49.769847869873
1.74, -49.7529449462891
1.743, -49.7353057861328
1.746, -49.7169342041016
1.749, -49.6970901489258
1.752, -49.676513671875
1.755, -49.655933380127
1.758, -49.6346206665039
1.761, -49.6133079528809
1.764, -49.5919952392578
1.767, -49.5706825256348
1.77, -49.5493698120117
1.773, -49.5287895202637
1.776, -49.5089454650879
1.779, -49.4891014099121
1.782, -49.4707298278809
1.785, -49.4523582458496
1.788, -49.4354515075684
1.791, -49.4192848205566
1.794, -49.4038505554199
1.797, -49.3898887634277
1.8, -49.3766593933105
1.803, -49.3656349182129
1.806, -49.3546104431152
1.809, -49.3457908630371
1.812, -49.3377075195313
1.815, -49.3318252563477
1.818, -49.3266830444336
1.821, -49.3230094909668
1.824, -49.320068359375
1.827, -49.3193321228027
1.83, -49.3193321228027
1.833, -49.3193321228027
1.836, -49.3208045959473
1.839, -49.3237419128418
1.842, -49.3281517028809
1.845, -49.3332977294922
1.848, -49.3399124145508
1.851, -49.3479957580566
1.854, -49.3568153381348
1.857, -49.3663673400879
1.86, -49.3773918151855
1.863, -49.3891525268555
1.866, -49.4009094238281
1.869, -49.4134063720703
1.872, -49.4266319274902
1.875, -49.4405975341797
1.878, -49.4538269042969
1.881, -49.4677886962891
1.884, -49.4810180664063
1.887, -49.4949836730957
1.89, -49.5082130432129
1.893, -49.5207061767578
1.896, -49.5324630737305
1.899, -49.5434875488281
1.902, -49.5530433654785
1.905, -49.5625953674316
1.908, -49.5706825256348
1.911, -49.5772972106934
1.914, -49.5831756591797
1.917, -49.5875854492188
1.92, -49.5905227661133
1.923, -49.5919952392578
1.926, -49.5905227661133
1.929, -49.5875854492188
1.932, -49.5831756591797
1.935, -49.5780296325684
1.938, -49.5714149475098
1.941, -49.5633316040039
1.944, -49.5537796020508
1.947, -49.5434875488281
1.95, -49.5331993103027
1.953, -49.5221748352051
1.956, -49.5104179382324
1.959, -49.4979209899902
1.962, -49.4854278564453
1.965, -49.4736709594727
1.968, -49.4619102478027
1.971, -49.4508857727051
1.974, -49.4398612976074
1.977, -49.429573059082
1.98, -49.4214897155762
1.983, -49.4134063720703
1.986, -49.4075241088867
1.989, -49.4023818969727
1.992, -49.3994407653809
1.995, -49.3987045288086
1.998, -49.3987045288086
2.001, -49.4001770019531
2.004, -49.4031143188477
2.007, -49.408260345459
2.01, -49.4163436889648
2.013, -49.4273681640625
2.016, -49.4405975341797
2.019, -49.4567642211914
2.022, -49.4758758544922
2.025, -49.4971885681152
2.028, -49.5214385986328
2.031, -49.5486335754395
2.034, -49.5780296325684
2.037, -49.6111030578613
2.04, -49.6456451416016
2.043, -49.6831283569336
2.046, -49.7228126525879
2.049, -49.765438079834
2.052, -49.8095359802246
2.055, -49.8558349609375
2.058, -49.9036064147949
2.061, -49.9528465270996
2.064, -50.0042953491211
2.067, -50.0564727783203
2.07, -50.1086540222168
2.073, -50.1608352661133
2.076, -50.214485168457
2.079, -50.268871307373
2.082, -50.3225212097168
2.085, -50.3761711120605
2.088, -50.428352355957
2.091, -50.4805335998535
2.094, -50.5312423706055
2.097, -50.5812187194824
2.1, -50.6297264099121
2.103, -50.676025390625
2.106, -50.7208557128906
2.109, -50.763484954834
2.112, -50.8039054870605
2.115, -50.8421211242676
2.118, -50.8773994445801
2.121, -50.9104690551758
2.124, -50.940601348877
2.127, -50.9685287475586
2.13, -50.9935188293457
2.133, -51.015567779541
2.136, -51.0354080200195
2.139, -51.0515785217285
2.142, -51.066276550293
2.145, -51.0780372619629
2.148, -51.086856842041
2.151, -51.0934715270996
2.154, -51.0978775024414
2.157, -51.1000823974609
2.16, -51.0978775024414
2.163, -51.0934715270996
2.166, -51.086856842041
2.169, -51.0795059204102
2.172, -51.0699501037598
2.175, -51.0589294433594
2.178, -51.0464324951172
2.181, -51.033203125
2.184, -51.0185050964355
2.187, -51.0023384094238
2.19, -50.9861679077148
2.193, -50.9677963256836
2.196, -50.9494209289551
2.199, -50.9303131103516
2.202, -50.9104690551758
2.205, -50.8906288146973
2.208, -50.8700485229492
2.211, -50.8487358093262
2.214, -50.8274230957031
2.217, -50.8053741455078
2.22, -50.7840614318848
2.223, -50.7612800598145
2.226, -50.7392311096191
2.229, -50.7171821594238
2.232, -50.6951332092285
2.235, -50.6730842590332
2.238, -50.6510391235352
2.241, -50.6289901733398
2.244, -50.6069412231445
2.247, -50.5848922729492
2.25, -50.5635795593262
2.253, -50.5422668457031
2.256, -50.5209541320801
2.259, -50.5003776550293
2.262, -50.4797973632813
2.265, -50.4592208862305
2.268, -50.4386405944824
2.271, -50.4180641174316
2.274, -50.3974838256836
2.277, -50.3776397705078
2.28, -50.3577995300293
2.283, -50.3379554748535
2.286, -50.3173751831055
2.289, -50.297534942627
2.292, -50.2769546508789
2.295, -50.2563781738281
2.298, -50.2357978820801
2.301, -50.2152214050293
2.304, -50.1939086914063
2.307, -50.1718597412109
2.31, -50.1498107910156
2.313, -50.1277618408203
2.316, -50.10498046875
2.319, -50.0814628601074
2.322, -50.0572090148926
2.325, -50.0329551696777
2.328, -50.0072326660156
2.331, -49.9807739257813
2.334, -49.9543190002441
2.337, -49.9271240234375
2.34, -49.8984642028809
2.343, -49.869800567627
2.346, -49.840404510498
2.349, -49.8110046386719
2.352, -49.7801399230957
2.355, -49.7492713928223
2.358, -49.7176704406738
2.361, -49.6853294372559
2.364, -49.6529922485352
2.367, -49.6199226379395
2.37, -49.5868492126465
2.373, -49.5537796020508
2.376, -49.5199699401855
2.379, -49.4869003295898
2.382, -49.4530906677246
2.385, -49.4200210571289
2.388, -49.3869476318359
2.391, -49.353874206543
2.394, -49.3215370178223
2.397, -49.2891998291016
2.4, -49.2568626403809
2.403, -49.2252616882324
2.406, -49.1936569213867
2.409, -49.1635246276855
2.412, -49.1333923339844
2.415, -49.1047325134277
2.418, -49.0760688781738
2.421, -49.0488777160645
2.424, -49.0216827392578
2.427, -48.9959602355957
2.43, -48.9717063903809
2.433, -48.9474563598633
2.436, -48.9246711730957
2.439, -48.9026222229004
2.442, -48.8813095092773
2.445, -48.8607330322266
2.448, -48.841625213623
2.451, -48.8232498168945
2.454, -48.8063468933105
2.457, -48.7901802062988
2.46, -48.7747459411621
2.463, -48.7607803344727
2.466, -48.7468185424805
2.469, -48.7343215942383
2.472, -48.7218284606934
2.475, -48.7108039855957
2.478, -48.7005157470703
2.481, -48.6909637451172
2.484, -48.6814079284668
2.487, -48.6725883483887
2.49, -48.6645050048828
2.493, -48.656421661377
2.496, -48.6483345031738
2.499, -48.6409873962402
2.502, -48.6343727111816
2.505, -48.6270217895508
2.508, -48.6204071044922
2.511, -48.6130599975586
2.514, -48.6057090759277
2.517, -48.5976257324219
2.52, -48.589542388916
2.523, -48.5814552307129
2.526, -48.5726356506348
2.529, -48.5638198852539
2.532, -48.5542640686035
2.535, -48.5447082519531
2.538, -48.5344200134277
2.541, -48.5233955383301
2.544, -48.5116386413574
2.547, -48.4991455078125
2.55, -48.4866485595703
2.553, -48.4734191894531
2.556, -48.4601936340332
2.559, -48.4454917907715
2.562, -48.4315299987793
2.565, -48.4160957336426
2.568, -48.4013977050781
2.571, -48.3859634399414
2.574, -48.371265411377
2.577, -48.3558311462402
2.58, -48.3403968811035
2.583, -48.3256988525391
2.586, -48.3110008239746
2.589, -48.2970352172852
2.592, -48.283073425293
2.595, -48.2698440551758
2.598, -48.2573509216309
2.601, -48.2463264465332
2.604, -48.2367706298828
2.607, -48.2279510498047
2.61, -48.2198677062988
2.613, -48.2132530212402
2.616, -48.2088432312012
2.619, -48.2059059143066
2.622, -48.2044334411621
2.625, -48.2037010192871
2.628, -48.2044334411621
2.631, -48.2059059143066
2.634, -48.2095794677734
2.637, -48.2147216796875
2.64, -48.2213363647461
2.643, -48.2294235229492
2.646, -48.2397117614746
2.649, -48.2514686584473
2.652, -48.2646980285645
2.655, -48.2793960571289
2.658, -48.2955665588379
2.661, -48.3132057189941
2.664, -48.3315773010254
2.667, -48.3514213562012
2.67, -48.3720016479492
2.673, -48.3933143615723
2.676, -48.4160957336426
2.679, -48.4388809204102
2.682, -48.4623985290527
2.685, -48.4866485595703
2.688, -48.5109024047852
2.691, -48.5358924865723
2.694, -48.5616149902344
2.697, -48.5873374938965
2.7, -48.6130599975586
2.703, -48.640251159668
2.706, -48.6674461364746
2.709, -48.6961059570313
2.712, -48.7247695922852
2.715, -48.7541656494141
2.718, -48.7850341796875
2.721, -48.8166351318359
2.724, -48.8504447937012
2.727, -48.8857192993164
2.73, -48.9232025146484
2.733, -48.962890625
2.736, -49.0055160522461
2.739, -49.051082611084
2.742, -49.1003227233887
2.745, -49.1532363891602
2.748, -49.2098274230957
2.751, -49.2722969055176
2.754, -49.3399124145508
2.757, -49.412670135498
2.76, -49.4905738830566
2.763, -49.5750923156738
2.766, -49.6676940917969
2.769, -49.7676429748535
2.772, -49.8756790161133
2.775, -49.9903297424316
2.778, -50.1152687072754
2.781, -50.2497634887695
2.784, -50.3930740356445
2.787, -50.5466766357422
2.79, -50.7105674743652
2.793, -50.8854827880859
2.796, -51.0728912353516
2.799, -51.2720603942871
2.802, -51.4785766601563
2.805, -51.7012634277344
2.808, -51.9379119873047
2.811, -52.1877899169922
2.814, -52.4516334533691
2.817, -52.728702545166
2.82, -53.0204734802246
2.823, -53.3262062072754
2.826, -53.6481094360352
2.829, -53.9847106933594
2.832, -54.3367462158203
2.835, -54.7042121887207
2.838, -55.0878486633301
2.841, -55.4869194030762
2.844, -55.9021606445313
2.847, -56.3328323364258
2.85, -56.7796745300293
2.853, -57.240478515625
2.856, -57.7167167663574
2.859, -58.2076568603516
2.862, -58.7140274047852
2.865, -59.2321548461914
2.868, -59.7605743408203
2.871, -60.2985496520996
2.874, -60.8468132019043
2.877, -61.4046287536621
2.88, -61.966121673584
2.883, -62.5158538818359
2.886, -63.074405670166
2.889, -63.6322212219238
2.892, -64.1885681152344
2.895, -64.7338943481445
2.898, -65.2630462646484
2.901, -65.7767639160156
2.904, -66.2750549316406
2.907, -66.7564392089844
2.91, -67.2172393798828
2.913, -67.6545257568359
2.916, -68.0682983398438
2.919, -68.4600219726563
2.922, -68.8282241821289
2.925, -69.1751098632813
2.928, -69.5006866455078
2.931, -69.8064193725586
2.934, -70.0915756225586
2.937, -70.3561553955078
2.94, -70.6045608520508
2.943, -70.8382720947266
2.946, -71.0572814941406
2.949, -71.2615966796875
2.952, -71.4512100219727
2.955, -71.6312713623047
2.958, -71.8010406494141
2.961, -71.9612579345703
2.964, -72.1097106933594
2.967, -72.2515563964844
2.97, -72.3867874145508
2.973, -72.5161361694336
2.976, -72.6388702392578
2.979, -72.756462097168
2.982, -72.867431640625
2.985, -72.9747314453125
2.988, -73.0783615112305
2.991, -73.1775741577148
2.994, -73.2731170654297
2.997, -73.36572265625
3.0, -73.4553833007813
3.003, -73.542106628418
3.006, -73.6266250610352
3.009, -73.7089385986328
3.012, -73.7890472412109
3.015, -73.8669509887695
3.018, -73.9433822631836
3.021, -74.0183410644531
3.024, -74.0918350219727
3.027, -74.1638641357422
3.03, -74.2344131469727
3.033, -74.3034973144531
3.036, -74.3725814819336
3.039, -74.4402008056641
3.042, -74.5063400268555
3.045, -74.5710144042969
3.048, -74.6364288330078
3.051, -74.7011032104492
3.054, -74.7650375366211
3.057, -74.8282470703125
3.06, -74.8907165527344
3.063, -74.9531860351563
3.066, -75.0156555175781
3.069, -75.0773849487305
3.072, -75.1383895874023
3.075, -75.1993865966797
3.078, -75.260383605957
3.081, -75.3213882446289
3.084, -75.3823852539063
3.087, -75.4426498413086
3.09, -75.5036544799805
3.093, -75.5639190673828
3.096, -75.6241836547852
3.099, -75.6844482421875
3.102, -75.7447128295898
3.105, -75.8049774169922
3.108, -75.8659744262695
3.111, -75.9262390136719
3.114, -75.9872360229492
3.117, -76.0475006103516
3.12, -76.1085052490234
3.123, -76.1695022583008
3.126, -76.2297668457031
3.129, -76.290771484375
3.132, -76.3525009155273
3.135, -76.4142379760742
3.138, -76.4759750366211
3.141, -76.538444519043
3.144, -76.6009140014648
3.147, -76.6633834838867
3.15, -76.7265853881836
3.153, -76.7897872924805
3.156, -76.8537292480469
3.159, -76.9176712036133
3.162, -76.9816055297852
3.165, -77.0462799072266
3.168, -77.1116943359375
3.171, -77.1771011352539
3.174, -77.2425079345703
3.177, -77.3086547851563
3.18, -77.3755340576172
3.183, -77.4424133300781
3.186, -77.5100250244141
3.189, -77.5783767700195
3.192, -77.646728515625
3.195, -77.7158126831055
3.198, -77.7856292724609
3.201, -77.8554458618164
3.204, -77.9267349243164
3.207, -77.9965591430664
3.21, -78.0685806274414
3.213, -78.1413345336914
3.216, -78.2140960693359
3.219, -78.2883224487305
3.222, -78.3625564575195
3.225, -78.4375152587891
3.228, -78.5132141113281
3.231, -78.5896530151367
3.234, -78.6660842895508
3.237, -78.7432479858398
3.24, -78.8211517333984
3.243, -78.899055480957
3.246, -78.9776992797852
3.249, -79.0563354492188
3.252, -79.1357040405273
3.255, -79.2150802612305
3.258, -79.2951889038086
3.261, -79.3752975463867
3.264, -79.4561386108398
3.267, -79.536247253418
3.27, -79.6163558959961
3.273, -79.6971969604492
3.276, -79.7773056030273
3.279, -79.8574142456055
3.282, -79.9375228881836
3.285, -80.0168991088867
3.288, -80.0962677001953
3.291, -80.1734390258789
3.294, -80.2520751953125
3.297, -80.3307113647461
3.3, -80.4078826904297
3.303, -80.4843139648438
3.306, -80.5607528686523
3.309, -80.6357116699219
3.312, -80.7106781005859
3.315, -80.7841720581055
3.318, -80.857666015625
3.321, -80.9296875
3.324, -81.000244140625
3.327, -81.0700607299805
3.33, -81.1391448974609
3.333, -81.2067565917969
3.336, -81.2736358642578
3.339, -81.3390502929688
3.342, -81.4029846191406
3.345, -81.466194152832
3.348, -81.5286636352539
3.351, -81.5896606445313
3.354, -81.6491928100586
3.357, -81.7087173461914
3.36, -81.7667770385742
3.363, -81.823371887207
3.366, -81.8799591064453
3.369, -81.9350814819336
3.372, -81.9879989624023
3.375, -82.0416488647461
3.378, -82.0945587158203
3.381, -82.1460037231445
3.384, -82.1974563598633
3.387, -82.248161315918
3.39, -82.2981414794922
3.393, -82.3473815917969
3.396, -82.3966217041016
3.399, -82.4451293945313
3.402, -82.4936294555664
3.405, -82.5414047241211
3.408, -82.5891723632813
3.411, -82.6369476318359
3.414, -82.6847152709961
3.417, -82.7317504882813
3.42, -82.7795257568359
3.423, -82.8272933959961
3.426, -82.8743286132813
3.429, -82.9221038818359
3.432, -82.9698715209961
3.435, -83.0183792114258
3.438, -83.0661468505859
3.441, -83.1146545410156
3.444, -83.1631622314453
3.447, -83.2116622924805
3.45, -83.2609024047852
3.453, -83.3094100952148
3.456, -83.3593902587891
3.459, -83.4093627929688
3.462, -83.460075378418
3.465, -83.5107879638672
3.468, -83.5622329711914
3.471, -83.6136779785156
3.474, -83.6658554077148
3.477, -83.7173004150391
3.48, -83.7694854736328
3.483, -83.822395324707
3.486, -83.8745803833008
3.489, -83.927490234375
3.492, -83.9796752929688
3.495, -84.0325927734375
3.498, -84.0855026245117
3.501, -84.1384201049805
3.504, -84.1913375854492
3.507, -84.2442474365234
3.51, -84.2971649169922
3.513, -84.3500823974609
3.516, -84.4029998779297
3.519, -84.4551773071289
3.522, -84.5073547363281
3.525, -84.5595397949219
3.528, -84.6109848022461
3.531, -84.6624298095703
3.534, -84.71240234375
3.537, -84.7631149291992
3.54, -84.8130950927734
3.543, -84.8630676269531
3.546, -84.9123077392578
3.549, -84.9608154296875
3.552, -85.0093231201172
3.555, -85.0578231811523
3.558, -85.1048583984375
3.561, -85.1526336669922
3.564, -85.1989364624023
3.567, -85.245231628418
3.57, -85.2915344238281
3.573, -85.3363647460938
3.576, -85.3819351196289
3.579, -85.426025390625
3.582, -85.4701232910156
3.585, -85.5142211914063
3.588, -85.5583190917969
3.591, -85.601676940918
3.594, -85.6450424194336
3.597, -85.6884002685547
3.6, -85.7317657470703
3.603, -85.7751235961914
3.606, -85.8184814453125
3.609, -85.8618469238281
3.612, -85.9052047729492
3.615, -85.9485702514648
3.618, -85.9919281005859
3.621, -86.0360260009766
3.624, -86.0808563232422
3.627, -86.1256866455078
3.63, -86.1705169677734
3.633, -86.2160873413086
3.636, -86.2616500854492
3.639, -86.3086853027344
3.642, -86.3557205200195
3.645, -86.4034957885742
3.648, -86.4520034790039
3.651, -86.5012435913086
3.654, -86.5512161254883
3.657, -86.6019287109375
3.66, -86.6533737182617
3.663, -86.7055511474609
3.666, -86.7584686279297
3.669, -86.8113861083984
3.672, -86.8657684326172
3.675, -86.9216232299805
3.678, -86.9774780273438
3.681, -87.0340728759766
3.684, -87.0921325683594
3.687, -87.1501922607422
3.69, -87.209716796875
3.693, -87.2692489624023
3.696, -87.3295135498047
3.699, -87.3912506103516
3.702, -87.4537200927734
3.705, -87.5176544189453
3.708, -87.5815963745117
3.711, -87.6462707519531
3.714, -87.7124176025391
3.717, -87.779296875
3.72, -87.8461761474609
3.723, -87.9145202636719
3.726, -87.9828720092773
3.729, -88.0526885986328
3.732, -88.1225128173828
3.735, -88.1930618286133
3.738, -88.2650909423828
3.741, -88.3371124267578
3.744, -88.4098739624023
3.747, -88.4833679199219
3.75, -88.5575942993164
3.753, -88.6325531005859
3.756, -88.70751953125
3.759, -88.7832183837891
3.762, -88.8589172363281
3.765, -88.9346160888672
3.768, -89.0110473632813
3.771, -89.0882186889648
3.774, -89.1646499633789
3.777, -89.240348815918
3.78, -89.3175201416016
3.783, -89.3946838378906
3.786, -89.4718551635742
3.789, -89.5490188598633
3.792, -89.6254577636719
3.795, -89.7018890380859
3.798, -89.7783203125
3.801, -89.8540191650391
3.804, -89.9289855957031
3.807, -90.0039520263672
3.81, -90.0781784057617
3.813, -90.1524047851563
3.816, -90.2251663208008
3.819, -90.2979202270508
3.822, -90.3692092895508
3.825, -90.4397659301758
3.828, -90.5095825195313
3.831, -90.5786666870117
3.834, -90.6462860107422
3.837, -90.7124252319336
3.84, -90.7785720825195
3.843, -90.8432464599609
3.846, -90.9064483642578
3.849, -90.9696578979492
3.852, -91.0313873291016
3.855, -91.0923919677734
3.858, -91.1511840820313
3.861, -91.2107162475586
3.864, -91.2687759399414
3.867, -91.3260955810547
3.87, -91.3826904296875
3.873, -91.4392776489258
3.876, -91.4951324462891
3.879, -91.5502548217773
3.882, -91.6046371459961
3.885, -91.6590270996094
3.888, -91.7126770019531
3.891, -91.7663269042969
3.894, -91.8192443847656
3.897, -91.8721542358398
3.9, -91.9250717163086
3.903, -91.9787216186523
3.906, -92.0316390991211
3.909, -92.0852890014648
3.912, -92.1389389038086
3.915, -92.1933212280273
3.918, -92.2477111816406
3.921, -92.3020935058594
3.924, -92.3572158813477
3.927, -92.4130706787109
3.93, -92.4689254760742
3.933, -92.5255126953125
3.936, -92.5828399658203
3.939, -92.6386947631836
3.942, -92.6967544555664
3.945, -92.7548141479492
3.948, -92.812873840332
3.951, -92.8709335327148
3.954, -92.9289932250977
3.957, -92.98779296875
3.96, -93.0458526611328
3.963, -93.1031723022461
3.966, -93.1597671508789
3.969, -93.2163543701172
3.972, -93.2722091674805
3.975, -93.3265991210938
3.978, -93.379508972168
3.981, -93.4309539794922
3.984, -93.4816665649414
3.987, -93.5301742553711
3.99, -93.5764770507813
3.993, -93.6198348999023
3.996, -93.6617279052734
3.999, -93.7006759643555
4.002, -93.7374267578125
4.005, -93.7712326049805
4.008, -93.8013687133789
4.011, -93.8285598754883
4.014, -93.8520736694336
4.017, -93.8726577758789
4.02, -93.8895568847656
4.023, -93.9035186767578
4.026, -93.9138107299805
4.029, -93.9211578369141
4.032, -93.9248352050781
4.035, -93.9226303100586
4.038, -93.9174880981445
4.041, -93.9086685180664
4.044, -93.8976440429688
4.047, -93.883674621582
4.05, -93.8675079345703
4.053, -93.8498687744141
4.056, -93.8292922973633
4.059, -93.807243347168
4.062, -93.7844619750977
4.065, -93.7602081298828
4.068, -93.735954284668
4.071, -93.7102355957031
4.074, -93.6845092773438
4.077, -93.6587905883789
4.08, -93.6337966918945
4.083, -93.6095504760742
4.086, -93.5852966308594
4.089, -93.5625076293945
4.092, -93.5411987304688
4.095, -93.522087097168
4.098, -93.5037155151367
4.101, -93.487548828125
4.104, -93.4735870361328
4.107, -93.4610900878906
4.11, -93.4522705078125
4.113, -93.4449234008789
4.116, -93.4405136108398
4.119, -93.4383087158203
4.122, -93.4383087158203
4.125, -93.4390411376953
4.128, -93.4427185058594
4.131, -93.4485931396484
4.134, -93.4581527709961
4.137, -93.4691772460938
4.14, -93.4831390380859
4.143, -93.5000381469727
4.146, -93.5191497802734
4.149, -93.5404663085938
4.152, -93.5639801025391
4.155, -93.5882339477539
4.158, -93.6146926879883
4.161, -93.6433563232422
4.164, -93.6727523803711
4.167, -93.702880859375
4.17, -93.7337493896484
4.173, -93.7646179199219
4.176, -93.7962188720703
4.179, -93.8278198242188
4.182, -93.8579559326172
4.185, -93.8888244628906
4.188, -93.9182205200195
4.191, -93.9468841552734
4.194, -93.9740753173828
4.197, -93.9998016357422
4.2, -94.0240478515625
4.203, -94.0460968017578
4.206, -94.0666809082031
4.209, -94.0850524902344
4.212, -94.1012191772461
4.215, -94.1151809692383
4.218, -94.1262054443359
4.221, -94.1357650756836
4.224, -94.1423721313477
4.227, -94.1467819213867
4.23, -94.1482543945313
4.233, -94.1460494995117
4.236, -94.1409072875977
4.239, -94.1350250244141
4.242, -94.1262054443359
4.245, -94.1159210205078
4.248, -94.1041564941406
4.251, -94.0909271240234
4.254, -94.0762329101563
4.257, -94.0607986450195
4.26, -94.0438919067383
4.263, -94.026252746582
4.266, -94.0071487426758
4.269, -93.988037109375
4.272, -93.9681930541992
4.275, -93.9476165771484
4.278, -93.9270401000977
4.281, -93.9057235717773
4.284, -93.883674621582
4.287, -93.8623657226563
4.29, -93.8403167724609
4.293, -93.8182678222656
4.296, -93.7962188720703
4.299, -93.774169921875
4.302, -93.7513885498047
4.305, -93.7286071777344
4.308, -93.7058258056641
4.311, -93.6830368041992
4.314, -93.6595230102539
4.317, -93.6360015869141
4.32, -93.6124877929688
4.323, -93.5882339477539
4.326, -93.5632476806641
4.329, -93.5382614135742
4.332, -93.5125350952148
4.335, -93.4868087768555
4.338, -93.4603576660156
4.341, -93.4338989257813
4.344, -93.4059677124023
4.347, -93.378044128418
4.35, -93.3493804931641
4.353, -93.3207168579102
4.356, -93.2913208007813
4.359, -93.2611846923828
4.362, -93.2310562133789
4.365, -93.2001876831055
4.368, -93.168586730957
4.371, -93.1377182006836
4.374, -93.1061172485352
4.377, -93.0752487182617
4.38, -93.0436477661133
4.383, -93.0127792358398
4.386, -92.9811782836914
4.389, -92.951042175293
4.392, -92.9209136962891
4.395, -92.8907775878906
4.398, -92.8613815307617
4.401, -92.8327178955078
4.404, -92.8047943115234
4.407, -92.7775955200195
4.41, -92.7504043579102
4.413, -92.7246856689453
4.416, -92.6996917724609
4.419, -92.6754455566406
4.422, -92.6526565551758
4.425, -92.630615234375
4.428, -92.6092987060547
4.431, -92.5887222290039
4.434, -92.5696105957031
4.437, -92.5519714355469
4.44, -92.5343322753906
4.443, -92.5181655883789
4.446, -92.5034637451172
4.449, -92.48876953125
4.452, -92.4755401611328
4.455, -92.4623107910156
4.458, -92.450553894043
4.461, -92.4395294189453
4.464, -92.4285049438477
4.467, -92.418212890625
4.47, -92.4093933105469
4.473, -92.3998413085938
4.476, -92.3917541503906
4.479, -92.383674621582
4.482, -92.3755874633789
4.485, -92.3675079345703
4.488, -92.3608932495117
4.491, -92.3535385131836
4.494, -92.346923828125
4.497, -92.3410491943359
4.5, -92.3351669311523
4.503, -92.3292846679688
4.506, -92.3248748779297
4.509, -92.3204650878906
4.512, -92.3175277709961
4.515, -92.3145904541016
4.518, -92.312385559082
4.521, -92.3116455078125
4.524, -92.3116455078125
4.527, -92.312385559082
4.53, -92.313850402832
4.533, -92.3167953491211
4.536, -92.3212051391602
4.539, -92.3270797729492
4.542, -92.3351669311523
4.545, -92.345458984375
4.548, -92.3572158813477
4.551, -92.3711776733398
4.554, -92.3873443603516
4.557, -92.4057235717773
4.56, -92.4270324707031
4.563, -92.450553894043
4.566, -92.4770126342773
4.569, -92.5056686401367
4.572, -92.5372772216797
4.575, -92.5718154907227
4.578, -92.6085662841797
4.581, -92.6482467651367
4.584, -92.6901397705078
4.587, -92.7349700927734
4.59, -92.7812728881836
4.593, -92.8305130004883
4.596, -92.882698059082
4.599, -92.9363479614258
4.602, -92.9922027587891
4.605, -93.0495223999023
4.608, -93.1097869873047
4.611, -93.1707916259766
4.614, -93.2325210571289
4.617, -93.2957305908203
4.62, -93.3604049682617
4.623, -93.4250793457031
4.626, -93.4904861450195
4.629, -93.5566329956055
4.632, -93.6220397949219
4.635, -93.6874465942383
4.638, -93.7535934448242
4.641, -93.8182678222656
4.644, -93.882209777832
4.647, -93.9454116821289
4.65, -94.0078811645508
4.653, -94.0696182250977
4.656, -94.1298828125
4.659, -94.1886749267578
4.662, -94.2460021972656
4.665, -94.3018569946289
4.668, -94.3562393188477
4.671, -94.4084243774414
4.674, -94.4598693847656
4.677, -94.5098419189453
4.68, -94.558349609375
4.683, -94.6053848266602
4.686, -94.6516876220703
4.689, -94.6965179443359
4.692, -94.7406158447266
4.695, -94.7839736938477
4.698, -94.8258666992188
4.701, -94.8677597045898
4.704, -94.9096527099609
4.707, -94.9508056640625
4.71, -94.9912261962891
4.713, -95.0316467285156
4.716, -95.0720672607422
4.719, -95.1132278442383
4.722, -95.1543807983398
4.725, -95.1962738037109
4.728, -95.238166809082
4.731, -95.2815246582031
4.734, -95.3256225585938
4.737, -95.3704528808594
4.74, -95.4160232543945
4.743, -95.4630584716797
4.746, -95.5108261108398
4.749, -95.5593338012695
4.752, -95.6078414916992
4.755, -95.6585464477539
4.758, -95.7099990844727
4.761, -95.7621765136719
4.764, -95.8150939941406
4.767, -95.8687438964844
4.77, -95.9231262207031
4.773, -95.9775085449219
4.776, -96.0326309204102
4.779, -96.0870208740234
4.782, -96.1414031982422
4.785, -96.1957855224609
4.788, -96.2494354248047
4.791, -96.3023529052734
4.794, -96.3537979125977
4.797, -96.4052429199219
4.8, -96.4552230834961
4.803, -96.5037231445313
4.806, -96.5507659912109
4.809, -96.5963287353516
4.812, -96.6404266357422
4.815, -96.6823196411133
4.818, -96.7220001220703
4.821, -96.7602233886719
4.824, -96.7954940795898
4.827, -96.8292999267578
4.83, -96.8609085083008
4.833, -96.8895721435547
4.836, -96.9174957275391
4.839, -96.9432220458984
4.842, -96.9667358398438
4.845, -96.9880523681641
4.848, -97.0086288452148
4.851, -97.0270004272461
4.854, -97.0439071655273
4.857, -97.0593414306641
4.86, -97.0740356445313
4.863, -97.0872650146484
4.866, -97.1004943847656
4.869, -97.1122512817383
4.872, -97.1240158081055
4.875, -97.1350402832031
4.878, -97.1460647583008
4.881, -97.1578216552734
4.884, -97.1695785522461
4.887, -97.1813354492188
4.89, -97.1938323974609
4.893, -97.2070617675781
4.896, -97.2217636108398
4.899, -97.2379302978516
4.902, -97.2540969848633
4.905, -97.2724685668945
4.908, -97.2915802001953
4.911, -97.3128890991211
4.914, -97.3349380493164
4.917, -97.3584594726563
4.92, -97.3841781616211
4.923, -97.412109375
4.926, -97.4415054321289
4.929, -97.4723739624023
4.932, -97.5054473876953
4.935, -97.5399856567383
4.938, -97.5767364501953
4.941, -97.6142196655273
4.944, -97.6531677246094
4.947, -97.6935882568359
4.95, -97.735481262207
4.953, -97.7773742675781
4.956, -97.8207321166992
4.959, -97.8640975952148
4.962, -97.9081878662109
4.965, -97.9522857666016
4.968, -97.9963836669922
4.971, -98.0404815673828
4.974, -98.0845718383789
4.977, -98.1279373168945
4.98, -98.1705627441406
4.983, -98.2117156982422
4.986, -98.2521438598633
4.989, -98.2910919189453
4.992, -98.3285751342773
4.995, -98.3631134033203
4.998, -98.3961868286133
5.001, -98.4270553588867
5.004, -98.4564514160156
5.007, -98.48291015625
5.01, -98.5078964233398
5.013, -98.5299453735352
5.016, -98.5497894287109
5.019, -98.5674285888672
5.022, -98.5828628540039
5.025, -98.5953598022461
5.028, -98.6063766479492
5.031, -98.6151962280273
5.034, -98.6218109130859
5.037, -98.6269607543945
5.04, -98.6298980712891
5.043, -98.6321029663086
5.046, -98.6313705444336
5.049, -98.6298980712891
5.052, -98.6276931762695
5.055, -98.624755859375
5.058, -98.6210784912109
5.061, -98.6174011230469
5.064, -98.6129913330078
5.067, -98.6093215942383
5.07, -98.6056442260742
5.073, -98.6019668579102
5.076, -98.5982971191406
5.079, -98.5953598022461
5.082, -98.5931549072266
5.085, -98.591682434082
5.088, -98.5902099609375
5.091, -98.5894775390625
5.094, -98.5894775390625
5.097, -98.5894775390625
5.1, -98.5894775390625
5.103, -98.5902099609375
5.106, -98.590950012207
5.109, -98.592414855957
5.112, -98.5931549072266
5.115, -98.5938873291016
5.118, -98.5938873291016
5.121, -98.5931549072266
5.124, -98.590950012207
5.127, -98.587272644043
5.13, -98.5821304321289
5.133, -98.5755157470703
5.136, -98.5674285888672
5.139, -98.5564041137695
5.142, -98.5431747436523
5.145, -98.5277404785156
5.148, -98.5086364746094
5.151, -98.4880523681641
5.154, -98.4638061523438
5.157, -98.4366073608398
5.16, -98.4057388305664
5.163, -98.3719329833984
5.166, -98.3344573974609
5.169, -98.2940292358398
5.172, -98.2506713867188
5.175, -98.2036361694336
5.178, -98.1529235839844
5.181, -98.1000061035156
5.184, -98.0434188842773
5.187, -97.9853591918945
5.19, -97.9236221313477
5.193, -97.8596878051758
5.196, -97.7935409545898
5.199, -97.7259292602539
5.202, -97.6568450927734
5.205, -97.5862884521484
5.208, -97.5142669677734
5.211, -97.4415054321289
5.214, -97.3680114746094
5.217, -97.2952499389648
5.22, -97.2224960327148
5.223, -97.1490020751953
5.226, -97.0769805908203
5.229, -97.0064239501953
5.232, -96.9373397827148
5.235, -96.8711929321289
5.238, -96.8057861328125
5.241, -96.7425842285156
5.244, -96.6823196411133
5.247, -96.6257247924805
5.25, -96.5720748901367
5.253, -96.5213623046875
5.256, -96.4743270874023
5.259, -96.4317016601563
5.262, -96.3942184448242
5.265, -96.3604125976563
5.268, -96.3317489624023
5.271, -96.3074951171875
5.274, -96.2891235351563
5.277, -96.2751617431641
5.28, -96.2663421630859
5.283, -96.2634048461914
5.286, -96.2634048461914
5.289, -96.2656097412109
5.292, -96.2729568481445
5.295, -96.2869186401367
5.298, -96.305290222168
5.301, -96.3302841186523
5.304, -96.3596801757813
5.307, -96.3949584960938
5.31, -96.4353790283203
5.313, -96.4809417724609
5.316, -96.5309219360352
5.319, -96.5853042602539
5.322, -96.6440963745117
5.325, -96.7073059082031
5.328, -96.7741851806641
5.331, -96.8454742431641
5.334, -96.9197006225586
5.337, -96.9968719482422
5.34, -97.0762405395508
5.343, -97.1585540771484
5.346, -97.2430725097656
5.349, -97.3290634155273
5.352, -97.4150466918945
5.355, -97.5025024414063
5.358, -97.5899658203125
5.361, -97.6774215698242
5.364, -97.7641448974609
5.367, -97.8493957519531
5.37, -97.9339141845703
5.373, -98.016227722168
5.376, -98.0970687866211
5.379, -98.1757049560547
5.382, -98.2506713867188
5.385, -98.3226928710938
5.388, -98.3925170898438
5.391, -98.4586563110352
5.394, -98.520393371582
5.397, -98.5784530639648
5.4, -98.6306304931641
5.403, -98.6806106567383
5.406, -98.7254409790039
5.409, -98.7658615112305
5.412, -98.801872253418
5.415, -98.8327407836914
5.418, -98.8584671020508
5.421, -98.8797760009766
5.424, -98.8959426879883
5.427, -98.9069671630859
5.43, -98.9135818481445
5.433, -98.911376953125
5.436, -98.9032974243164
5.439, -98.8908004760742
5.442, -98.873161315918
5.445, -98.8503799438477
5.448, -98.8239212036133
5.451, -98.7930526733398
5.454, -98.7577743530273
5.457, -98.7180938720703
5.46, -98.6747283935547
5.463, -98.6269607543945
5.466, -98.5755157470703
5.469, -98.521125793457
5.472, -98.4638061523438
5.475, -98.4020690917969
5.478, -98.3388595581055
5.481, -98.2727203369141
5.484, -98.2036361694336
5.487, -98.1316146850586
5.49, -98.0581207275391
5.493, -97.982421875
5.496, -97.9052505493164
5.499, -97.8273468017578
5.502, -97.7479705810547
5.505, -97.6678695678711
5.508, -97.5870208740234
5.511, -97.5069122314453
5.514, -97.4275436401367
5.517, -97.3474349975586
5.52, -97.268798828125
5.523, -97.1908950805664
5.526, -97.1144561767578
5.529, -97.0402297973633
5.532, -96.9682083129883
5.535, -96.8969192504883
5.538, -96.8292999267578
5.541, -96.7646255493164
5.544, -96.7028961181641
5.547, -96.6440963745117
5.55, -96.5882415771484
5.553, -96.5367965698242
5.556, -96.4890289306641
5.559, -96.446403503418
5.562, -96.4074478149414
5.565, -96.3714370727539
5.568, -96.34130859375
5.571, -96.3148498535156
5.574, -96.2935333251953
5.577, -96.2766342163086
5.58, -96.2648696899414
5.583, -96.2582550048828
5.586, -96.2560501098633
5.589, -96.2560501098633
5.592, -96.2582550048828
5.595, -96.2663421630859
5.598, -96.2788391113281
5.601, -96.2957382202148
5.604, -96.3177871704102
5.607, -96.3449783325195
5.61, -96.376579284668
5.613, -96.413330078125
5.616, -96.4544830322266
5.619, -96.5007858276367
5.622, -96.5514984130859
5.625, -96.6066207885742
5.628, -96.666145324707
5.631, -96.7293548583984
5.634, -96.7969665527344
5.637, -96.8689880371094
5.64, -96.9446868896484
5.643, -97.022590637207
5.646, -97.1049041748047
5.649, -97.1908950805664
5.652, -97.2798233032227
5.655, -97.3716888427734
5.658, -97.4664916992188
5.661, -97.5635070800781
5.664, -97.6619873046875
5.667, -97.7626724243164
5.67, -97.8655624389648
5.673, -97.9699249267578
5.676, -98.0742874145508
5.679, -98.1793823242188
5.682, -98.2844772338867
5.685, -98.3895721435547
5.688, -98.4939346313477
5.691, -98.5960922241211
5.694, -98.69677734375
5.697, -98.7952575683594
5.7, -98.8915328979492
5.703, -98.9841384887695
5.706, -99.0723266601563
5.709, -99.1553802490234
5.712, -99.234748840332
5.715, -99.3089828491211
5.718, -99.377326965332
5.721, -99.4390640258789
5.724, -99.4941864013672
5.727, -99.5434265136719
5.73, -99.586051940918
5.733, -99.6213302612305
5.736, -99.6507263183594
5.739, -99.6720352172852
5.742, -99.6867370605469
5.745, -99.6940841674805
5.748, -99.6904144287109
5.751, -99.6793899536133
5.754, -99.661750793457
5.757, -99.6374969482422
5.76, -99.6088333129883
5.763, -99.5750274658203
5.766, -99.5360717773438
5.769, -99.4927139282227
5.772, -99.444206237793
5.775, -99.3920288085938
5.778, -99.3369064331055
5.781, -99.2781143188477
5.784, -99.2163772583008
5.787, -99.1502304077148
5.79, -99.0826187133789
5.793, -99.0120620727539
5.796, -98.9385681152344
5.799, -98.8628692626953
5.802, -98.7864379882813
5.805, -98.7070693969727
5.808, -98.624755859375
5.811, -98.5409698486328
5.814, -98.4557189941406
5.817, -98.3682632446289
5.82, -98.2793350219727
5.823, -98.1889343261719
5.826, -98.0978012084961
5.829, -98.0044708251953
5.832, -97.9103927612305
5.835, -97.8163223266602
5.838, -97.7207794189453
5.841, -97.6252365112305
5.844, -97.5297012329102
5.847, -97.4334182739258
5.85, -97.3386154174805
5.853, -97.2445449829102
5.856, -97.1504745483398
5.859, -97.0578689575195
5.862, -96.9674682617188
5.865, -96.878547668457
5.868, -96.7925567626953
5.871, -96.7087707519531
5.874, -96.627197265625
5.877, -96.5492935180664
5.88, -96.4750671386719
5.883, -96.4052429199219
5.886, -96.3398361206055
5.889, -96.2773666381836
5.892, -96.2193069458008
5.895, -96.1671295166016
5.898, -96.1193542480469
5.901, -96.0774612426758
5.904, -96.0407180786133
5.907, -96.0098495483398
5.91, -95.985595703125
5.913, -95.9672241210938
5.916, -95.9554672241211
5.919, -95.9503173828125
5.922, -95.9495849609375
5.925, -95.951057434082
5.928, -95.9591369628906
5.931, -95.9738388061523
5.934, -95.9958877563477
5.937, -96.0245513916016
5.94, -96.0598220825195
5.943, -96.1024551391602
5.946, -96.1524276733398
5.949, -96.2097549438477
5.952, -96.2736892700195
5.955, -96.3449783325195
5.958, -96.4228820800781
5.961, -96.5081329345703
5.964, -96.6000061035156
5.967, -96.69921875
5.97, -96.8021087646484
5.973, -96.913818359375
5.976, -97.0314102172852
5.979, -97.1556167602539
5.982, -97.2864379882813
5.985, -97.4223937988281
5.988, -97.5635070800781
5.991, -97.7097549438477
5.994, -97.8611526489258
5.997, -98.017692565918
6.0, -98.1786499023438
6.003, -98.3432693481445
6.006, -98.5115737915039
6.009, -98.6835479736328
6.012, -98.8591995239258
6.015, -99.0363159179688
6.018, -99.2156448364258
6.021, -99.3971710205078
6.024, -99.5801696777344
6.027, -99.7639083862305
6.03, -99.947639465332
6.033, -100.129905700684
6.036, -100.312164306641
6.039, -100.492965698242
6.042, -100.67155456543
6.045, -100.847198486328
6.048, -101.018440246582
6.051, -101.183067321777
6.054, -101.346961975098
6.057, -101.50496673584
6.06, -101.657104492188
6.063, -101.801887512207
6.066, -101.940055847168
6.069, -102.070869445801
6.072, -102.193603515625
6.075, -102.306053161621
6.078, -102.409675598145
6.081, -102.50301361084
6.084, -102.587532043457
6.087, -102.660293579102
6.09, -102.722763061523
6.093, -102.772735595703
6.096, -102.811683654785
6.099, -102.839614868164
6.102, -102.855049133301
6.105, -102.852844238281
6.108, -102.83373260498
6.111, -102.803604125977
6.114, -102.76244354248
6.117, -102.710998535156
6.12, -102.650001525879
6.123, -102.577980041504
6.126, -102.496398925781
6.129, -102.407470703125
6.132, -102.308990478516
6.135, -102.202423095703
6.138, -102.087776184082
6.141, -101.964302062988
6.144, -101.835693359375
6.147, -101.701194763184
6.15, -101.561561584473
6.153, -101.416046142578
6.156, -101.265380859375
6.159, -101.111045837402
6.162, -100.95450592041
6.165, -100.794288635254
6.168, -100.631134033203
6.171, -100.465034484863
6.174, -100.297470092773
6.177, -100.129905700684
6.18, -99.9608688354492
6.183, -99.7910995483398
6.186, -99.6205902099609
6.189, -99.4508209228516
6.192, -99.2817840576172
6.195, -99.1142196655273
6.198, -98.9466552734375
6.201, -98.7805633544922
6.204, -98.6166687011719
6.207, -98.4549865722656
6.21, -98.2977066040039
6.213, -98.1404342651367
6.216, -97.9853591918945
6.219, -97.8332290649414
6.222, -97.6840362548828
6.225, -97.5385208129883
6.228, -97.3959426879883
6.231, -97.2570343017578
6.234, -97.1218109130859
6.237, -96.9902572631836
6.24, -96.8623733520508
6.243, -96.7381744384766
6.246, -96.6183776855469
6.249, -96.5022583007813
6.252, -96.3898086547852
6.255, -96.2825088500977
6.258, -96.1788864135742
6.261, -96.0796661376953
6.264, -95.9841232299805
6.267, -95.8937301635742
6.27, -95.8062744140625
6.273, -95.7239608764648
6.276, -95.6453247070313
6.279, -95.5710906982422
6.282, -95.5005416870117
6.285, -95.4343948364258
6.288, -95.3719253540039
6.291, -95.3145980834961
6.294, -95.2602157592773
6.297, -95.2087707519531
6.3, -95.1609954833984
6.303, -95.1161651611328
6.306, -95.0750122070313
6.309, -95.0367965698242
6.312, -95.0022506713867
6.315, -94.9699172973633
6.318, -94.9405136108398
6.321, -94.9140625
6.324, -94.8890686035156
6.327, -94.8670196533203
6.33, -94.8464431762695
6.333, -94.8280715942383
6.336, -94.8119049072266
6.339, -94.7964706420898
6.342, -94.7825088500977
6.345, -94.7700119018555
6.348, -94.7589874267578
6.351, -94.7486953735352
6.354, -94.738410949707
6.357, -94.7288589477539
6.36, -94.7200393676758
6.363, -94.7119522094727
6.366, -94.7031326293945
6.369, -94.6943130493164
6.372, -94.6847610473633
6.375, -94.6752014160156
6.378, -94.6656494140625
6.381, -94.6546249389648
6.384, -94.6428680419922
6.387, -94.629638671875
6.39, -94.6156768798828
6.393, -94.6002426147461
6.396, -94.5833358764648
6.399, -94.5649642944336
6.402, -94.5443878173828
6.405, -94.5223388671875
6.408, -94.4980850219727
6.411, -94.4723587036133
6.414, -94.4451675415039
6.417, -94.4150390625
6.42, -94.3834381103516
6.423, -94.3503646850586
6.426, -94.3150863647461
6.429, -94.2783355712891
6.432, -94.240119934082
6.435, -94.1996994018555
6.438, -94.1578063964844
6.441, -94.1151809692383
6.444, -94.0725555419922
6.447, -94.0284576416016
6.45, -93.9843673706055
6.453, -93.9402694702148
6.456, -93.8961715698242
6.459, -93.8528137207031
6.462, -93.810188293457
6.465, -93.7682952880859
6.468, -93.7278747558594
6.471, -93.6896514892578
6.474, -93.6543807983398
6.477, -93.6213073730469
6.48, -93.5911712646484
6.483, -93.5639801025391
6.486, -93.5411987304688
6.489, -93.5228271484375
6.492, -93.5088577270508
6.495, -93.4985733032227
6.498, -93.4934234619141
6.501, -93.4934234619141
6.504, -93.4948959350586
6.507, -93.5015106201172
6.51, -93.5132675170898
6.513, -93.5316467285156
6.516, -93.5566329956055
6.519, -93.5882339477539
6.522, -93.6264495849609
6.525, -93.6720199584961
6.528, -93.7249298095703
6.531, -93.7851943969727
6.534, -93.8528137207031
6.537, -93.9263076782227
6.54, -94.0086135864258
6.543, -94.0982818603516
6.546, -94.1952896118164
6.549, -94.3003845214844
6.552, -94.4120941162109
6.555, -94.5311584472656
6.558, -94.6583023071289
6.561, -94.7913284301758
6.564, -94.9302291870117
6.567, -95.0750122070313
6.57, -95.2264099121094
6.573, -95.3836822509766
6.576, -95.5446319580078
6.579, -95.7092590332031
6.582, -95.876823425293
6.585, -96.0487976074219
6.588, -96.2229843139648
6.591, -96.3971633911133
6.594, -96.5713424682617
6.597, -96.7440490722656
6.6, -96.9160232543945
6.603, -97.0872650146484
6.606, -97.2526245117188
6.609, -97.4135818481445
6.612, -97.5693817138672
6.615, -97.7193145751953
6.618, -97.8611526489258
6.621, -97.9971160888672
6.624, -98.1242599487305
6.627, -98.2433242797852
6.63, -98.3535614013672
6.633, -98.4549865722656
6.636, -98.5475845336914
6.639, -98.6306304931641
6.642, -98.7048645019531
6.645, -98.7695388793945
6.648, -98.8261260986328
6.651, -98.8753662109375
6.654, -98.9172592163086
6.657, -98.9525375366211
6.66, -98.9804611206055
6.663, -99.0025100708008
6.666, -99.020149230957
6.669, -99.0333786010742
6.672, -99.0414657592773
6.675, -99.0458755493164
6.678, -99.0473403930664
6.681, -99.0451354980469
6.684, -99.0407257080078
6.687, -99.0355834960938
6.69, -99.0289688110352
6.693, -99.0216217041016
6.696, -99.015007019043
6.699, -99.0076522827148
6.702, -99.0003051757813
6.705, -98.9929580688477
6.708, -98.9856109619141
6.711, -98.9782562255859
6.714, -98.9709091186523
6.717, -98.9635620117188
6.72, -98.9562072753906
6.723, -98.948127746582
6.726, -98.9400405883789
6.729, -98.9304885864258
6.732, -98.9209365844727
6.735, -98.909912109375
6.738, -98.8974151611328
6.741, -98.8827133178711
6.744, -98.8672790527344
6.747, -98.8496475219727
6.75, -98.8298034667969
6.753, -98.8077545166016
6.756, -98.7827682495117
6.759, -98.7548370361328
6.762, -98.7247085571289
6.765, -98.6923675537109
6.768, -98.6570892333984
6.771, -98.6203460693359
6.774, -98.5806579589844
6.777, -98.5394973754883
6.78, -98.4961395263672
6.783, -98.4513092041016
6.786, -98.4057388305664
6.789, -98.3579711914063
6.792, -98.3094635009766
6.795, -98.2609634399414
6.798, -98.2124557495117
6.801, -98.164680480957
6.804, -98.1161804199219
6.807, -98.0684051513672
6.81, -98.022102355957
6.813, -97.9765396118164
6.816, -97.9331817626953
6.819, -97.8912887573242
6.822, -97.8508682250977
6.825, -97.8119125366211
6.828, -97.7759017944336
6.831, -97.7413635253906
6.834, -97.7090225219727
6.837, -97.6788940429688
6.84, -97.6509628295898
6.843, -97.6245040893555
6.846, -97.6002502441406
6.849, -97.5782012939453
6.852, -97.5568923950195
6.855, -97.5370483398438
6.858, -97.5186767578125
6.861, -97.5010375976563
6.864, -97.484130859375
6.867, -97.4679641723633
6.87, -97.4517974853516
6.873, -97.4348907470703
6.876, -97.4179916381836
6.879, -97.4003524780273
6.882, -97.3827133178711
6.885, -97.3628692626953
6.888, -97.341552734375
6.891, -97.3195037841797
6.894, -97.2959899902344
6.897, -97.270263671875
6.9, -97.2430725097656
6.903, -97.2144088745117
6.906, -97.1835403442383
6.909, -97.1504745483398
6.912, -97.1166610717773
6.915, -97.0806503295898
6.918, -97.0439071655273
6.921, -97.0049514770508
6.924, -96.9645309448242
6.927, -96.9233779907227
6.93, -96.8822174072266
6.933, -96.8403244018555
6.936, -96.7976989746094
6.939, -96.7550735473633
6.942, -96.7124481201172
6.945, -96.6698226928711
6.948, -96.627197265625
6.951, -96.5853042602539
6.954, -96.5441513061523
6.957, -96.5037231445313
6.96, -96.4640426635742
6.963, -96.4258270263672
6.966, -96.3876037597656
6.969, -96.3515930175781
6.972, -96.3155822753906
6.975, -96.2810440063477
6.978, -96.2472305297852
6.981, -96.2141647338867
6.984, -96.1825561523438
6.987, -96.1516952514648
6.99, -96.1208267211914
6.993, -96.090690612793
6.996, -96.0620269775391
6.999, -96.0333709716797
7.002, -96.0039672851563
7.005, -95.9753112792969
7.008, -95.946647644043
7.011, -95.9172439575195
7.014, -95.8885879516602
7.017, -95.8584518432617
7.02, -95.8283233642578
7.023, -95.7974548339844
7.026, -95.7658538818359
7.029, -95.733512878418
7.032, -95.69970703125
7.035, -95.665901184082
7.038, -95.6306228637695
7.041, -95.594612121582
7.044, -95.557861328125
7.047, -95.520378112793
7.05, -95.4821624755859
7.053, -95.4432144165039
7.056, -95.4042587280273
7.059, -95.3638381958008
7.062, -95.3241500854492
7.065, -95.2837295532227
7.068, -95.2433090209961
7.071, -95.2028884887695
7.074, -95.161735534668
7.077, -95.1220474243164
7.08, -95.0823593139648
7.083, -95.0426712036133
7.086, -95.0037231445313
7.089, -94.9662399291992
7.092, -94.9287567138672
7.095, -94.8927459716797
7.098, -94.8574676513672
7.101, -94.8236618041992
7.104, -94.7905883789063
7.107, -94.7589874267578
7.11, -94.7288589477539
7.113, -94.6994552612305
7.116, -94.6715316772461
7.119, -94.6458053588867
7.122, -94.6208190917969
7.125, -94.5973052978516
7.128, -94.5745162963867
7.131, -94.5539398193359
7.134, -94.5340957641602
7.137, -94.5157241821289
7.14, -94.4988174438477
7.143, -94.4833831787109
7.146, -94.4686889648438
7.149, -94.4554595947266
7.152, -94.4422302246094
7.155, -94.4304733276367
7.158, -94.4194488525391
7.161, -94.4098892211914
7.164, -94.4003372192383
7.167, -94.3915176391602
7.17, -94.382698059082
7.173, -94.3746185302734
7.176, -94.3672637939453
7.179, -94.3599166870117
7.182, -94.3533020019531
7.185, -94.3459548950195
7.188, -94.3393402099609
7.191, -94.3327255249023
7.194, -94.3253784179688
7.197, -94.3180236816406
7.2, -94.310676574707
7.203, -94.3025894165039
7.206, -94.2945098876953
7.209, -94.2864227294922
7.212, -94.2783355712891
7.215, -94.2687835693359
7.218, -94.2599639892578
7.221, -94.2504119873047
7.224, -94.2408599853516
7.227, -94.2313003540039
7.23, -94.2210159301758
7.233, -94.2107238769531
7.236, -94.200439453125
7.239, -94.1908798217773
7.242, -94.1813278198242
7.245, -94.1717758178711
7.248, -94.1622161865234
7.251, -94.1541366577148
7.254, -94.1460494995117
7.257, -94.1394348144531
7.26, -94.1335601806641
7.263, -94.1284103393555
7.266, -94.1240005493164
7.269, -94.1217956542969
7.272, -94.1203308105469
7.275, -94.1203308105469
7.278, -94.1210632324219
7.281, -94.1232681274414
7.284, -94.1269454956055
7.287, -94.1335601806641
7.29, -94.1416397094727
7.293, -94.1526641845703
7.296, -94.1658935546875
7.299, -94.1820602416992
7.302, -94.201171875
7.305, -94.2232208251953
7.308, -94.2482070922852
7.311, -94.2753982543945
7.314, -94.306999206543
7.317, -94.3415451049805
7.32, -94.3797607421875
7.323, -94.4216537475586
7.326, -94.4672164916992
7.329, -94.5164566040039
7.332, -94.5701065063477
7.335, -94.6274337768555
7.338, -94.6899032592773
7.341, -94.7560501098633
7.344, -94.8265991210938
7.347, -94.9015655517578
7.35, -94.9802017211914
7.353, -95.0647201538086
7.356, -95.1536483764648
7.359, -95.2477188110352
7.362, -95.3476715087891
7.365, -95.452033996582
7.368, -95.5622711181641
7.371, -95.6769256591797
7.374, -95.7981872558594
7.377, -95.9245986938477
7.38, -96.056884765625
7.383, -96.1943206787109
7.386, -96.3383636474609
7.389, -96.4882965087891
7.392, -96.6440963745117
7.395, -96.8057861328125
7.398, -96.9740829467773
7.401, -97.1482696533203
7.404, -97.3290634155273
7.407, -97.5157318115234
7.41, -97.7090225219727
7.413, -97.9089279174805
7.416, -98.1154403686523
7.419, -98.3278427124023
7.422, -98.5468521118164
7.425, -98.7724761962891
7.428, -99.0039825439453
7.431, -99.2376937866211
7.434, -99.482421875
7.437, -99.733039855957
7.44, -99.9902648925781
7.443, -100.253372192383
7.446, -100.522361755371
7.449, -100.795753479004
7.452, -101.07576751709
7.455, -101.36238861084
7.458, -101.651954650879
7.461, -101.948867797852
7.464, -102.247253417969
7.467, -102.55152130127
7.47, -102.858726501465
7.473, -103.171073913574
7.476, -103.485626220703
7.479, -103.802383422852
7.482, -104.12134552002
7.485, -104.442512512207
7.488, -104.765151977539
7.491, -105.088523864746
7.494, -105.412628173828
7.497, -105.73747253418
7.5, -106.062309265137
7.503, -106.387886047363
7.506, -106.71346282959
7.509, -107.039039611816
7.512, -107.358001708984
7.515, -107.68431854248
7.518, -108.009895324707
7.521, -108.337677001953
7.524, -108.667663574219
7.527, -109.001319885254
7.53, -109.337188720703
7.533, -109.675262451172
7.536, -110.022148132324
7.539, -110.380065917969
7.542, -110.747528076172
7.545, -111.126022338867
7.548, -111.516273498535
7.551, -111.925636291504
7.554, -112.357780456543
7.557, -112.812705993652
7.56, -113.291145324707
7.563, -113.790901184082
7.566, -114.303886413574
7.569, -114.827896118164
7.572, -115.362930297852
7.575, -115.908256530762
7.578, -116.453575134277
7.581, -116.918060302734
7.584, -117.284057617188
7.587, -117.553779602051
7.59, -117.725021362305
7.593, -117.79704284668
7.596, -117.713996887207
7.599, -117.552307128906
7.602, -117.310516357422
7.605, -116.999633789063
7.608, -116.65495300293
7.611, -116.280868530273
7.614, -115.877388000488
7.617, -115.445243835449
7.62, -114.989585876465
7.623, -114.529518127441
7.626, -114.065032958984
7.629, -113.597618103027
7.632, -113.126518249512
7.635, -112.654693603516
7.638, -112.190208435059
7.641, -111.73307800293
7.644, -111.283302307129
7.647, -110.841606140137
7.65, -110.407989501953
7.653, -109.986137390137
7.656, -109.575309753418
7.659, -109.176239013672
7.662, -108.788192749023
7.665, -108.411903381348
7.668, -108.047370910645
7.671, -107.701217651367
7.674, -107.360206604004
7.677, -107.030960083008
7.68, -106.712730407715
7.683, -106.404792785645
7.686, -106.108612060547
7.689, -105.821983337402
7.692, -105.545654296875
7.695, -105.279602050781
7.698, -105.02237701416
7.701, -104.774703979492
7.704, -104.535850524902
7.707, -104.305816650391
7.71, -104.083862304688
7.713, -103.869995117188
7.716, -103.663475036621
7.719, -103.464309692383
7.722, -103.273223876953
7.725, -103.088760375977
7.728, -102.910903930664
7.731, -102.740394592285
7.734, -102.576507568359
7.737, -102.419227600098
7.74, -102.268569946289
7.743, -102.124519348145
7.746, -101.986351013184
7.749, -101.854797363281
7.752, -101.731330871582
7.755, -101.612274169922
7.758, -101.498352050781
7.761, -101.391052246094
7.764, -101.28963470459
7.767, -101.19482421875
7.77, -101.105895996094
7.773, -101.022850036621
7.776, -100.945686340332
7.779, -100.874397277832
7.782, -100.808982849121
7.785, -100.749458312988
7.788, -100.695808410645
7.791, -100.647300720215
7.794, -100.603935241699
7.797, -100.566459655762
7.8, -100.534851074219
7.803, -100.506927490234
7.806, -100.484878540039
7.809, -100.467971801758
7.812, -100.45548248291
7.815, -100.448127746582
7.818, -100.443717956543
7.821, -100.443717956543
7.824, -100.444458007813
7.827, -100.448867797852
7.83, -100.45768737793
7.833, -100.470176696777
7.836, -100.485610961914
7.839, -100.503982543945
7.842, -100.52677154541
7.845, -100.5517578125
7.848, -100.580421447754
7.851, -100.611289978027
7.854, -100.644355773926
7.857, -100.681106567383
7.86, -100.71932220459
7.863, -100.760482788086
7.866, -100.803108215332
7.869, -100.847938537598
7.872, -100.894973754883
7.875, -100.943481445313
7.878, -100.994186401367
7.881, -101.045631408691
7.884, -101.099281311035
7.887, -101.154403686523
7.89, -101.210998535156
7.893, -101.26831817627
7.896, -101.327850341797
7.899, -101.388114929199
7.902, -101.449851989746
7.905, -101.512321472168
7.908, -101.575523376465
7.911, -101.638725280762
7.914, -101.703399658203
7.917, -101.76734161377
7.92, -101.832015991211
7.923, -101.897422790527
7.926, -101.962837219238
7.929, -102.028244018555
7.932, -102.094390869141
7.935, -102.159797668457
7.938, -102.225204467773
7.941, -102.289878845215
7.944, -102.354553222656
7.947, -102.419967651367
7.95, -102.483901977539
7.953, -102.547843933105
7.956, -102.611785888672
7.959, -102.674987792969
7.962, -102.737457275391
7.965, -102.799926757813
7.968, -102.861663818359
7.971, -102.922660827637
7.974, -102.982925415039
7.977, -103.042457580566
7.98, -103.101249694824
7.983, -103.159309387207
7.986, -103.21590423584
7.989, -103.272491455078
7.992, -103.326873779297
7.995, -103.380531311035
7.998, -103.430503845215
8.001, -103.479011535645
8.004, -103.52604675293
8.007, -103.570877075195
8.01, -103.612030029297
8.013, -103.650253295898
8.016, -103.684791564941
8.019, -103.715660095215
8.022, -103.743583679199
8.025, -103.767105102539
8.028, -103.78547668457
8.031, -103.800178527832
8.034, -103.81046295166
8.037, -103.815612792969
8.04, -103.814872741699
8.043, -103.808258056641
8.046, -103.797233581543
8.049, -103.783271789551
8.052, -103.766372680664
8.055, -103.746528625488
8.058, -103.725212097168
8.061, -103.700958251953
8.064, -103.675971984863
8.067, -103.650985717773
8.07, -103.626731872559
8.073, -103.603210449219
8.076, -103.580429077148
8.079, -103.559120178223
8.082, -103.541481018066
8.085, -103.52751159668
8.088, -103.517227172852
8.091, -103.510612487793
8.094, -103.509880065918
8.097, -103.509880065918
8.1, -103.516494750977
8.103, -103.529716491699
8.106, -103.550300598145
8.109, -103.577491760254
8.112, -103.614234924316
8.115, -103.660537719727
8.118, -103.717124938965
8.121, -103.784744262695
8.124, -103.861907958984
8.127, -103.950836181641
8.13, -104.053726196289
8.133, -104.169853210449
8.136, -104.299201965332
8.139, -104.441772460938
8.142, -104.599784851074
8.145, -104.773963928223
8.148, -104.964317321777
8.151, -105.170829772949
8.154, -105.393516540527
8.157, -105.633110046387
8.16, -105.884452819824
8.163, -106.157852172852
8.166, -106.447418212891
8.169, -106.754623413086
8.172, -107.072845458984
8.175, -107.399894714355
8.178, -107.73649597168
8.181, -108.081916809082
8.184, -108.434684753418
8.187, -108.772018432617
8.19, -109.09098815918
8.193, -109.390838623047
8.196, -109.673057556152
8.199, -109.932487487793
8.202, -110.151496887207
8.205, -110.32935333252
8.208, -110.463844299316
8.211, -110.556449890137
8.214, -110.608627319336
8.217, -110.607894897461
8.22, -110.555709838867
8.223, -110.4697265625
8.226, -110.352867126465
8.229, -110.218376159668
8.232, -110.06551361084
8.235, -109.895736694336
8.238, -109.712005615234
8.241, -109.510635375977
8.244, -109.303382873535
8.247, -109.09024810791
8.25, -108.871971130371
8.253, -108.647819519043
8.256, -108.419990539551
8.259, -108.193626403809
8.262, -107.968734741211
8.265, -107.745315551758
8.268, -107.52262878418
8.271, -107.302886962891
8.274, -107.088279724121
8.277, -106.87882232666
8.28, -106.674514770508
8.283, -106.474609375
8.286, -106.281318664551
8.289, -106.09538269043
8.292, -105.916793823242
8.295, -105.745552062988
8.298, -105.581665039063
8.301, -105.425857543945
8.304, -105.278869628906
8.307, -105.140701293945
8.31, -105.011352539063
8.313, -104.890823364258
8.316, -104.779846191406
8.319, -104.679893493652
8.322, -104.588027954102
8.325, -104.505714416504
8.328, -104.432220458984
8.331, -104.369018554688
8.334, -104.315368652344
8.337, -104.271270751953
8.34, -104.23673248291
8.343, -104.211738586426
8.346, -104.195571899414
8.349, -104.18822479248
8.352, -104.187484741211
8.355, -104.18968963623
8.358, -104.199981689453
8.361, -104.218353271484
8.364, -104.244079589844
8.367, -104.277153015137
8.37, -104.316101074219
8.373, -104.361671447754
8.376, -104.413848876953
8.379, -104.468971252441
8.382, -104.527763366699
8.385, -104.589500427246
8.388, -104.653434753418
8.391, -104.720314025879
8.394, -104.786460876465
8.397, -104.851135253906
8.4, -104.915077209473
8.403, -104.975341796875
8.406, -105.035606384277
8.409, -105.091461181641
8.412, -105.14217376709
8.415, -105.188468933105
8.418, -105.229629516602
8.421, -105.265640258789
8.424, -105.295036315918
8.427, -105.317817687988
8.43, -105.33472442627
8.433, -105.345016479492
8.436, -105.345748901367
8.439, -105.337661743164
8.442, -105.322967529297
8.445, -105.301651000977
8.448, -105.275932312012
8.451, -105.245063781738
8.454, -105.21125793457
8.457, -105.172302246094
8.46, -105.130409240723
8.463, -105.084846496582
8.466, -105.037811279297
8.469, -104.988571166992
8.472, -104.937858581543
8.475, -104.885681152344
8.478, -104.832763671875
8.481, -104.780578613281
8.484, -104.729873657227
8.487, -104.678428649902
8.49, -104.626983642578
8.493, -104.577735900879
8.496, -104.530700683594
8.499, -104.485870361328
8.502, -104.444717407227
8.505, -104.405029296875
8.508, -104.369018554688
8.511, -104.33667755127
8.514, -104.307281494141
8.517, -104.282295227051
8.52, -104.26097869873
8.523, -104.243339538574
8.526, -104.230850219727
8.529, -104.222030639648
8.532, -104.217620849609
8.535, -104.216888427734
8.538, -104.216888427734
8.541, -104.221298217773
8.544, -104.228645324707
8.547, -104.24040222168
8.55, -104.255836486816
8.553, -104.274948120117
8.556, -104.296997070313
8.559, -104.322715759277
8.562, -104.350646972656
8.565, -104.382247924805
8.568, -104.416053771973
8.571, -104.45206451416
8.574, -104.490280151367
8.577, -104.529968261719
8.58, -104.57112121582
8.583, -104.613754272461
8.586, -104.657112121582
8.589, -104.701210021973
8.592, -104.744567871094
8.595, -104.788665771484
8.598, -104.83349609375
8.601, -104.876121520996
8.604, -104.918014526367
8.607, -104.958435058594
8.61, -104.99739074707
8.613, -105.034133911133
8.616, -105.067939758301
8.619, -105.098075866699
8.622, -105.124534606934
8.625, -105.146583557129
8.628, -105.16495513916
8.631, -105.175239562988
8.634, -105.174507141113
8.637, -105.163482666016
8.64, -105.14363861084
8.643, -105.113510131836
8.646, -105.073822021484
8.649, -105.023849487305
8.652, -104.962844848633
8.655, -104.892295837402
8.658, -104.81071472168
8.661, -104.718109130859
8.664, -104.615219116211
8.667, -104.502044677734
8.67, -104.378570556641
8.673, -104.247749328613
8.676, -104.108848571777
8.679, -103.961128234863
8.682, -103.806053161621
8.685, -103.644371032715
8.688, -103.479011535645
8.691, -103.30997467041
8.694, -103.136528015137
8.697, -102.958671569824
8.7, -102.780082702637
8.703, -102.600761413574
8.706, -102.422172546387
8.709, -102.24284362793
8.712, -102.064254760742
8.715, -101.887870788574
8.718, -101.714424133301
8.721, -101.543922424316
8.724, -101.377090454102
8.727, -101.21614074707
8.73, -101.057395935059
8.733, -100.903053283691
8.736, -100.754600524902
8.739, -100.611289978027
8.742, -100.473854064941
8.745, -100.341567993164
8.748, -100.21662902832
8.751, -100.098304748535
8.754, -99.9858551025391
8.757, -99.8807601928711
8.76, -99.7822799682617
8.763, -99.6904144287109
8.766, -99.6058959960938
8.769, -99.5279922485352
8.772, -99.4574356079102
8.775, -99.3934936523438
8.778, -99.3361740112305
8.781, -99.2861938476563
8.784, -99.2421035766602
8.787, -99.2053527832031
8.79, -99.1744842529297
8.793, -99.1502304077148
8.796, -99.1318588256836
8.799, -99.1201019287109
8.802, -99.1142196655273
8.805, -99.1134872436523
8.808, -99.1134872436523
8.811, -99.1178970336914
8.814, -99.1274490356445
8.817, -99.1421508789063
8.82, -99.161994934082
8.823, -99.1855087280273
8.826, -99.2119674682617
8.829, -99.2428359985352
8.832, -99.2773742675781
8.835, -99.3148574829102
8.838, -99.3545455932617
8.841, -99.3971710205078
8.844, -99.4412689208984
8.847, -99.4883041381836
8.85, -99.5375442504883
8.853, -99.586784362793
8.856, -99.6374969482422
8.859, -99.6889419555664
8.862, -99.7418594360352
8.865, -99.7947692871094
8.868, -99.8476867675781
8.871, -99.8998718261719
8.874, -99.9527816772461
8.877, -100.00422668457
8.88, -100.056411743164
8.883, -100.107124328613
8.886, -100.157829284668
8.889, -100.207809448242
8.892, -100.257049560547
8.895, -100.306289672852
8.898, -100.354797363281
8.901, -100.404037475586
8.904, -100.452537536621
8.907, -100.50178527832
8.91, -100.551025390625
8.913, -100.600997924805
8.916, -100.652442932129
8.919, -100.704620361328
8.922, -100.758277893066
8.925, -100.81339263916
8.928, -100.871452331543
8.931, -100.932456970215
8.934, -100.995658874512
8.937, -101.061805725098
