% Measurement ID: 3004
% Mode ID: 1
% Date and time: 2020-02-28 13:20:22
% Sample ID: TOT30-93
% Measurement type: ringdown
% Frequency [Hz]: 179231.0
% Quality factor: 28843696.14716378
% Temperature [K]: 293.0
% Pressure [mBar]: 5.17e-08
% Notes: 
% 
%
% measurement data
% time [s], power [dBm]
0.0, 10.59939
0.24032042723631508, 10.57986
0.48064085447263016, 10.56521
0.7209612817089452, 10.5408
0.9612817089452603, 10.52127
1.2016021361815754, 10.5115
1.4419225634178905, 10.48709
1.6822429906542056, 10.46267
1.9225634178905207, 10.45291
2.162883845126836, 10.43337
2.403204272363151, 10.41384
2.6435246995994657, 10.38455
2.883845126835781, 10.36502
3.1241655540720963, 10.34548
3.364485981308411, 10.32595
3.604806408544726, 10.3113
3.8451268357810413, 10.28201
4.085447263017357, 10.25759
4.325767690253672, 10.23806
4.566088117489986, 10.21853
4.806408544726302, 10.199
5.046728971962617, 10.17459
5.287049399198931, 10.14041
5.527369826435247, 10.12087
5.767690253671562, 10.10134
6.008010680907877, 10.08181
6.248331108144193, 10.06228
6.488651535380507, 10.03787
6.728971962616822, 10.00369
6.969292389853138, 9.984156
7.209612817089452, 9.964625
7.449933244325767, 9.935328
7.690253671562083, 9.925562
7.930574098798398, 9.896266
8.170894526034713, 9.871852
8.411214953271028, 9.837672
8.651535380507344, 9.808375
8.891855807743658, 9.788844
9.132176234979973, 9.769312
9.372496662216289, 9.740016
9.612817089452603, 9.720484
9.853137516688918, 9.691187
10.093457943925234, 9.666773
10.333778371161548, 9.637477
10.574098798397863, 9.60818
10.814419225634179, 9.574
11.054739652870493, 9.544703
11.29506008010681, 9.525172
11.535380507343124, 9.495875
11.775700934579438, 9.476344
12.016021361815755, 9.447047
12.256341789052069, 9.427516
12.496662216288385, 9.398219
12.7369826435247, 9.368922
12.977303070761014, 9.344508
13.21762349799733, 9.305445
13.457943925233645, 9.276148
13.698264352469959, 9.241969
13.938584779706275, 9.212672
14.17890520694259, 9.193141
14.419225634178904, 9.163844
14.65954606141522, 9.134547
14.899866488651535, 9.10525
15.14018691588785, 9.075953
15.380507343124165, 9.046656
15.62082777036048, 9.027125
15.861148197596796, 8.997828
16.10146862483311, 8.968531
16.341789052069426, 8.939234
16.58210947930574, 8.909937
16.822429906542055, 8.875758
17.06275033377837, 8.846461
17.303070761014688, 8.807398
17.543391188251, 8.773219
17.783711615487316, 8.739039
18.024032042723633, 8.709742
18.264352469959945, 8.680445
18.50467289719626, 8.646266
18.744993324432578, 8.616969
18.98531375166889, 8.587672
19.225634178905207, 8.558375
19.465954606141523, 8.529078
19.706275033377835, 8.499781
19.94659546061415, 8.460719
20.186915887850468, 8.431422
20.42723631508678, 8.402125
20.667556742323097, 8.372828
20.907877169559413, 8.343531
21.148197596795725, 8.314234
21.38851802403204, 8.275172
21.628838451268358, 8.245875
21.869158878504674, 8.216578
22.109479305740987, 8.187281
22.349799732977303, 8.157984
22.59012016021362, 8.118922
22.83044058744993, 8.089625
23.070761014686248, 8.060328
23.311081441922564, 8.021266
23.551401869158877, 7.991969
23.791722296395193, 7.962672
24.03204272363151, 7.923609
24.27236315086782, 7.894312
24.512683578104138, 7.865016
24.753004005340454, 7.825953
24.99332443257677, 7.796656
25.233644859813083, 7.757594
25.4739652870494, 7.728297
25.714285714285715, 7.689234
25.954606141522028, 7.659937
26.194926568758344, 7.620875
26.43524699599466, 7.591578
26.675567423230973, 7.552516
26.91588785046729, 7.523219
27.156208277703605, 7.493922
27.396528704939918, 7.454859
27.636849132176234, 7.425562
27.87716955941255, 7.3865
28.117489986648863, 7.357203
28.35781041388518, 7.318141
28.598130841121495, 7.279078
28.838451268357808, 7.249781
29.078771695594124, 7.210719
29.31909212283044, 7.181422
29.559412550066757, 7.152125
29.79973297730307, 7.122828
30.040053404539385, 7.083766
30.2803738317757, 7.044703
30.520694259012014, 7.015406
30.76101468624833, 6.976344
31.001335113484647, 6.937281
31.24165554072096, 6.898219
31.481975967957275, 6.868922
31.72229639519359, 6.829859
31.962616822429904, 6.790797
32.20293724966622, 6.7615
32.44325767690253, 6.722437
32.68357810413885, 6.693141
32.923898531375166, 6.654078
33.16421895861148, 6.615016
33.4045393858478, 6.575953
33.64485981308411, 6.546656
33.88518024032042, 6.507594
34.12550066755674, 6.468531
34.365821094793056, 6.439234
34.606141522029375, 6.400172
34.84646194926569, 6.361109
35.086782376502, 6.322047
35.32710280373832, 6.29275
35.56742323097463, 6.253687
35.807743658210946, 6.214625
36.048064085447265, 6.175562
36.28838451268358, 6.146266
36.52870493991989, 6.107203
36.76902536715621, 6.068141
37.00934579439252, 6.038844
37.249666221628836, 5.999781
37.489986648865155, 5.960719
37.73030707610147, 5.921656
37.97062750333778, 5.882594
38.2109479305741, 5.853297
38.45126835781041, 5.814234
38.691588785046726, 5.775172
38.931909212283045, 5.736109
39.17222963951936, 5.697047
39.41255006675567, 5.657984
39.65287049399199, 5.628687
39.8931909212283, 5.589625
40.133511348464616, 5.550562
40.373831775700936, 5.5115
40.61415220293725, 5.472437
40.85447263017356, 5.443141
41.09479305740988, 5.404078
41.33511348464619, 5.369898
41.575433911882506, 5.335719
41.815754339118826, 5.296656
42.05607476635514, 5.257594
42.29639519359145, 5.218531
42.53671562082777, 5.179469
42.77703604806408, 5.140406
43.0173564753004, 5.101344
43.257676902536716, 5.062281
43.49799732977303, 5.032984
43.73831775700935, 4.993922
43.97863818424566, 4.949977
44.21895861148197, 4.915797
44.45927903871829, 4.876734
44.699599465954606, 4.842555
44.93991989319092, 4.798609
45.18024032042724, 4.759547
45.42056074766355, 4.720484
45.66088117489986, 4.691187
45.90120160213618, 4.652125
46.141522029372496, 4.613062
46.38184245660881, 4.574
46.62216288384513, 4.534937
46.86248331108144, 4.495875
47.10280373831775, 4.456812
47.34312416555407, 4.41775
47.583444592790386, 4.378687
47.8237650200267, 4.339625
48.06408544726302, 4.300562
48.30440587449933, 4.271266
48.54472630173564, 4.232203
48.78504672897196, 4.193141
49.025367156208276, 4.154078
49.26568758344459, 4.115016
49.50600801068091, 4.075953
49.74632843791722, 4.036891
49.98664886515354, 4.007594
50.22696929238985, 3.968531
50.467289719626166, 3.929469
50.707610146862486, 3.890406
50.9479305740988, 3.851344
51.18825100133511, 3.812281
51.42857142857143, 3.773219
51.66889185580774, 3.734156
51.909212283044056, 3.695094
52.149532710280376, 3.656031
52.38985313751669, 3.626734
52.630173564753, 3.587672
52.87049399198932, 3.548609
53.11081441922563, 3.509547
53.351134846461946, 3.470484
53.591455273698266, 3.431422
53.83177570093458, 3.387477
54.07209612817089, 3.348414
54.31241655540721, 3.319117
54.55273698264352, 3.280055
54.793057409879836, 3.231227
55.033377837116156, 3.192164
55.27369826435247, 3.153102
55.51401869158878, 3.104273
55.7543391188251, 3.065211
55.99465954606141, 3.026148
56.234979973297726, 2.987086
56.475300400534046, 2.943141
56.71562082777036, 2.904078
56.95594125500667, 2.865016
57.19626168224299, 2.825953
57.4365821094793, 2.786891
57.676902536715616, 2.747828
57.917222963951936, 2.699
58.15754339118825, 2.669703
58.39786381842457, 2.630641
58.63818424566088, 2.591578
58.87850467289719, 2.552516
59.11882510013351, 2.513453
59.359145527369826, 2.484156
59.59946595460614, 2.435328
59.83978638184246, 2.406031
60.08010680907877, 2.366969
60.32042723631508, 2.327906
60.5607476635514, 2.288844
60.801068090787716, 2.249781
61.04138851802403, 2.200953
61.28170894526035, 2.161891
61.52202937249666, 2.117945
61.762349799732974, 2.078883
62.00267022696929, 2.030055
62.242990654205606, 1.995875
62.48331108144192, 1.956812
62.72363150867824, 1.91775
62.96395193591455, 1.878687
63.204272363150864, 1.839625
63.44459279038718, 1.800562
63.684913217623496, 1.7615
63.92523364485981, 1.732203
64.16555407209613, 1.693141
64.40587449933244, 1.654078
64.64619492656875, 1.615016
64.88651535380507, 1.57107
65.1268357810414, 1.532008
65.3671562082777, 1.492945
65.60747663551402, 1.444117
65.84779706275033, 1.395289
66.08811748998664, 1.351344
66.32843791722296, 1.322047
66.56875834445928, 1.282984
66.8090787716956, 1.243922
67.04939919893191, 1.195094
67.28971962616822, 1.165797
67.53004005340453, 1.126734
67.77036048064085, 1.097437
68.01068090787717, 1.053492
68.25100133511349, 1.004664
68.4913217623498, 0.9656016
68.73164218958611, 0.9167734
68.97196261682242, 0.8777109
69.21228304405875, 0.824
69.45260347129506, 0.7849375
69.69292389853138, 0.7556406
69.93324432576769, 0.7165781
70.173564753004, 0.6775156
70.41388518024031, 0.6482187
70.65420560747664, 0.5993906
70.89452603471295, 0.5700937
71.13484646194927, 0.5261484
71.37516688918558, 0.4773203
71.61548731642189, 0.4284922
71.8558077436582, 0.3845469
72.09612817089453, 0.35525
72.33644859813084, 0.3161875
72.57676902536716, 0.277125
72.81708945260347, 0.2380625
73.05740987983978, 0.199
73.2977303070761, 0.1648203
73.53805073431242, 0.1257578
73.77837116154873, 0.07692969
74.01869158878505, 0.02321875
74.25901201602136, -0.01584375
74.49933244325767, -0.05490625
74.73965287049398, -0.08420313
74.97997329773031, -0.1330313
75.22029372496662, -0.1623281
75.46061415220294, -0.2013906
75.70093457943925, -0.2453359
75.94125500667556, -0.2892813
76.18157543391187, -0.3429922
76.4218958611482, -0.3869375
76.66221628838451, -0.426
76.90253671562083, -0.4552969
77.14285714285714, -0.4845938
77.38317757009345, -0.5236563
77.62349799732978, -0.5676016
77.86381842456609, -0.6164297
78.1041388518024, -0.6701406
78.34445927903872, -0.7092031
78.58477970627503, -0.7482656
78.82510013351134, -0.7873281
79.06542056074767, -0.816625
79.30574098798398, -0.8605703
79.5460614152203, -0.8996328
79.7863818424566, -0.9484609
80.02670226969292, -1.002172
80.26702269692923, -1.041234
80.50734312416556, -1.070531
80.74766355140187, -1.099828
80.98798397863818, -1.138891
81.2283044058745, -1.17307
81.46862483311081, -1.231664
81.70894526034712, -1.285375
81.94926568758345, -1.314672
82.18958611481976, -1.343969
82.42990654205607, -1.383031
82.67022696929239, -1.426977
82.9105473965287, -1.475805
83.15086782376501, -1.524633
83.39118825100134, -1.558813
83.63150867823765, -1.588109
83.87182910547396, -1.627172
84.11214953271028, -1.671117
84.35246995994659, -1.715063
84.5927903871829, -1.763891
84.83311081441923, -1.802953
85.07343124165554, -1.83225
85.31375166889185, -1.871313
85.55407209612817, -1.910375
85.79439252336448, -1.95432
86.0347129506008, -2.003148
86.27503337783712, -2.047094
86.51535380507343, -2.076391
86.75567423230974, -2.115453
86.99599465954606, -2.159398
87.23631508678237, -2.198461
87.4766355140187, -2.261938
87.71695594125501, -2.291234
87.95727636849132, -2.330297
88.19759679572763, -2.369359
88.43791722296395, -2.403539
88.67823765020026, -2.462133
88.91855807743659, -2.506078
89.1588785046729, -2.535375
89.39919893190921, -2.574438
89.63951935914552, -2.618383
89.87983978638184, -2.667211
90.12016021361815, -2.720922
90.36048064085448, -2.750219
90.60080106809079, -2.789281
90.8411214953271, -2.828344
91.08144192256341, -2.872289
91.32176234979973, -2.930883
91.56208277703604, -2.965063
91.80240320427237, -2.994359
92.04272363150868, -3.033422
92.28304405874499, -3.067602
92.5233644859813, -3.131078
92.76368491321762, -3.170141
93.00400534045394, -3.209203
93.24432576769026, -3.2385
93.48464619492657, -3.277563
93.72496662216288, -3.326391
93.9652870493992, -3.375219
94.2056074766355, -3.414281
94.44592790387183, -3.448461
94.68624833110815, -3.507055
94.92656875834446, -3.541234
95.16688918558077, -3.570531
95.40720961281708, -3.609594
95.6475300400534, -3.653539
95.88785046728972, -3.712133
96.12817089452604, -3.746313
96.36849132176235, -3.775609
96.60881174899866, -3.809789
96.84913217623497, -3.858617
97.08945260347129, -3.902563
97.32977303070761, -3.941625
97.57009345794393, -3.990453
97.81041388518024, -4.034398
98.05073431241655, -4.088109
98.29105473965286, -4.107641
98.53137516688918, -4.146703
98.7716955941255, -4.180883
99.01201602136182, -4.249242
99.25233644859813, -4.293188
99.49265687583444, -4.322484
99.73297730307075, -4.36643
99.97329773030708, -4.420141
100.2136181575434, -4.449438
100.4539385847797, -4.478734
100.69425901201602, -4.517797
100.93457943925233, -4.581273
101.17489986648864, -4.625219
101.41522029372497, -4.654516
101.65554072096128, -4.693578
101.8958611481976, -4.752172
102.13618157543391, -4.781469
102.37650200267022, -4.820531
102.61682242990653, -4.849828
102.85714285714286, -4.913305
103.09746328437917, -4.967016
103.33778371161549, -4.986547
103.5781041388518, -5.030492
103.81842456608811, -5.074438
104.05874499332442, -5.103734
104.29906542056075, -5.152563
104.53938584779706, -5.186742
104.77970627503338, -5.259984
105.02002670226969, -5.299047
105.260347129506, -5.328344
105.50066755674231, -5.372289
105.74098798397864, -5.416234
105.98130841121495, -5.435766
106.22162883845127, -5.474828
106.46194926568758, -5.543188
106.70226969292389, -5.58225
106.9425901201602, -5.621313
107.18291054739653, -5.665258
107.42323097463284, -5.718969
107.66355140186916, -5.748266
107.90387182910547, -5.777563
108.14419225634178, -5.831273
108.38451268357811, -5.875219
108.62483311081442, -5.904516
108.86515353805073, -5.953344
109.10547396528705, -6.011938
109.34579439252336, -6.051
109.58611481975967, -6.070531
109.826435246996, -6.129125
110.06675567423231, -6.158422
110.30707610146862, -6.187719
110.54739652870494, -6.24143
110.78771695594125, -6.295141
111.02803738317756, -6.334203
111.26835781041389, -6.378148
111.5086782376502, -6.431859
111.74899866488651, -6.461156
111.98931909212283, -6.480688
112.22963951935914, -6.529516
112.46995994659545, -6.563695
112.71028037383178, -6.602758
112.95060080106809, -6.656469
113.1909212283044, -6.695531
113.43124165554072, -6.744359
113.67156208277703, -6.788305
113.91188251001334, -6.842016
114.15220293724967, -6.861547
114.39252336448598, -6.895727
114.6328437917223, -6.939672
114.8731642189586, -6.968969
115.11348464619492, -7.003148
115.35380507343123, -7.066625
115.59412550066756, -7.095922
115.83444592790387, -7.139867
116.07476635514018, -7.213109
116.3150867823765, -7.242406
116.55540720961281, -7.276586
116.79572763684914, -7.320531
117.03604806408545, -7.349828
117.27636849132176, -7.379125
117.51668891855807, -7.42307
117.75700934579439, -7.467016
117.9973297730307, -7.510961
118.23765020026703, -7.593969
118.47797062750334, -7.623266
118.71829105473965, -7.657445
118.95861148197596, -7.711156
119.19893190921228, -7.759984
119.43925233644859, -7.784398
119.67957276368492, -7.818578
119.91989319092123, -7.847875
120.16021361815754, -7.886938
120.40053404539385, -7.935766
120.64085447263017, -7.965063
120.88117489986648, -8.018773
121.1214953271028, -8.072484
121.36181575433912, -8.111547
121.60213618157543, -8.189672
121.84245660881174, -8.228734
122.08277703604806, -8.258031
122.32309746328437, -8.306859
122.5634178905207, -8.326391
122.80373831775701, -8.370336
123.04405874499332, -8.414281
123.28437917222963, -8.433813
123.52469959946595, -8.482641
123.76502002670227, -8.536352
124.00534045393859, -8.570531
124.2456608811749, -8.638891
124.48598130841121, -8.687719
124.72630173564752, -8.712133
124.96662216288384, -8.775609
125.20694259012016, -8.804906
125.44726301735648, -8.843969
125.68758344459279, -8.883031
125.9279038718291, -8.902563
126.16822429906541, -8.951391
126.40854472630173, -8.970922
126.64886515353805, -8.990453
126.88918558077437, -9.049047
127.12950600801068, -9.078344
127.36982643524699, -9.14182
127.6101468624833, -9.176
127.85046728971962, -9.205297
128.09078771695593, -9.273656
128.33110814419226, -9.302953
128.57142857142856, -9.36643
128.81174899866488, -9.410375
129.0520694259012, -9.439672
129.2923898531375, -9.498266
129.53271028037383, -9.508031
129.77303070761013, -9.551977
130.01335113484646, -9.566625
130.2536715620828, -9.595922
130.49399198931908, -9.634984
130.7343124165554, -9.664281
130.9746328437917, -9.713109
131.21495327102804, -9.752172
131.45527369826436, -9.791234
131.69559412550066, -9.849828
131.935914552737, -9.888891
132.1762349799733, -9.962133
132.41655540720961, -9.996313
132.6568758344459, -10.05002
132.89719626168224, -10.09397
133.13751668891857, -10.1428
133.37783711615486, -10.19163
133.6181575433912, -10.24045
133.8584779706275, -10.28928
134.09879839786382, -10.30881
134.33911882510014, -10.34299
134.57943925233644, -10.37717
134.81975967957277, -10.3967
135.06008010680907, -10.43577
135.3004005340454, -10.4553
135.5407209612817, -10.48459
135.78104138851802, -10.51389
136.02136181575435, -10.54807
136.26168224299064, -10.59202
136.50200267022697, -10.6262
136.74232309746327, -10.68967
136.9826435246996, -10.69944
137.22296395193592, -10.77756
137.46328437917222, -10.80686
137.70360480640855, -10.87522
137.94392523364485, -10.89475
138.18424566088117, -10.96311
138.4245660881175, -11.01194
138.6648865153538, -11.05588
138.90520694259013, -11.11936
139.14552736982643, -11.15842
139.38584779706275, -11.23655
139.62616822429905, -11.26584
139.86648865153538, -11.3342
140.1068090787717, -11.3635
140.347129506008, -11.41721
140.58744993324433, -11.44163
140.82777036048063, -11.49534
141.06809078771695, -11.52952
141.30841121495328, -11.57346
141.54873164218958, -11.60764
141.7890520694259, -11.62229
142.0293724966622, -11.65647
142.26969292389853, -11.68577
142.51001335113483, -11.72483
142.75033377837116, -11.75413
142.99065420560748, -11.78342
143.23097463284378, -11.79319
143.4712950600801, -11.85178
143.7116154873164, -11.87131
143.95193591455273, -11.91038
144.19225634178906, -11.92991
144.43257676902536, -11.9592
144.6728971962617, -11.98362
144.91321762349799, -12.0178
145.1535380507343, -12.04709
145.3938584779706, -12.09104
145.63417890520694, -12.12522
145.87449933244326, -12.1594
146.11481975967956, -12.19846
146.3551401869159, -12.22776
146.5954606141522, -12.2717
146.83578104138851, -12.31077
147.07610146862484, -12.34983
147.31642189586114, -12.39377
147.55674232309747, -12.43772
147.79706275033377, -12.46702
148.0373831775701, -12.51584
148.27770360480642, -12.54514
148.51802403204272, -12.5842
148.75834445927904, -12.62327
148.99866488651534, -12.66233
149.23898531375167, -12.71116
149.47930574098797, -12.75998
149.7196261682243, -12.8137
149.95994659546062, -12.85276
150.20026702269692, -12.91623
150.44058744993325, -12.9553
150.68090787716955, -13.01877
150.92122830440587, -13.05295
151.1615487316422, -13.11155
151.4018691588785, -13.15061
151.64218958611482, -13.21897
151.88251001335112, -13.25803
152.12283044058745, -13.30686
152.36315086782375, -13.33616
152.60347129506007, -13.40452
152.8437917222964, -13.43381
153.0841121495327, -13.51194
153.32443257676903, -13.53147
153.56475300400533, -13.57053
153.80507343124165, -13.59006
154.04539385847798, -13.63889
154.28571428571428, -13.68284
154.5260347129506, -13.72678
154.7663551401869, -13.78538
155.00667556742323, -13.82444
155.24699599465956, -13.85862
155.48731642189586, -13.91233
155.72763684913218, -13.95139
155.96795727636848, -13.97092
156.2082777036048, -13.99045
156.4485981308411, -14.02952
156.68891855807743, -14.07346
156.92923898531376, -14.08811
157.16955941255006, -14.09788
157.40987983978638, -14.13205
157.65020026702268, -14.15159
157.890520694259, -14.19065
158.13084112149534, -14.2053
158.37116154873164, -14.22483
158.61148197596796, -14.25901
158.85180240320426, -14.29319
159.0921228304406, -14.31272
159.33244325767689, -14.35178
159.5727636849132, -14.37131
159.81308411214954, -14.41038
160.05340453938584, -14.47873
160.29372496662216, -14.49827
160.53404539385846, -14.53733
160.7743658210948, -14.53733
161.01468624833112, -14.60569
161.25500667556742, -14.63498
161.49532710280374, -14.69358
161.73564753004004, -14.74729
161.97596795727637, -14.80588
162.2162883845127, -14.87913
162.456608811749, -14.90842
162.69692923898532, -14.97678
162.93724966622162, -15.04026
163.17757009345794, -15.10373
163.41789052069424, -15.16721
163.65821094793057, -15.20139
163.8985313751669, -15.26975
164.1388518024032, -15.30881
164.37917222963952, -15.35764
164.61949265687582, -15.40159
164.85981308411215, -15.44553
165.10013351134847, -15.46506
165.34045393858477, -15.46995
165.5807743658211, -15.52366
165.8210947930574, -15.52854
166.06141522029372, -15.57737
166.30173564753002, -15.58225
166.54205607476635, -15.59202
166.78237650200268, -15.63108
167.02269692923898, -15.64573
167.2630173564753, -15.66038
167.5033377837116, -15.71897
167.74365821094793, -15.7385
167.98397863818425, -15.78245
168.22429906542055, -15.82639
168.46461949265688, -15.87522
168.70493991989318, -15.96311
168.9452603471295, -16.00705
169.1855807743658, -16.07541
169.42590120160213, -16.13401
169.66622162883846, -16.18772
169.90654205607476, -16.25608
170.14686248331108, -16.30491
170.38718291054738, -16.34885
170.6275033377837, -16.3928
170.86782376502003, -16.40256
171.10814419225633, -16.45139
171.34846461949266, -16.45139
171.58878504672896, -16.49045
171.82910547396529, -16.49534
172.0694259012016, -16.50998
172.3097463284379, -16.54905
172.55006675567424, -16.59299
172.79038718291054, -16.6467
173.03070761014686, -16.71506
173.27102803738316, -16.77366
173.5113484646195, -16.82248
173.75166889185581, -16.90061
173.9919893190921, -16.93967
174.23230974632844, -16.99827
174.47263017356474, -17.07639
174.71295060080107, -17.11545
174.9532710280374, -17.15452
175.1935914552737, -17.16428
175.43391188251002, -17.19358
175.67423230974632, -17.20334
175.91455273698264, -17.21311
176.15487316421894, -17.24241
176.39519359145527, -17.28147
176.6355140186916, -17.29123
176.8758344459279, -17.34983
177.11615487316422, -17.42795
177.35647530040052, -17.46702
177.59679572763685, -17.56467
177.83711615487317, -17.63303
178.07743658210947, -17.68186
178.3177570093458, -17.76975
178.5580774365821, -17.77952
178.79839786381842, -17.79905
179.03871829105475, -17.83323
179.27903871829105, -17.84788
179.51935914552737, -17.84788
179.75967957276367, -17.88205
180.0, -17.93088
