% Measurement ID: 253
% Mode ID: 3
% Date and time: 2018-06-20 22:32:14
% Sample ID: 0711
% Measurement type: ringdown
% Frequency [Hz]: 604406.3
% Quality factor: 4206415.38896
% Temperature [K]: 293.0
% Pressure [mBar]: 1.07e-07
% Notes: 
% Excitation: Corner
%
% measurement data
% time [s], power [dBm]
0.006, 121.71550234985375
0.012, 121.71550234985375
0.018, 121.71476754379296
0.024, 121.71403273773217
0.03, 121.71329793167138
0.036, 121.71256264877343
0.042, 121.71109303665185
0.048, 121.71035823059105
0.054, 121.7096229476931
0.06, 121.70815333557152
0.066, 121.70741805267357
0.072, 121.70594844055199
0.078, 121.70594844055199
0.084, 121.7052136344912
0.09, 121.70447835159325
0.096, 121.70447835159325
0.102, 121.70374354553246
0.108, 121.70374354553246
0.114, 121.70374354553246
0.12, 121.70374354553246
0.126, 121.70374354553246
0.132, 121.70374354553246
0.138, 121.70447835159325
0.144, 121.70447835159325
0.15, 121.7052136344912
0.156, 121.7052136344912
0.162, 121.7052136344912
0.168, 121.70594844055199
0.174, 121.70594844055199
0.18, 121.70594844055199
0.186, 121.70594844055199
0.192, 121.70594844055199
0.198, 121.70668324661278
0.204, 121.70668324661278
0.21, 121.70668324661278
0.216, 121.70741805267357
0.222, 121.70815333557152
0.228, 121.70815333557152
0.234, 121.70815333557152
0.24, 121.70815333557152
0.246, 121.70888814163231
0.252, 121.70888814163231
0.258, 121.70888814163231
0.264, 121.70888814163231
0.27, 121.70888814163231
0.276, 121.70888814163231
0.282, 121.70888814163231
0.288, 121.70815333557152
0.294, 121.70815333557152
0.3, 121.70741805267357
0.306, 121.70741805267357
0.312, 121.70741805267357
0.318, 121.70741805267357
0.324, 121.70668324661278
0.33, 121.70668324661278
0.336, 121.70594844055199
0.342, 121.70594844055199
0.348, 121.70594844055199
0.354, 121.70594844055199
0.36, 121.70668324661278
0.366, 121.70668324661278
0.372, 121.70668324661278
0.378, 121.70741805267357
0.384, 121.70815333557152
0.39, 121.70815333557152
0.396, 121.70815333557152
0.402, 121.70815333557152
0.408, 121.70888814163231
0.414, 121.70888814163231
0.42, 121.7096229476931
0.426, 121.71035823059105
0.432, 121.71035823059105
0.438, 121.71109303665185
0.444, 121.71109303665185
0.45, 121.71182784271264
0.456, 121.71182784271264
0.462, 121.71182784271264
0.468, 121.71182784271264
0.474, 121.71182784271264
0.48, 121.71182784271264
0.486, 121.71182784271264
0.492, 121.71109303665185
0.498, 121.71109303665185
0.504, 121.71035823059105
0.51, 121.71035823059105
0.516, 121.7096229476931
0.522, 121.7096229476931
0.528, 121.7096229476931
0.534, 121.7096229476931
0.54, 121.7096229476931
0.546, 121.7096229476931
0.552, 121.7096229476931
0.558, 121.7096229476931
0.564, 121.7096229476931
0.57, 121.7096229476931
0.576, 121.7096229476931
0.582, 121.7096229476931
0.588, 121.7096229476931
0.594, 121.7096229476931
0.6, 121.7096229476931
0.606, 121.70888814163231
0.612, 121.70888814163231
0.618, 121.70888814163231
0.624, 121.70888814163231
0.63, 121.70888814163231
0.636, 121.70888814163231
0.642, 121.70888814163231
0.648, 121.70815333557152
0.654, 121.70815333557152
0.66, 121.70815333557152
0.666, 121.70888814163231
0.672, 121.70888814163231
0.678, 121.70888814163231
0.684, 121.7096229476931
0.69, 121.7096229476931
0.696, 121.7096229476931
0.702, 121.71035823059105
0.708, 121.71109303665185
0.714, 121.71109303665185
0.72, 121.71109303665185
0.726, 121.71109303665185
0.732, 121.71182784271264
0.738, 121.71182784271264
0.744, 121.71256264877343
0.75, 121.71256264877343
0.756, 121.71329793167138
0.762, 121.71403273773217
0.768, 121.71403273773217
0.774, 121.71476754379296
0.78, 121.71476754379296
0.786, 121.71476754379296
0.792, 121.71550234985375
0.798, 121.7162376327517
0.804, 121.7162376327517
0.81, 121.71697243881249
0.816, 121.71770724487328
0.822, 121.71844252777123
0.828, 121.71917733383202
0.834, 121.71917733383202
0.84, 121.71991213989281
0.846, 121.7206469459536
0.852, 121.72138222885155
0.858, 121.72211703491234
0.864, 121.72211703491234
0.87, 121.72285184097314
0.876, 121.72358664703393
0.882, 121.72358664703393
0.888, 121.72358664703393
0.894, 121.72432192993188
0.9, 121.72432192993188
0.906, 121.72432192993188
0.912, 121.72432192993188
0.918, 121.72432192993188
0.924, 121.72432192993188
0.93, 121.72358664703393
0.936, 121.72358664703393
0.942, 121.72285184097314
0.948, 121.72211703491234
0.954, 121.72138222885155
0.96, 121.72138222885155
0.966, 121.7206469459536
0.972, 121.71991213989281
0.978, 121.71917733383202
0.984, 121.71917733383202
0.99, 121.71844252777123
0.996, 121.71844252777123
1.002, 121.71844252777123
1.008, 121.71844252777123
1.014, 121.71844252777123
1.02, 121.71844252777123
1.026, 121.71844252777123
1.032, 121.71844252777123
1.038, 121.71844252777123
1.044, 121.71844252777123
1.05, 121.71844252777123
1.056, 121.71844252777123
1.062, 121.71844252777123
1.068, 121.71917733383202
1.074, 121.71917733383202
1.08, 121.71991213989281
1.086, 121.71991213989281
1.092, 121.7206469459536
1.098, 121.7206469459536
1.104, 121.7206469459536
1.11, 121.72138222885155
1.116, 121.72138222885155
1.122, 121.72211703491234
1.128, 121.72285184097314
1.134, 121.72285184097314
1.14, 121.72285184097314
1.146, 121.72358664703393
1.152, 121.72358664703393
1.158, 121.72358664703393
1.164, 121.72358664703393
1.17, 121.72358664703393
1.176, 121.72432192993188
1.182, 121.72432192993188
1.188, 121.72432192993188
1.194, 121.72432192993188
1.2, 121.72432192993188
1.206, 121.72432192993188
1.212, 121.72358664703393
1.218, 121.72358664703393
1.224, 121.72358664703393
1.23, 121.72285184097314
1.236, 121.72285184097314
1.242, 121.72285184097314
1.248, 121.72211703491234
1.254, 121.72211703491234
1.26, 121.72211703491234
1.266, 121.72285184097314
1.272, 121.72285184097314
1.278, 121.72285184097314
1.284, 121.72285184097314
1.29, 121.72285184097314
1.296, 121.72285184097314
1.302, 121.72285184097314
1.308, 121.72285184097314
1.314, 121.72285184097314
1.32, 121.72211703491234
1.326, 121.72138222885155
1.332, 121.72138222885155
1.338, 121.7206469459536
1.344, 121.7206469459536
1.35, 121.71991213989281
1.356, 121.71917733383202
1.362, 121.71844252777123
1.368, 121.71697243881249
1.374, 121.7162376327517
1.38, 121.71550234985375
1.386, 121.71550234985375
1.392, 121.71476754379296
1.398, 121.71403273773217
1.404, 121.71329793167138
1.41, 121.71256264877343
1.416, 121.71182784271264
1.422, 121.71182784271264
1.428, 121.71182784271264
1.434, 121.71182784271264
1.44, 121.71256264877343
1.446, 121.71256264877343
1.452, 121.71256264877343
1.458, 121.71329793167138
1.464, 121.71403273773217
1.47, 121.71476754379296
1.476, 121.71550234985375
1.482, 121.7162376327517
1.488, 121.71697243881249
1.494, 121.71844252777123
1.5, 121.71917733383202
1.506, 121.7206469459536
1.512, 121.72138222885155
1.518, 121.72211703491234
1.524, 121.72358664703393
1.53, 121.72505673599267
1.536, 121.72579154205346
1.542, 121.7272616310122
1.548, 121.72799643707299
1.554, 121.72873124313378
1.56, 121.72873124313378
1.566, 121.72946652603173
1.572, 121.72946652603173
1.578, 121.72946652603173
1.584, 121.72946652603173
1.59, 121.73020133209252
1.596, 121.72946652603173
1.602, 121.72946652603173
1.608, 121.72946652603173
1.614, 121.72873124313378
1.62, 121.72799643707299
1.626, 121.7272616310122
1.632, 121.7265268249514
1.638, 121.72579154205346
1.644, 121.72432192993188
1.65, 121.72358664703393
1.656, 121.72285184097314
1.662, 121.72138222885155
1.668, 121.7206469459536
1.674, 121.71991213989281
1.68, 121.71917733383202
1.686, 121.71917733383202
1.692, 121.71917733383202
1.698, 121.71917733383202
1.704, 121.71917733383202
1.71, 121.71917733383202
1.716, 121.71917733383202
1.722, 121.71917733383202
1.728, 121.71991213989281
1.734, 121.71991213989281
1.74, 121.7206469459536
1.746, 121.7206469459536
1.752, 121.72138222885155
1.758, 121.72138222885155
1.764, 121.72211703491234
1.77, 121.72211703491234
1.776, 121.72211703491234
1.782, 121.72211703491234
1.788, 121.72211703491234
1.794, 121.72285184097314
1.8, 121.72211703491234
1.806, 121.72211703491234
1.812, 121.72211703491234
1.818, 121.72138222885155
1.824, 121.7206469459536
1.83, 121.71991213989281
1.836, 121.71917733383202
1.842, 121.71917733383202
1.848, 121.71844252777123
1.854, 121.71770724487328
1.86, 121.71770724487328
1.866, 121.71697243881249
1.872, 121.71697243881249
1.878, 121.71697243881249
1.884, 121.71697243881249
1.89, 121.71770724487328
1.896, 121.71770724487328
1.902, 121.71770724487328
1.908, 121.71844252777123
1.914, 121.71844252777123
1.92, 121.71917733383202
1.926, 121.71991213989281
1.932, 121.71991213989281
1.938, 121.7206469459536
1.944, 121.72138222885155
1.95, 121.72211703491234
1.956, 121.72285184097314
1.962, 121.72358664703393
1.968, 121.72432192993188
1.974, 121.72432192993188
1.98, 121.72432192993188
1.986, 121.72505673599267
1.992, 121.72505673599267
1.998, 121.72505673599267
2.004, 121.72505673599267
2.01, 121.72505673599267
2.016, 121.72505673599267
2.022, 121.72505673599267
2.028, 121.72505673599267
2.034, 121.72505673599267
2.04, 121.72432192993188
2.046, 121.72432192993188
2.052, 121.72358664703393
2.058, 121.72358664703393
2.064, 121.72358664703393
2.07, 121.72358664703393
2.076, 121.72358664703393
2.082, 121.72285184097314
2.088, 121.72285184097314
2.094, 121.72285184097314
2.1, 121.72358664703393
2.106, 121.72358664703393
2.112, 121.72358664703393
2.118, 121.72432192993188
2.124, 121.72432192993188
2.13, 121.72432192993188
2.136, 121.72505673599267
2.142, 121.72579154205346
2.148, 121.72579154205346
2.154, 121.7265268249514
2.16, 121.7265268249514
2.166, 121.7272616310122
2.172, 121.7272616310122
2.178, 121.72799643707299
2.184, 121.72799643707299
2.19, 121.72799643707299
2.196, 121.72799643707299
2.202, 121.7272616310122
2.208, 121.7272616310122
2.214, 121.7265268249514
2.22, 121.7265268249514
2.226, 121.72579154205346
2.232, 121.72579154205346
2.238, 121.72579154205346
2.244, 121.72505673599267
2.25, 121.72505673599267
2.256, 121.72505673599267
2.262, 121.72432192993188
2.268, 121.72358664703393
2.274, 121.72285184097314
2.28, 121.72285184097314
2.286, 121.72211703491234
2.292, 121.72211703491234
2.298, 121.72211703491234
2.304, 121.72211703491234
2.31, 121.72138222885155
2.316, 121.7206469459536
2.322, 121.7206469459536
2.328, 121.7206469459536
2.334, 121.7206469459536
2.34, 121.7206469459536
2.346, 121.7206469459536
2.352, 121.7206469459536
2.358, 121.71991213989281
2.364, 121.71991213989281
2.37, 121.71917733383202
2.376, 121.71917733383202
2.382, 121.71917733383202
2.388, 121.71917733383202
2.394, 121.71844252777123
2.4, 121.71844252777123
2.406, 121.71770724487328
2.412, 121.71770724487328
2.418, 121.71697243881249
2.424, 121.71697243881249
2.43, 121.71697243881249
2.436, 121.71697243881249
2.442, 121.71697243881249
2.448, 121.71697243881249
2.454, 121.71697243881249
2.46, 121.71770724487328
2.466, 121.71770724487328
2.472, 121.71770724487328
2.478, 121.71844252777123
2.484, 121.71917733383202
2.49, 121.71917733383202
2.496, 121.71991213989281
2.502, 121.7206469459536
2.508, 121.72138222885155
2.514, 121.72211703491234
2.52, 121.72211703491234
2.526, 121.72285184097314
2.532, 121.72285184097314
2.538, 121.72285184097314
2.544, 121.72358664703393
2.55, 121.72358664703393
2.556, 121.72358664703393
2.562, 121.72432192993188
2.568, 121.72358664703393
2.574, 121.72358664703393
2.58, 121.72358664703393
2.586, 121.72358664703393
2.592, 121.72285184097314
2.598, 121.72138222885155
2.604, 121.71991213989281
2.61, 121.71770724487328
2.616, 121.71550234985375
2.622, 121.71182784271264
2.628, 121.70594844055199
2.634, 121.69786414337182
2.64, 121.68610533905053
2.646, 121.67067155075097
2.652, 121.65009316635155
2.658, 121.6236353797915
2.664, 121.58835848999047
2.67, 121.54352721405053
2.676, 121.4869371337893
2.682, 121.41711816024804
2.688, 121.33039578628564
2.694, 121.22382983398461
2.7, 121.09668597412133
2.706, 120.94381913375878
2.712, 120.76302489471459
2.718, 120.55283316803002
2.724, 120.30662974548363
2.73, 120.02514895629906
2.736, 119.70177611541772
2.742, 119.33430823516869
2.748, 118.92127379608178
2.754, 118.45605906677271
2.76, 117.93866404724142
2.766, 117.36982306671162
2.772, 116.73410281372091
2.778, 116.03664836120632
2.784, 115.27010974121121
2.79, 114.43595656585721
2.796, 113.52683982086202
2.802, 112.54128989410421
2.808, 111.47636660766622
2.814, 110.32692584228542
2.82, 109.09002742004421
2.826, 107.76052722167992
2.832, 106.33695658874532
2.838, 104.81343325805692
2.844, 103.19951304626491
2.85, 101.46359118652371
2.856, 99.60861262512232
2.862, 97.63310298156762
2.868, 95.52751025390651
2.874, 93.28154238891622
2.88, 90.89153155517602
2.886, 88.33027514648461
2.892, 85.59410723876971
2.898, 82.63892993164082
2.904, 79.42431506347683
2.91, 75.86060961914082
2.916, 71.52301272583031
2.922, 66.367434112549
2.928, 61.68221148681661
2.934, 58.233893005371314
2.94, 55.91663989257832
2.946, 54.14911517334012
2.952, 52.871061889648715
2.958, 51.884771911621314
2.964, 51.08369311523461
2.97, 50.446501342773715
2.976, 49.911467163086215
2.982, 49.47492083740262
2.988, 49.11038836669941
2.994, 48.80686053466822
3.0, 48.555510131836215
3.006, 48.34384783935572
3.012, 48.16525897216822
3.018, 48.01312884521512
3.024, 47.88230761718772
3.03, 47.770598022461215
3.036, 47.67138537597681
3.042, 47.58539447021512
3.048, 47.50749072265651
3.054, 47.436941711426016
3.06, 47.37226733398461
3.066, 47.31200274658221
3.072, 47.25540789794941
3.078, 47.20102557373072
3.084, 47.15031298828151
3.09, 47.10107287597681
3.096, 47.05330523681661
3.102, 47.00627001953151
3.108, 46.960699645996314
3.114, 46.91513690185572
3.12, 46.87103900146512
3.126, 46.82694110107441
3.132, 46.78431567382832
3.138, 46.74169024658221
3.144, 46.699064819336215
3.15, 46.65717181396512
3.156, 46.61527880859401
3.162, 46.57338580322292
3.168, 46.532232849121314
3.174, 46.48960742187522
3.18, 46.44698199462911
3.186, 46.40435656738302
3.192, 46.36172351074242
3.198, 46.31983813476582
3.204, 46.27794512939471
3.21, 46.236784545898715
3.216, 46.19636401367211
3.222, 46.15741595459012
3.228, 46.11920031738302
3.234, 46.08318957519552
3.24, 46.04864367675802
3.246, 46.01631030273461
3.252, 45.986174194336215
3.258, 45.95825061035181
3.264, 45.93252429199242
3.27, 45.90900286865262
3.276, 45.88842639160181
3.282, 45.86932238769552
3.288, 45.85241564941431
3.294, 45.83771380615262
3.3, 45.82449206542992
3.306, 45.81346759033221
3.312, 45.80317553710961
3.318, 45.79362353515651
3.324, 45.78553637695332
3.33, 45.77744921875022
3.336, 45.77010211181661
3.342, 45.76275500488302
3.348, 45.75466784667992
3.354, 45.746588317871314
3.36, 45.73776873779322
3.366, 45.72894915771512
3.372, 45.72012957763691
3.378, 45.71056994628931
3.384, 45.700285522461215
3.39, 45.689993469238516
3.396, 45.67970904541042
3.402, 45.66941699218772
3.408, 45.65839251709012
3.414, 45.64810046386742
3.42, 45.63707598876971
3.426, 45.62605914306661
3.432, 45.61503466796901
3.438, 45.60327014160181
3.444, 45.59151324462911
3.45, 45.57828387451191
3.456, 45.56505450439471
3.462, 45.54962023925802
3.468, 45.533453552246314
3.474, 45.51508197021512
3.48, 45.49523791503931
3.486, 45.47318896484401
3.492, 45.44893511962911
3.498, 45.42247637939471
3.504, 45.39381274414082
3.51, 45.36221179199242
3.516, 45.32913836669941
3.522, 45.29386767578151
3.528, 45.25638446044941
3.534, 45.21669635009792
3.54, 45.17480334472681
3.546, 45.13217791748072
3.552, 45.08734759521512
3.558, 45.04178485107441
3.564, 44.99474200439471
3.57, 44.94697436523461
3.576, 44.89920672607441
3.582, 44.85069903564471
3.588, 44.80219134521512
3.594, 44.75368365478542
3.6, 44.70444354248072
3.606, 44.65667590332052
3.612, 44.60890063476582
3.618, 44.56260546875022
3.624, 44.51703509521512
3.63, 44.47220477294941
3.636, 44.42884692382832
3.642, 44.38695391845721
3.648, 44.34653338623072
3.654, 44.30757769775411
3.66, 44.27009448242211
3.666, 44.23335131835961
3.672, 44.19807299804711
3.678, 44.16426715087911
3.684, 44.131193725586215
3.69, 44.10032519531272
3.696, 44.06945666503931
3.702, 44.03932818603542
3.708, 44.00993212890651
3.714, 43.98053607177762
3.72, 43.951872436523715
3.726, 43.92247637939471
3.732, 43.893072692871314
3.738, 43.86367663574242
3.744, 43.833548156738516
3.75, 43.80267962646512
3.756, 43.77107867431661
3.762, 43.738737670898715
3.768, 43.70493182373072
3.774, 43.67112597656272
3.78, 43.63584765625022
3.786, 43.60056933593772
3.792, 43.56382617187522
3.798, 43.52634295654322
3.804, 43.488127319336215
3.81, 43.44991168212911
3.816, 43.41168841552762
3.822, 43.37421282959012
3.828, 43.33599719238302
3.834, 43.299246398926016
3.84, 43.263235656738516
3.846, 43.227957336426016
3.852, 43.19341906738302
3.858, 43.15960559082052
3.864, 43.12800463867211
3.87, 43.09860858154322
3.876, 43.06994494628931
3.882, 43.04275378417992
3.888, 43.01629504394552
3.894, 42.99204119873072
3.9, 42.96852740478542
3.906, 42.94647845459012
3.912, 42.92590197753931
3.918, 42.906057922363516
3.924, 42.88694628906272
3.93, 42.86857470703151
3.936, 42.85093554687522
3.942, 42.83329638671901
3.948, 42.81638964843772
3.954, 42.798758117676016
3.96, 42.78037890625022
3.966, 42.76273974609401
3.972, 42.74436816406272
3.978, 42.72599658203151
3.984, 42.70762500000022
3.99, 42.68924578857441
3.996, 42.67014178466822
4.002, 42.65103015136742
4.008, 42.632658569336215
4.014, 42.61428698730492
4.02, 42.596647827148715
4.026, 42.57974108886742
4.032, 42.56284197998072
4.038, 42.54740771484401
4.044, 42.53270587158221
4.05, 42.51947650146512
4.056, 42.50698718261742
4.062, 42.49596270751971
4.068, 42.48641070556661
4.074, 42.477591125488516
4.08, 42.46877154541042
4.086, 42.46068438720721
4.092, 42.45259722900411
4.098, 42.44525012207052
4.104, 42.43790301513691
4.11, 42.429815856933814
4.116, 42.42172869873072
4.122, 42.41217669677762
4.128, 42.40189227294941
4.134, 42.39012774658221
4.14, 42.37689837646512
4.146, 42.36293658447292
4.152, 42.347502319336215
4.158, 42.32986315917992
4.164, 42.310759155273715
4.17, 42.29091510009792
4.176, 42.26886614990262
4.182, 42.24608477783221
4.188, 42.22256335449242
4.194, 42.19904956054711
4.2, 42.17405566406272
4.206, 42.14980944824242
4.212, 42.12555560302762
4.218, 42.10130175781272
4.224, 42.07852038574242
4.23, 42.05720385742211
4.236, 42.037359802246314
4.242, 42.01898822021512
4.248, 42.00355395507832
4.254, 41.990324584961215
4.26, 41.980032531738516
4.266, 41.97268542480492
4.272, 41.96827563476582
4.278, 41.966803161621314
4.284, 41.96900805664082
4.29, 41.97195300292992
4.296, 41.97636279296901
4.302, 41.98077258300802
4.308, 41.98591479492211
4.314, 41.990324584961215
4.32, 41.99400195312522
4.326, 41.99693927001971
4.332, 41.99767169189471
4.338, 41.99767169189471
4.344, 41.99693927001971
4.35, 41.99400195312522
4.356, 41.98885211181661
4.362, 41.98077258300802
4.368, 41.97121295166042
4.374, 41.95872363281272
4.38, 41.94476184082052
4.386, 41.92785510253931
4.392, 41.90948352050802
4.398, 41.89037188720721
4.404, 41.86906298828151
4.41, 41.847014038086215
4.416, 41.823492614746314
4.422, 41.79923876953151
4.428, 41.77498492431661
4.434, 41.74926623535181
4.44, 41.72353991699242
4.446, 41.69708880615262
4.452, 41.669890014648715
4.458, 41.64269885253931
4.464, 41.61477526855492
4.47, 41.586844055176016
4.476, 41.55744799804711
4.482, 41.52805194091822
4.488, 41.49865588378931
4.494, 41.46778735351582
4.5, 41.43618640136742
4.506, 41.40311297607441
4.512, 41.36930712890651
4.518, 41.33402880859401
4.524, 41.29727801513691
4.53, 41.25832995605492
4.536, 41.21790942382832
4.542, 41.17454394531272
4.548, 41.13044604492211
4.554, 41.08341082763691
4.56, 41.03491076660181
4.566, 40.98419818115262
4.572, 40.932013122558814
4.578, 40.87836322021512
4.584, 40.823980895996314
4.59, 40.77033099365262
4.596, 40.716681091308814
4.602, 40.66303118896512
4.608, 40.61158618164082
4.614, 40.56087359619161
4.62, 40.51310595703151
4.626, 40.468268005371314
4.632, 40.42638262939471
4.638, 40.38669451904322
4.644, 40.35068377685572
4.65, 40.31761035156272
4.656, 40.28747424316431
4.662, 40.25955065917992
4.668, 40.23529681396512
4.674, 40.21324786376971
4.68, 40.19413623046901
4.686, 40.17723712158221
4.692, 40.16180285644552
4.698, 40.14930590820332
4.704, 40.13902148437522
4.71, 40.13093432617211
4.716, 40.12505969238302
4.722, 40.12138232421901
4.728, 40.12211474609401
4.734, 40.12652453613302
4.74, 40.13387164306661
4.746, 40.14269122314471
4.752, 40.15371569824242
4.758, 40.16694506835961
4.764, 40.181646911621314
4.77, 40.19781359863302
4.776, 40.21398028564471
4.782, 40.22941455078151
4.788, 40.24484881591822
4.794, 40.25955065917992
4.8, 40.27278002929711
4.806, 40.28526934814471
4.812, 40.29556140136742
4.818, 40.30364855957052
4.824, 40.30952319335961
4.83, 40.313932983398715
4.836, 40.31540545654322
4.842, 40.31540545654322
4.848, 40.31467303466822
4.854, 40.313200561523715
4.86, 40.30952319335961
4.866, 40.30438098144552
4.872, 40.29849871826191
4.878, 40.29115161132832
4.884, 40.28233203125022
4.89, 40.27351245117211
4.896, 40.26322039794941
4.902, 40.252935974121314
4.908, 40.241179077148715
4.914, 40.22941455078151
4.92, 40.216925231933814
4.926, 40.20369586181661
4.932, 40.19046649169941
4.938, 40.17650469970721
4.944, 40.16107043457052
4.95, 40.145636169433814
4.956, 40.13020190429711
4.962, 40.11476763916042
4.968, 40.099333374023715
4.974, 40.08463153076191
4.98, 40.06993731689471
4.986, 40.05597552490262
4.992, 40.04274615478542
4.998, 40.03024920654322
5.004, 40.01849230957052
5.01, 40.00672778320332
5.016, 39.99570330810572
5.022, 39.98321398925802
5.028, 39.96998461914082
5.034, 39.95528277587911
5.04, 39.93838366699242
5.046, 39.91853961181661
5.052, 39.895758239746314
5.058, 39.86929949951191
5.064, 39.838430969238516
5.07, 39.803885070801016
5.076, 39.76493701171901
5.082, 39.72157916259792
5.088, 39.67453631591822
5.094, 39.624563781738516
5.1, 39.57164630126971
5.106, 39.517263977051016
5.112, 39.46214160156272
5.118, 39.40701922607441
5.124, 39.35190447998072
5.13, 39.29971942138691
5.136, 39.25047930908221
5.142, 39.20564898681661
5.148, 39.16522845459012
5.154, 39.12995013427762
5.16, 39.099821655273715
5.166, 39.075567810058814
5.172, 39.05572375488302
5.178, 39.04176196289082
5.184, 39.03367480468772
5.19, 39.028532592773715
5.196, 39.029265014648715
5.202, 39.03220233154322
5.208, 39.03661212158221
5.214, 39.041021911621314
5.22, 39.04543170166042
5.226, 39.04763659667992
5.232, 39.04837664794941
5.238, 39.04837664794941
5.244, 39.04617175292992
5.25, 39.041021911621314
5.256, 39.03146990966822
5.262, 39.018972961426016
5.268, 39.00207385253931
5.274, 38.98075732421901
5.28, 38.95577105712911
5.286, 38.92637500000022
5.292, 38.89330157470721
5.298, 38.85655841064471
5.304, 38.81687030029322
5.31, 38.77424487304711
5.316, 38.73014697265651
5.322, 38.684576599121314
5.328, 38.63828143310572
5.334, 38.59124621582052
5.34, 38.54494342041042
5.346, 38.50011309814471
5.352, 38.45601519775411
5.358, 38.41412219238302
5.364, 38.37443408203151
5.37, 38.33769091796901
5.376, 38.303885070801016
5.382, 38.27301654052762
5.388, 38.245085327148715
5.394, 38.220099060058814
5.4, 38.197317687988516
5.406, 38.17674121093772
5.412, 38.15910205078151
5.418, 38.14219531250022
5.424, 38.12750109863302
5.43, 38.113531677246314
5.436, 38.10030230712911
5.442, 38.08781298828151
5.448, 38.07531604003931
5.454, 38.06208666992211
5.46, 38.04812487792992
5.466, 38.03269061279322
5.472, 38.01652392578151
5.478, 37.99815234375022
5.484, 37.97830828857441
5.49, 37.95625933837911
5.496, 37.93200549316431
5.502, 37.90554675292992
5.508, 37.876883117676016
5.514, 37.84601458740262
5.52, 37.81368121337911
5.526, 37.779875366211215
5.532, 37.74606951904322
5.538, 37.71079119873072
5.544, 37.67551287841822
5.55, 37.64023455810572
5.556, 37.60422381591822
5.562, 37.56894549560572
5.568, 37.53513964843772
5.574, 37.50060137939471
5.58, 37.46678790283221
5.586, 37.43298205566431
5.592, 37.39770373535181
5.598, 37.36169299316431
5.604, 37.32494982910181
5.61, 37.28526171875022
5.616, 37.24336871337911
5.622, 37.197805969238516
5.628, 37.149298278808814
5.634, 37.09785327148461
5.64, 37.042730895996314
5.646, 36.983938781738516
5.652, 36.923674194336215
5.658, 36.86120471191431
5.664, 36.79799517822292
5.67, 36.734793273926016
5.676, 36.67305621337911
5.682, 36.614264099121314
5.688, 36.55988177490262
5.694, 36.51210650634792
5.7, 36.470953552246314
5.706, 36.43788012695332
5.712, 36.413626281738516
5.718, 36.39892443847681
5.724, 36.39819201660181
5.73, 36.41215380859401
5.736, 36.43347033691431
5.742, 36.46213397216822
5.748, 36.495207397461215
5.754, 36.532682983398715
5.76, 36.57237109375022
5.766, 36.61279162597681
5.772, 36.65395220947292
5.778, 36.69290026855492
5.784, 36.72817858886742
5.79, 36.75904711914082
5.796, 36.78403338623072
5.802, 36.80314501953151
5.808, 36.81563433837911
5.814, 36.82151660156272
5.82, 36.82224902343772
5.826, 36.82004412841822
5.832, 36.81049212646512
5.838, 36.793585388183814
5.844, 36.769339172363516
5.85, 36.73920306396512
5.856, 36.70245989990262
5.862, 36.66056689453151
5.868, 36.613531677246314
5.874, 36.56281909179711
5.88, 36.50843676757832
5.886, 36.45110949707052
5.892, 36.39230975341822
5.898, 36.33204516601582
5.904, 36.27252062988302
5.91, 36.21225604248072
5.916, 36.15272387695332
5.922, 36.09393176269552
5.928, 36.03587207031272
5.934, 35.97781237792992
5.94, 35.91975268554711
5.946, 35.86169299316431
5.952, 35.80362567138691
5.958, 35.74483355712911
5.964, 35.68456896972681
5.97, 35.62357196044941
5.976, 35.56110247802762
5.982, 35.497160522461215
5.988, 35.43175372314471
5.994, 35.365606872558814
6.0, 35.29799517822292
6.006, 35.22891101074242
6.012, 35.16055926513691
6.018, 35.09147509765651
6.024, 35.022390930176016
6.03, 34.95330676269552
6.036, 34.88569506835961
6.042, 34.819548217773715
6.048, 34.75560626220721
6.054, 34.69240435791042
6.06, 34.63140734863302
6.066, 34.57114276123072
6.072, 34.51234301757832
6.078, 34.45502337646512
6.084, 34.39916857910181
6.09, 34.344046203613516
6.096, 34.28892382812522
6.102, 34.23380145263691
6.108, 34.17868670654322
6.114, 34.12429675292992
6.12, 34.069914428711215
6.126, 34.01626452636742
6.132, 33.962614624023715
6.138, 33.90969714355492
6.144, 33.85825213623072
6.15, 33.808279602051016
6.156, 33.759771911621314
6.162, 33.713469116211215
6.168, 33.67011126709012
6.174, 33.62895068359401
6.18, 33.59146746826191
6.186, 33.55766162109401
6.192, 33.52826556396512
6.198, 33.50180682373072
6.204, 33.47902545166042
6.21, 33.45918139648461
6.216, 33.44301470947292
6.222, 33.42905291748072
6.228, 33.417288391113516
6.234, 33.40700396728542
6.24, 33.39744433593772
6.246, 33.38789233398461
6.252, 33.37760028076191
6.258, 33.36584338378931
6.264, 33.35261401367211
6.27, 33.33717974853542
6.276, 33.31954058837911
6.282, 33.29896411132832
6.288, 33.27618273925802
6.294, 33.250456420898715
6.3, 33.22326525878931
6.306, 33.19460162353542
6.312, 33.165945617676016
6.318, 33.13654193115262
6.324, 33.10861834716822
6.33, 33.081427185058814
6.336, 33.05717333984401
6.342, 33.035124389648715
6.348, 33.01601275634792
6.354, 33.000578491211215
6.36, 32.988089172363516
6.366, 32.97852954101582
6.372, 32.97265490722681
6.378, 32.96824511718772
6.384, 32.96604022216822
6.39, 32.96530780029322
6.396, 32.964567749023715
6.402, 32.964567749023715
6.408, 32.96236285400411
6.414, 32.95942553710961
6.42, 32.95428332519552
6.426, 32.94692858886742
6.432, 32.93590411376971
6.438, 32.92267474365262
6.444, 32.90504321289082
6.45, 32.88519915771512
6.456, 32.86167773437522
6.462, 32.83448657226582
6.468, 32.80435046386742
6.474, 32.77201708984401
6.48, 32.73673876953151
6.486, 32.69925555419941
6.492, 32.66030749511742
6.498, 32.62135180664082
6.504, 32.581671325683814
6.51, 32.54271563720721
6.516, 32.50302752685572
6.522, 32.464811889648715
6.528, 32.42732867431661
6.534, 32.39131793212911
6.54, 32.358244506836215
6.546, 32.32737597656272
6.552, 32.297979919433814
6.558, 32.27078875732441
6.564, 32.24580249023461
6.57, 32.22228106689471
6.576, 32.20023211669941
6.582, 32.178923217773715
6.588, 32.15907916259792
6.594, 32.13923510742211
6.6, 32.12013110351582
6.606, 32.10101947021512
6.612, 32.08190783691431
6.618, 32.062063781738516
6.624, 32.04148730468772
6.63, 32.02017840576191
6.636, 31.998129455566612
6.642, 31.975348083496314
6.648, 31.951826660156513
6.654, 31.929045288086215
6.66, 31.905523864746314
6.666, 31.883474914551016
6.672, 31.86216601562522
6.678, 31.843794433594013
6.684, 31.82836016845721
6.69, 31.81659564209012
6.696, 31.809980957031513
6.702, 31.812185852051016
6.708, 31.823950378418218
6.714, 31.84158953857441
6.72, 31.86730822753931
6.726, 31.89890917968772
6.732, 31.93786486816431
6.738, 31.98122271728542
6.744, 32.02899798584012
6.75, 32.07897052001971
6.756, 32.12968310546901
6.762, 32.18039569091822
6.768, 32.22816333007832
6.774, 32.27152117919941
6.78, 32.309744445801016
6.786, 32.33987292480492
6.792, 32.36265429687522
6.798, 32.37588366699242
6.804, 32.37956103515651
6.81, 32.37956103515651
6.816, 32.37441882324242
6.822, 32.35971697998072
6.828, 32.33693560791042
6.834, 32.30679949951191
6.84, 32.27005633544941
6.846, 32.23036822509792
6.852, 32.18774279785181
6.858, 32.14511737060572
6.864, 32.10395678710961
6.87, 32.06500872802762
6.876, 32.03120288085961
6.882, 32.001799194336215
6.888, 31.979017822265817
6.894, 31.962851135254112
6.9, 31.952559082031513
6.906, 31.95035418701191
6.912, 31.95550402832052
6.918, 31.963583557129112
6.924, 31.97387561035181
6.93, 31.98416766357441
6.936, 31.99297961425802
6.942, 31.998861877441612
6.948, 32.001066772461215
6.954, 32.001066772461215
6.96, 31.998129455566612
6.966, 31.990042297363516
6.972, 31.975348083496314
6.978, 31.954031555176016
6.984, 31.926840393066612
6.99, 31.893034545898715
6.996, 31.85334643554711
7.002, 31.80777606201191
7.008, 31.75927600097681
7.014, 31.70635852050802
7.02, 31.65197619628931
7.026, 31.596121398926016
7.032, 31.540258972168218
7.038, 31.48514422607441
7.044, 31.431494323730718
7.05, 31.380781738281513
7.056, 31.333014099121314
7.062, 31.288176147461215
7.068, 31.24702319335961
7.074, 31.20953997802762
7.08, 31.17500170898461
7.086, 31.143393127441612
7.092, 31.11546954345721
7.098, 31.08827838134792
7.104, 31.062552062988516
7.11, 31.038298217773715
7.116, 31.012579528808814
7.122, 30.98685321044941
7.128, 30.95966204834012
7.134, 30.929533569336215
7.14, 30.897192565918218
7.146, 30.861914245605718
7.152, 30.822226135254112
7.158, 30.77960070800802
7.164, 30.73256549072292
7.17, 30.681852905273715
7.176, 30.627470581054922
7.182, 30.57014331054711
7.188, 30.50987872314471
7.194, 30.44667681884792
7.2, 30.382002441406513
7.206, 30.31585559082052
7.212, 30.249716369629112
7.218, 30.183569519043218
7.224, 30.11742266845721
7.23, 30.05422076416042
7.236, 29.992483703613516
7.242, 29.932959167480718
7.248, 29.877104370117422
7.254, 29.824919311523715
7.26, 29.777151672363516
7.266, 29.734526245117422
7.272, 29.69704302978542
7.278, 29.66544207763691
7.284, 29.63898333740262
7.29, 29.61913928222681
7.296, 29.60443743896512
7.302, 29.59561785888691
7.308, 29.592680541992422
7.314, 29.597822753906513
7.32, 29.60664233398461
7.326, 29.61840686035181
7.332, 29.632368652344013
7.338, 29.647802917480718
7.344, 29.663237182617422
7.35, 29.679403869629112
7.356, 29.695570556640817
7.362, 29.71027239990262
7.368, 29.72423419189471
7.374, 29.73673114013691
7.38, 29.74701556396512
7.386, 29.755835144043218
7.392, 29.76244982910181
7.398, 29.767592041015817
7.404, 29.770536987304922
7.41, 29.772001831054922
7.416, 29.772001831054922
7.422, 29.76979693603542
7.428, 29.764654724121314
7.434, 29.755102722168218
7.44, 29.741140930176016
7.446, 29.72276171875022
7.452, 29.69777545166042
7.458, 29.66617449951191
7.464, 29.62648638916042
7.47, 29.57945117187522
7.476, 29.52432879638691
7.482, 29.46112689209012
7.488, 29.38983782959012
7.494, 29.313406555176016
7.5, 29.23329791259792
7.506, 29.149511901855718
7.512, 29.06793841552762
7.518, 28.98929461669941
7.524, 28.91654071044941
7.53, 28.85407122802762
7.536, 28.802626220703317
7.542, 28.766615478515817
7.548, 28.74677142334012
7.554, 28.76000079345721
7.56, 28.792334167480718
7.566, 28.84084185791042
7.572, 28.90478381347681
7.578, 28.980475036621314
7.584, 29.06646594238302
7.59, 29.16200885009792
7.596, 29.26196154785181
7.602, 29.36632403564471
7.608, 29.47141894531272
7.614, 29.575041381836215
7.62, 29.67646655273461
7.626, 29.772001831054922
7.632, 29.862402526855718
7.638, 29.944716064453317
7.644, 30.01894244384792
7.65, 30.08288439941431
7.656, 30.13580187988302
7.662, 30.17768725585961
7.668, 30.20709094238302
7.674, 30.22399005126971
7.68, 30.229132263183814
7.686, 30.229132263183814
7.692, 30.22178515625022
7.698, 30.20194110107441
7.704, 30.170340148926016
7.71, 30.12624224853542
7.716, 30.071859924316612
7.722, 30.00645312500022
7.728, 29.930754272461215
7.734, 29.84549578857441
7.74, 29.752165405273715
7.746, 29.65221270751971
7.752, 29.54637774658221
7.758, 29.435400573730718
7.764, 29.32148608398461
7.77, 29.205366699219013
7.776, 29.08998736572292
7.782, 28.97753771972681
7.788, 28.86876544189471
7.794, 28.766615478515817
7.8, 28.671804992676016
7.806, 28.586554138183814
7.812, 28.51306018066451
7.818, 28.45132312011752
7.824, 28.40355548095752
7.83, 28.36827716064451
7.836, 28.34696063232451
7.842, 28.34329089355451
7.848, 28.358725158691513
7.854, 28.384443847656513
7.86, 28.41824969482451
7.866, 28.45867022705052
7.872, 28.504973022461513
7.878, 28.554213134765817
7.884, 28.60639819335961
7.89, 28.659308044433814
7.896, 28.71295794677762
7.902, 28.765875427246314
7.908, 28.81732043457052
7.914, 28.86582812500022
7.92, 28.91286334228542
7.926, 28.956961242676016
7.932, 28.99811419677762
7.938, 29.036337463379112
7.944, 29.07160815429711
7.95, 29.10394915771512
7.956, 29.132612792969013
7.962, 29.159071533203317
7.968, 29.181112854004112
7.974, 29.199492065429922
7.98, 29.21418627929711
7.986, 29.22374591064471
7.992, 29.228888122558814
7.998, 29.230360595703317
8.004, 29.229620544433814
8.01, 29.22595080566431
8.016, 29.216391174316612
8.022, 29.20242938232441
8.028, 29.183317749023715
8.034, 29.159071533203317
8.04, 29.13114031982441
8.046, 29.099539367676016
8.052, 29.064993469238516
8.058, 29.02972277832052
8.064, 28.992971984863516
8.07, 28.956228820801016
8.076, 28.921682922363516
8.082, 28.88860949707052
8.088, 28.859213439941612
8.094, 28.83349475097681
8.1, 28.812910644531513
8.106, 28.79747637939471
8.112, 28.787191955566612
8.118, 28.78278216552762
8.124, 28.787191955566612
8.13, 28.79674395751971
8.136, 28.80924090576191
8.142, 28.823935119629112
8.148, 28.84084185791042
8.154, 28.85774096679711
8.16, 28.874647705078317
8.166, 28.89081439209012
8.172, 28.90478381347681
8.178, 28.915800659179922
8.184, 28.92315539550802
8.19, 28.92829760742211
8.196, 28.92903002929711
8.202, 28.92903002929711
8.208, 28.92609271240262
8.214, 28.918745605469013
8.22, 28.908453552246314
8.226, 28.895964233398715
8.232, 28.879789916992422
8.238, 28.861418334961215
8.244, 28.84157427978542
8.25, 28.82026538085961
8.256, 28.79821643066431
8.262, 28.776899902344013
8.268, 28.755591003418218
8.274, 28.73500689697292
8.28, 28.71516284179711
8.286, 28.69753131103542
8.292, 28.682097045898715
8.298, 28.668867675781513
8.304, 28.65710314941431
8.31, 28.648283569336215
8.316, 28.64020404052762
8.322, 28.633589355469013
8.328, 28.628447143554922
8.334, 28.623297302246314
8.34, 28.61595019531272
8.346, 28.60639819335961
8.352, 28.59242877197292
8.358, 28.574057189941612
8.364, 28.54907092285181
8.37, 28.51379260253951
8.376, 28.469694702148516
8.382, 28.41310748291052
8.388, 28.34255084228552
8.394, 28.25877246093752
8.4, 28.159552185058516
8.406, 28.04563769531252
8.412, 27.91849383544951
8.418, 27.777388183593516
8.424, 27.62599047851552
8.43, 27.46871051025451
8.436, 27.30702838134752
8.442, 27.147543518066513
8.448, 26.996885864258516
8.454, 26.854307739258516
8.46, 26.730841247558516
8.466, 26.62721118164052
8.472, 26.54930743408252
8.478, 26.498594848633516
8.484, 26.479490844726513
8.49, 26.51109179687552
8.496, 26.56326922607451
8.502, 26.636030761718516
8.508, 26.72422656250052
8.514, 26.82196673584052
8.52, 26.92706927490252
8.526, 27.03289660644552
8.532, 27.137259094238516
8.538, 27.234266845703516
8.544, 27.31952532959052
8.55, 27.39227923584052
8.556, 27.446669189453516
8.562, 27.48414477539052
8.568, 27.50178393554752
8.574, 27.503256408691513
8.58, 27.49957904052752
8.586, 27.478270141601513
8.592, 27.44005450439451
8.598, 27.384932128906513
8.604, 27.31878527832052
8.61, 27.24529132080052
8.616, 27.16518267822252
8.622, 27.08507403564451
8.628, 27.00717791748052
8.634, 26.93662127685552
8.64, 26.876356689453516
8.646, 26.82637652587951
8.652, 26.788900939941513
8.658, 26.764647094726513
8.664, 26.75215014648451
8.67, 26.76390704345752
8.676, 26.783751098633516
8.682, 26.812414733886513
8.688, 26.84769305419951
8.694, 26.88958605957052
8.7, 26.93735369873052
8.706, 26.99100360107451
8.712, 27.049803344726513
8.718, 27.114477722168516
8.724, 27.184294311523516
8.73, 27.25999316406252
8.736, 27.34156665039052
8.742, 27.42828997802752
8.748, 27.519423095703516
8.754, 27.614233581543516
8.76, 27.71198138427752
8.766, 27.80972155761752
8.772, 27.908941833496513
8.778, 28.003744689941513
8.784, 28.09487780761752
8.79, 28.17866381835951
8.796, 28.25362261962951
8.802, 28.31903704834052
8.808, 28.371954528808516
8.814, 28.41310748291052
8.82, 28.44029864501951
8.826, 28.454260437011513
8.832, 28.456465332031513
8.838, 28.455732910156513
8.844, 28.443976013183516
8.85, 28.419722167968516
8.856, 28.38591632080052
8.862, 28.34402331542951
8.868, 28.29478320312552
8.874, 28.241133300781513
8.88, 28.183806030273516
8.886, 28.12574633789052
8.892, 28.067686645508516
8.898, 28.01035937500052
8.904, 27.955977050781513
8.91, 27.90453204345752
8.916, 27.85602435302752
8.922, 27.811194030761513
8.928, 27.76783618164052
8.934, 27.72741564941451
8.94, 27.68772753906252
8.946, 27.647307006836513
8.952, 27.60761889648451
8.958, 27.564993469238516
8.964, 27.52016314697252
8.97, 27.472387878418516
8.976, 27.420210449218516
8.982, 27.363615600586513
8.988, 27.302618591308516
8.994, 27.23647174072252
9.0, 27.16518267822252
9.006, 27.090223876953516
9.012, 27.01084765625052
9.018, 26.92927416992252
9.024, 26.84328326416052
9.03, 26.75508746337951
9.036, 26.66616687011752
9.042, 26.576498596191513
9.048, 26.48610552978552
9.054, 26.39644488525451
9.06, 26.306776611328516
9.066, 26.21638354492252
9.072, 26.125250427246513
9.078, 26.03117999267552
9.084, 25.933432189941513
9.09, 25.830542175293516
9.096, 25.721037475586513
9.102, 25.601973144531513
9.108, 25.472624389648516
9.114, 25.331518737793516
9.12, 25.17938861084052
9.126, 25.01402911376951
9.132, 24.837645141601513
9.138, 24.650969116211513
9.144, 24.45326861572252
9.15, 24.25116595459052
9.156, 24.046118347168516
9.162, 23.841070739746513
9.168, 23.642637817383516
9.174, 23.45375689697252
9.18, 23.28104266357451
9.186, 23.125975219726513
9.192, 22.99148425292951
9.198, 22.88344439697252
9.204, 22.80187091064451
9.21, 22.746748535156513
9.216, 22.71955737304752
9.222, 22.73940142822252
9.228, 22.782759277343516
9.234, 22.843023864746513
9.24, 22.91799029541052
9.246, 23.00544604492252
9.252, 23.09878405761752
9.258, 23.198736755371513
9.264, 23.29942187500052
9.27, 23.39863452148451
9.276, 23.49417742919951
9.282, 23.58237322998052
9.288, 23.66100939941451
9.294, 23.72862109375052
9.3, 23.782270996093516
9.306, 23.82195910644552
9.312, 23.84548052978552
9.318, 23.852827636718516
9.324, 23.852827636718516
9.33, 23.84474047851552
9.336, 23.81975421142552
9.342, 23.780806152343516
9.348, 23.72641619873052
9.354, 23.65953692626951
9.36, 23.58310565185552
9.366, 23.497114746093516
9.372, 23.404516784668516
9.378, 23.308973876953516
9.384, 23.210493652343516
9.39, 23.11421832275451
9.396, 23.02014025878951
9.402, 22.93195208740252
9.408, 22.85184344482451
9.414, 22.77982196044951
9.42, 22.72028979492252
9.426, 22.67178210449252
9.432, 22.63577136230451
9.438, 22.61372241210951
9.444, 22.61151751709052
9.45, 22.63283404541052
9.456, 22.66957720947252
9.462, 22.721762268066513
9.468, 22.79010638427752
9.474, 22.87315997314451
9.48, 22.97237261962951
9.486, 23.08481463623052
9.492, 23.212698547363516
9.498, 23.35086688232451
9.504, 23.500792114258516
9.51, 23.65953692626951
9.516, 23.82489642334052
9.522, 23.99393328857451
9.528, 24.164442626953516
9.534, 24.333471862793516
9.54, 24.499571411133516
9.546, 24.65758380126951
9.552, 24.806036560058516
9.558, 24.94200000000052
9.564, 25.06400164794951
9.57, 25.170569030761513
9.576, 25.258757202148516
9.582, 25.329313842773516
9.588, 25.38223132324252
9.594, 25.41603717041052
9.6, 25.43220385742252
9.606, 25.433676330566513
9.612, 25.43147143554752
9.618, 25.41383227539052
9.624, 25.38296374511752
9.63, 25.34181079101552
9.636, 25.291830627441513
9.642, 25.23818072509752
9.648, 25.18159350585951
9.654, 25.125738708496513
9.66, 25.07355364990252
9.666, 25.02505358886752
9.672, 24.981688110351513
9.678, 24.94420489501951
9.684, 24.911131469726513
9.69, 24.88027056884752
9.696, 24.85013446044951
9.702, 24.817061035156513
9.708, 24.780317871093516
9.714, 24.734015075683516
9.72, 24.67816027832052
9.726, 24.60907611084052
9.732, 24.52382525634752
9.738, 24.42240008544951
9.744, 24.30261096191451
9.75, 24.16149768066451
9.756, 24.00275286865252
9.762, 23.82710131835951
9.768, 23.63602313232451
9.774, 23.437590209961513
9.78, 23.23254260253951
9.786, 23.031164733886513
9.792, 22.83788165283252
9.798, 22.65634783935552
9.804, 22.496870605468516
9.81, 22.360167114258516
9.816, 22.25066241455052
9.822, 22.17129382324252
9.828, 22.119848815918516
9.834, 22.093390075683516
9.84, 22.10661944580052
9.846, 22.13674792480451
9.852, 22.177168457031513
9.858, 22.22126635742252
9.864, 22.26830157470752
9.87, 22.31166705322252
9.876, 22.34915026855451
9.882, 22.378546325683516
9.888, 22.39471301269552
9.894, 22.39839038085951
9.9, 22.39839038085951
9.906, 22.38662585449252
9.912, 22.360167114258516
9.918, 22.318281738281513
9.924, 22.262426940918516
9.93, 22.191870300293516
9.936, 22.11028918457052
9.942, 22.01916369628951
9.948, 21.92141589355451
9.954, 21.819990722656513
9.96, 21.717100708008516
9.966, 21.619352905273516
9.972, 21.52675494384752
9.978, 21.44444140625052
9.984, 21.37388476562552
9.99, 21.31655749511752
9.996, 21.27467211914052
10.002, 21.247473327636513
10.008, 21.240858642578516
10.014, 21.26070269775451
10.02, 21.294516174316513
10.026, 21.342283813476513
10.032, 21.40181597900451
10.038, 21.47310504150451
10.044, 21.55467852783252
10.05, 21.645811645508516
10.056, 21.747236816406513
10.062, 21.856741516113516
10.068, 21.976530639648516
10.074, 22.10661944580052
10.08, 22.246252624511513
10.086, 22.39544543457052
10.092, 22.554930297851513
10.098, 22.723227111816513
10.104, 22.90035113525451
10.11, 23.08481463623052
10.116, 23.27663287353552
10.122, 23.47212847900451
10.128, 23.67056140136752
10.134, 23.87119921875052
10.14, 24.071104614258516
10.146, 24.268065063476513
10.152, 24.46135577392552
10.158, 24.649496643066513
10.164, 24.829557983398516
10.17, 25.00079974365252
10.176, 25.161749450683516
10.182, 25.31167468261752
10.188, 25.45131549072252
10.194, 25.58066424560552
10.2, 25.70045336914052
10.206, 25.81143054199252
10.212, 25.91506060791052
10.218, 26.01133593750052
10.224, 26.101729003906513
10.23, 26.18919238281252
10.236, 26.27371081542951
10.242, 26.35748919677752
10.248, 26.43980273437552
10.254, 26.52138385009752
10.26, 26.60369738769552
10.266, 26.685270874023516
10.272, 26.764647094726513
10.278, 26.84328326416052
10.284, 26.91898211669951
10.29, 26.991743652343516
10.296, 27.06082781982451
10.302, 27.124762145996513
10.308, 27.18282183837951
10.314, 27.23573931884752
10.32, 27.282042114258516
10.326, 27.32173022460951
10.332, 27.35553607177752
10.338, 27.383459655761513
10.344, 27.40550860595752
10.35, 27.421675292968516
10.356, 27.432699768066513
10.362, 27.43931445312552
10.368, 27.44151934814451
10.374, 27.44151934814451
10.38, 27.44005450439451
10.386, 27.434172241211513
10.392, 27.424620239258516
10.398, 27.41139086914052
10.404, 27.39375170898451
10.41, 27.37243518066451
10.416, 27.34671649169951
10.422, 27.31805285644552
10.428, 27.28424700927752
10.434, 27.24749621582052
10.44, 27.207075683593516
10.446, 27.16371783447252
10.452, 27.11888751220752
10.458, 27.07185229492252
10.464, 27.02407702636752
10.47, 26.97704180908252
10.476, 26.931479064941513
10.482, 26.886641113281513
10.488, 26.84475573730451
10.494, 26.804335205078516
10.5, 26.766111938476513
10.506, 26.730841247558516
10.512, 26.69776782226552
10.518, 26.66689929199252
10.524, 26.638235656738516
10.53, 26.61031207275451
10.536, 26.58311328125052
10.542, 26.55518969726552
10.548, 26.526526062011513
10.554, 26.495657531738516
10.56, 26.46111926269552
10.566, 26.422163574218516
10.572, 26.376600830078516
10.578, 26.32295092773451
10.584, 26.259008972168516
10.59, 26.18257769775451
10.596, 26.092177001953516
10.602, 25.98487719726552
10.608, 25.85846575927752
10.614, 25.710745422363516
10.62, 25.53877124023451
10.626, 25.34181079101552
10.632, 25.115446655273516
10.638, 24.862631408691513
10.644, 24.57600268554752
10.65, 24.25777301025451
10.656, 23.910154907226513
10.662, 23.53533038330052
10.668, 23.13479479980451
10.674, 22.72028979492252
10.68, 22.295492736816513
10.686, 21.87070330810552
10.692, 21.46428546142552
10.698, 21.07697161865252
10.704, 20.73081835937552
10.71, 20.430227844238516
10.716, 20.18034991455052
10.722, 19.989996520996513
10.728, 19.85404071044951
10.734, 19.77098712158252
10.74, 19.748938171386513
10.746, 19.796713439941513
10.752, 19.87902697753951
10.758, 19.98485430908252
10.764, 20.11347064209052
10.77, 20.25898608398451
10.776, 20.416998474121513
10.782, 20.585295288086513
10.788, 20.75653704834052
10.794, 20.928511230468516
10.8, 21.10049304199252
10.806, 21.26731738281252
10.812, 21.426802246093516
10.818, 21.575255004883516
10.824, 21.711958496093516
10.83, 21.83174761962951
10.836, 21.93317279052752
10.842, 22.01401385498052
10.848, 22.069136230468516
10.854, 22.097059814453516
10.86, 22.10000476074252
10.866, 22.094122497558516
10.872, 22.058111755371513
10.878, 21.984617797851513
10.884, 21.87070330810552
10.89, 21.71121844482451
10.896, 21.499556152343516
10.902, 21.23351153564451
10.908, 20.905729858398516
10.914, 20.50665911865252
10.92, 20.034094421386513
10.926, 19.47701129150451
10.932, 18.82953509521552
10.938, 18.09533557128951
10.944, 17.275145141601513
10.95, 16.39028033447252
10.956, 15.544371215820519
10.962, 14.760923950195519
10.968, 14.127409545898516
10.974, 13.734953491211513
10.98, 13.585760681152522
10.986, 13.772436706543516
10.992, 14.061270324707522
10.998, 14.40962847900451
11.004, 14.799879638672522
11.01, 15.180578796386513
11.016, 15.545103637695519
11.022, 15.869207946777522
11.028, 16.14040240478552
11.034, 16.35426959228552
11.04, 16.49537524414052
11.046, 16.56740435791052
11.052, 16.574751464843516
11.058, 16.563726989746513
11.064, 16.483618347168516
11.07, 16.33001574707052
11.076, 16.108801452636513
11.082, 15.822172729492522
11.088, 15.489981262207522
11.094, 15.117369262695519
11.1, 14.720503417968516
11.106, 14.322905151367522
11.112, 13.927511779785519
11.118, 13.55342730712951
11.124, 13.206533996582522
11.13, 12.881697265625519
11.136, 12.581839172363516
11.142, 12.305502502441513
11.148, 12.037985412597521
11.154, 11.779287902832522
11.16, 11.516920654297522
11.166, 11.241316406250519
11.172, 10.948072998047522
11.178, 10.623236267090519
11.184, 10.264586059570519
11.19, 9.86624774169951
11.196, 9.423819152832522
11.202, 8.940229980468516
11.208, 8.429449645996513
11.214, 7.884123413086513
11.22, 7.351294128418516
11.226, 6.851538269043516
11.232, 6.406172363281513
11.238, 6.072508422851513
11.244, 5.8534990234375215
11.25, 5.743994323730519
11.256, 5.827772705078516
11.262, 5.948301879883516
11.268, 6.100432006836513
11.274, 6.229780761718516
11.28, 6.31944903564451
11.286, 6.3539873046875215
11.292, 6.3539873046875215
11.298, 6.301069824218516
11.304, 6.162901489258516
11.31, 5.953444091797522
11.316, 5.676375000000519
11.322, 5.424292175293516
11.328, 5.34638842773451
11.334, 5.58377703857451
11.34, 6.033552734375519
11.346, 6.634001342773516
11.352, 7.333654968261513
11.358, 8.117102233886513
11.364, 8.910833923340519
11.37, 9.71999987792951
11.376, 10.510054199218516
11.382, 11.261160461425519
11.388, 11.968901245117522
11.394, 12.619322387695519
11.4, 13.210943786621513
11.406, 13.739363281250519
11.412, 14.204580871582522
11.418, 14.606588928222521
11.424, 14.946127502441513
11.43, 15.223204223633516
11.436, 15.440741149902522
11.442, 15.59948596191451
11.448, 15.702383605957522
11.454, 15.747946350097521
11.46, 15.750151245117522
11.466, 15.736189453125519
11.472, 15.666365234375519
11.478, 15.537756530761513
11.484, 15.346670715332522
11.49, 15.087973205566513
11.496, 14.760191528320519
11.502, 14.350828735351513
11.508, 13.855482666015519
11.514, 13.258719055175519
11.52, 12.534803955078516
11.526, 11.67346057128951
11.532, 10.608534423828516
11.538, 9.301085083008516
11.544, 7.323370544433516
11.55, 4.22634753417951
11.556, 0.4237886352545104
11.562, -1.8942045288084728
11.568, -1.973580749511484
11.574, -1.2232145385744957
11.58, -0.21927777099548962
11.586, 0.816977111816513
11.592, 1.8613191528325217
11.598, 2.868185607910519
11.604, 3.8111101074225218
11.61, 4.67980059814451
11.616, 5.484556762695519
11.622, 6.216551391601513
11.628, 6.883879272461513
11.634, 7.492407409668516
11.64, 8.042135803222521
11.646, 8.544096557617522
11.652, 8.996084777832522
11.658, 9.403975097656513
11.664, 9.77070483398451
11.67, 10.095549194336513
11.676, 10.379232971191513
11.682, 10.622496215820519
11.688, 10.824606506347521
11.694, 10.990706054687521
11.7, 11.120787231445519
11.706, 11.22073992919951
11.712, 11.29128894042951
11.718, 11.344938842773516
11.724, 11.38536700439451
11.73, 11.422842590332522
11.736, 11.468412963867522
11.742, 11.525000183105519
11.748, 11.60290393066451
11.754, 11.704329101562521
11.76, 11.828528015136513
11.766, 11.975515930175519
11.772, 12.141615478515519
11.778, 12.322409240722521
11.784, 12.515692321777522
11.79, 12.716330139160519
11.796, 12.921377746582522
11.802, 13.129370300293516
11.808, 13.333677856445519
11.814, 13.534315673828516
11.82, 13.730543701172522
11.826, 13.921629516601513
11.832, 14.107565490722521
11.838, 14.28909930419951
11.844, 14.464750854492522
11.85, 14.633780090332522
11.856, 14.799147216797522
11.862, 14.958624450683516
11.868, 15.110022155761513
11.874, 15.253332702636513
11.88, 15.386358825683516
11.886, 15.509825317383516
11.892, 15.62227496337951
11.898, 15.723692504883516
11.904, 15.814825622558516
11.91, 15.897871582031513
11.916, 15.974310485840519
11.922, 16.04853686523451
11.928, 16.126440612793516
11.934, 16.208014099121513
11.94, 16.30502947998052
11.946, 16.41747149658252
11.952, 16.55123004150451
11.958, 16.70851000976552
11.964, 16.89003619384752
11.97, 17.09728869628951
11.976, 17.33026751709052
11.982, 17.58381518554752
11.988, 17.85500964355451
11.994, 18.14089831542951
12.0, 18.431936828613516
12.006, 18.728117553711513
12.012, 19.01767596435552
12.018, 19.30136737060552
12.024, 19.574759094238516
12.03, 19.82904681396552
12.036, 20.06349047851552
12.042, 20.272215454101513
12.048, 20.452276794433516
12.054, 20.60220202636752
12.06, 20.719053833008516
12.066, 20.80283984375052
12.072, 20.85428485107451
12.078, 20.87192401123052
12.084, 20.87192401123052
12.09, 20.857222167968516
12.096, 20.811659423828516
12.102, 20.73596057128951
12.108, 20.63380297851552
12.114, 20.50592669677752
12.12, 20.356001464843516
12.126, 20.18916949462951
12.132, 20.00617083740252
12.138, 19.813612548828516
12.144, 19.61444720459052
12.15, 19.416014282226513
12.156, 19.225668518066513
12.162, 19.04707965087951
12.168, 18.89568194580052
12.174, 18.77220782470752
12.18, 18.68916186523451
12.186, 18.66197070312552
12.192, 18.72150286865252
12.198, 18.83100756835951
12.204, 18.98313769531252
12.21, 19.17348345947252
12.216, 19.39617022705052
12.222, 19.63870104980451
12.228, 19.89887103271552
12.234, 20.16418322753951
12.24, 20.428755371093516
12.246, 20.68819293212951
12.252, 20.931456176758516
12.258, 21.15708026123052
12.264, 21.36212786865252
12.27, 21.54071673584052
12.276, 21.692846862793516
12.282, 21.81411608886752
12.288, 21.904509155273516
12.294, 21.963301269531513
12.3, 21.99050006103552
12.306, 21.99270495605451
12.312, 21.987555114746513
12.318, 21.95815905761752
12.324, 21.90230426025451
12.33, 21.82733782959052
12.336, 21.73547229003951
12.342, 21.63405474853552
12.348, 21.52895983886752
12.354, 21.42166003417951
12.36, 21.32391223144552
12.366, 21.237188903808516
12.372, 21.16442736816451
12.378, 21.10930499267552
12.384, 21.071829406738516
12.39, 21.049040405273516
12.396, 21.04096087646552
12.402, 21.04463061523451
12.408, 21.049780456543516
12.414, 21.049780456543516
12.42, 21.048307983398516
12.426, 21.03948840332052
12.432, 21.01670703125052
12.438, 20.977751342773516
12.444, 20.92116412353552
12.45, 20.844732849121513
12.456, 20.746985046386513
12.462, 20.630133239746513
12.468, 20.49490222167951
12.474, 20.343504516601513
12.48, 20.18182238769552
12.486, 20.010580627441513
12.492, 19.83933886718752
12.498, 19.670302001953516
12.504, 19.511557189941513
12.51, 19.368246643066513
12.516, 19.242567626953516
12.522, 19.143354980468516
12.528, 19.072065917968516
12.534, 19.03017291259752
12.54, 19.03826007080052
12.546, 19.083822814941513
12.552, 19.155844299316513
12.558, 19.249182312011513
12.564, 19.360159484863516
12.57, 19.487303344726513
12.576, 19.623999206543516
12.582, 19.76878222656252
12.588, 19.91944750976552
12.594, 20.072310058593516
12.6, 20.225180236816513
12.606, 20.37437304687552
12.612, 20.51915606689451
12.618, 20.65878924560552
12.624, 20.790342895508516
12.63, 20.914549438476513
12.636, 21.02773150634752
12.642, 21.129149047851513
12.648, 21.215872375488516
12.654, 21.287901489258516
12.66, 21.342283813476513
12.666, 21.37682208251951
12.672, 21.390791503906513
12.678, 21.390791503906513
12.684, 21.37902697753951
12.69, 21.34007891845752
12.696, 21.272467224121513
12.702, 21.17324694824252
12.708, 21.04096087646552
12.714, 20.87339648437552
12.72, 20.67128619384752
12.726, 20.43463763427752
12.732, 20.16564807128951
12.738, 19.86505755615252
12.744, 19.54609545898451
12.75, 19.21169909667951
12.756, 18.869223205566513
12.762, 18.53262194824252
12.768, 18.205572692871513
12.774, 17.90718707275451
12.78, 17.64041003417951
12.786, 17.411108581543516
12.792, 17.22590502929752
12.798, 17.08185443115252
12.804, 16.97308215332052
12.81, 16.90032824707052
12.816, 16.85549792480451
12.822, 16.83565386962951
12.828, 16.85182055664052
12.834, 16.884161560058516
12.84, 16.93045672607451
12.846, 16.991461364746513
12.852, 17.06789263916052
12.858, 17.16196307373052
12.864, 17.27367266845752
12.87, 17.40669879150451
12.876, 17.562506286621513
12.882, 17.741827575683516
12.888, 17.942465393066513
12.894, 18.16588458251951
12.9, 18.406950561523516
12.906, 18.66270312500052
12.912, 18.933165161133516
12.918, 19.20949420166052
12.924, 19.49171313476552
12.93, 19.76878222656252
12.936, 20.04070910644552
12.942, 20.30014666748052
12.948, 20.54266986084052
12.954, 20.76682910156252
12.96, 20.963789550781513
12.966, 21.13429888916052
12.972, 21.273199645996513
12.978, 21.37829455566451
12.984, 21.44885119628951
12.99, 21.48338946533252
12.996, 21.487066833496513
13.002, 21.48192462158252
13.008, 21.44444140625052
13.014, 21.37094744873052
13.02, 21.262907592773516
13.026, 21.12400683593752
13.032, 20.954969970703516
13.038, 20.763151733398516
13.044, 20.55296191406252
13.05, 20.32807025146552
13.056, 20.10024127197252
13.062, 19.871672241211513
13.068, 19.657072631836513
13.074, 19.463049499511513
13.08, 19.291807739258516
13.086, 19.155111877441513
13.092, 19.052954284668516
13.098, 18.988279907226513
13.104, 18.96843585205052
13.11, 19.005919067383516
13.116, 19.072798339843516
13.122, 19.16025408935552
13.128, 19.266821472168516
13.134, 19.38661822509752
13.14, 19.513029663086513
13.146, 19.645315734863516
13.152, 19.77760180664052
13.158, 19.91136035156252
13.164, 20.04365405273451
13.17, 20.17300280761752
13.176, 20.30087908935552
13.182, 20.42655047607451
13.188, 20.550757019043516
13.194, 20.67422351074252
13.2, 20.797697631836513
13.206, 20.92189654541052
13.212, 21.050512878418516
13.218, 21.18133410644552
13.224, 21.31655749511752
13.23, 21.453993408203516
13.236, 21.595839111328516
13.242, 21.74062213134752
13.248, 21.887610046386513
13.254, 22.033857910156513
13.26, 22.17864093017552
13.266, 22.32048663330052
13.272, 22.45645007324252
13.278, 22.58653125000052
13.284, 22.70779284667951
13.29, 22.818770019531513
13.296, 22.92019519042951
13.302, 23.011320678711513
13.308, 23.09142932128951
13.314, 23.16051348876951
13.32, 23.22077807617252
13.326, 23.27296313476552
13.332, 23.317793457031513
13.338, 23.356741516113516
13.344, 23.39055499267552
13.35, 23.41995104980451
13.356, 23.44566973876951
13.362, 23.46771868896552
13.368, 23.485357849121513
13.374, 23.495649902343516
13.38, 23.499319641113516
13.386, 23.499319641113516
13.392, 23.49270495605451
13.398, 23.473600952148516
13.404, 23.44125994873052
13.41, 23.39055499267552
13.416, 23.32147082519552
13.422, 23.23033770751951
13.428, 23.11495074462951
13.434, 22.974577514648516
13.44, 22.80554064941451
13.446, 22.60858020019552
13.452, 22.382216064453516
13.458, 22.126463500976513
13.464, 21.841307250976513
13.47, 21.52821978759752
13.476, 21.18794879150451
13.482, 20.82709368896552
13.488, 20.440519897461513
13.494, 20.036299316406513
13.5, 19.622534362793516
13.506, 19.202147094726513
13.512, 18.787642089843516
13.518, 18.384901611328516
13.524, 18.002729980468516
13.53, 17.655844299316513
13.536, 17.346434204101513
13.542, 17.09141406250052
13.548, 16.893713562011513
13.554, 16.75627764892552
13.56, 16.68498858642552
13.566, 16.720999328613516
13.572, 16.81874713134752
13.578, 16.957655517578516
13.584, 17.12815722656252
13.59, 17.325117675781513
13.596, 17.53237017822252
13.602, 17.74770983886752
13.608, 17.95937213134752
13.614, 18.16221484375052
13.62, 18.35256060791052
13.626, 18.52380236816451
13.632, 18.67520007324252
13.638, 18.80381640625052
13.644, 18.91184863281252
13.65, 18.99857196044951
13.656, 19.06618365478552
13.662, 19.11469134521552
13.668, 19.147024719238516
13.674, 19.16466387939451
13.68, 19.167608825683516
13.686, 19.167608825683516
13.692, 19.16099414062552
13.698, 19.144087402343516
13.704, 19.121306030273516
13.71, 19.09264239501951
13.716, 19.061773864746513
13.722, 19.03090533447252
13.728, 19.000044433593516
13.734, 18.97431811523451
13.74, 18.953741638183516
13.746, 18.93977221679752
13.752, 18.933897583008516
13.758, 18.941244689941513
13.764, 18.955206481933516
13.77, 18.97211322021552
13.776, 18.990484802246513
13.782, 19.00959643554752
13.788, 19.02208575439451
13.794, 19.027968017578516
13.8, 19.027968017578516
13.806, 19.02208575439451
13.812, 19.001509277343516
13.818, 18.963293640136513
13.824, 18.90302905273451
13.83, 18.81851062011752
13.836, 18.705328552246513
13.842, 18.561285583496513
13.848, 18.385634033203516
13.854, 18.17397174072252
13.86, 17.92703112792951
13.866, 17.64187487792951
13.872, 17.31703814697252
13.878, 16.95250567626951
13.884, 16.553434936523516
13.89, 16.111738769531513
13.896, 15.632559387207522
13.902, 15.115164367675519
13.908, 14.561026184082522
13.914, 13.973806945800519
13.92, 13.351317016601513
13.926, 12.690611450195519
13.932, 11.992422668457522
13.938, 11.250868408203516
13.944, 10.46008166503951
13.95, 9.616369812011513
13.956, 8.689619628906513
13.962, 7.67540606689451
13.968, 6.537726013183516
13.974, 5.208960144043516
13.98, 3.7405534667975218
13.986, 2.3324190063475214
13.992, 1.0124727172855188
13.998, 0.0930696411135159
14.004, 0.05043658447252142
14.01, 0.5737138671875215
14.016, 1.3358446044925216
14.022, 2.2155595703125215
14.028, 3.147459594726513
14.034, 4.11022814941451
14.04, 5.040655700683516
14.046, 5.952711669922522
14.052, 6.816259948730519
14.058, 7.6232210083005185
14.064, 8.371389953613516
14.07, 9.05708178710951
14.076, 9.681044189453516
14.082, 10.243269531250519
14.088, 10.74597033691451
14.094, 11.190603820800519
14.1, 11.582327453613516
14.106, 11.921133605957522
14.112, 12.211432067871513
14.118, 12.452490417480519
14.124, 12.64651354980451
14.13, 12.800116149902522
14.136, 12.91109332275451
14.142, 12.98164233398451
14.148, 13.011046020508516
14.154, 13.011778442383516
14.16, 13.00222644042951
14.166, 12.95665606689451
14.172, 12.877287475586513
14.178, 12.76851519775451
14.184, 12.632551757812521
14.19, 12.476744262695519
14.196, 12.308447448730519
14.202, 12.130591003418516
14.208, 11.95714434814451
14.214, 11.79031237792951
14.22, 11.644064514160519
14.226, 11.527937500000519
14.232, 11.445631591797522
14.238, 11.420637695312521
14.244, 11.48237475585951
14.25, 11.596289245605519
14.256, 11.761648742675519
14.262, 11.971846191406513
14.268, 12.228338806152522
14.274, 12.520842163086513
14.28, 12.848623840332522
14.286, 13.203596679687521
14.292, 13.583555786133516
14.298, 13.986303894043516
14.304, 14.400808898925519
14.31, 14.824865905761513
14.316, 15.254805175781513
14.322, 15.683271972656513
14.328, 16.108069030761513
14.334, 16.52477130126951
14.34, 16.931929199218516
14.346, 17.32585772705052
14.352, 17.703611938476513
14.358, 18.06519946289052
14.364, 18.406950561523516
14.37, 18.72370776367252
14.376, 19.02135333251951
14.382, 19.29475268554752
14.388, 19.54242572021552
14.394, 19.762907592773516
14.4, 19.956190673828516
14.406, 20.120817749023516
14.412, 20.25678118896552
14.418, 20.36334857177752
14.424, 20.440519897461513
14.43, 20.488287536621513
14.436, 20.50665911865252
14.442, 20.50665911865252
14.448, 20.49710711669951
14.454, 20.45962390136752
14.46, 20.39715441894552
14.466, 20.308966247558516
14.472, 20.19945391845752
14.478, 20.07010516357451
14.484, 19.92165240478552
14.49, 19.75923022460951
14.496, 19.582846252441513
14.502, 19.39691027832052
14.508, 19.202879516601513
14.514, 19.002249328613516
14.52, 18.797934143066513
14.526, 18.58847674560552
14.532, 18.37534197998052
14.538, 18.158537475586513
14.544, 17.933645812988516
14.55, 17.69920214843752
14.556, 17.455206481933516
14.562, 17.19871386718752
14.568, 16.92899188232451
14.574, 16.651182739258516
14.58, 16.36823138427752
14.586, 16.08528002929752
14.592, 15.823645202636513
14.598, 15.586996643066513
14.604, 15.397383300781513
14.61, 15.270239440918516
14.616, 15.21732196044951
14.622, 15.298903076172522
14.628, 15.440741149902522
14.634, 15.634764282226513
14.64, 15.873617736816513
14.646, 16.133787719726513
14.652, 16.41380175781252
14.658, 16.69380816650451
14.664, 16.967207519531513
14.67, 17.227377502441513
14.676, 17.46108111572252
14.682, 17.66833361816451
14.688, 17.84104785156252
14.694, 17.97701129150451
14.7, 18.076223937988516
14.706, 18.13648852539052
14.712, 18.157805053711513
14.718, 18.158537475586513
14.724, 18.143843261718516
14.73, 18.09533557128951
14.736, 18.01669940185552
14.742, 17.91380175781252
14.748, 17.788130371093516
14.754, 17.650694458008516
14.76, 17.50150164794951
14.766, 17.346434204101513
14.772, 17.19062670898451
14.778, 17.03481921386752
14.784, 16.87607440185552
14.79, 16.717329589843516
14.796, 16.554907409668516
14.802, 16.388807861328516
14.808, 16.21610125732451
14.814, 16.03310260009752
14.82, 15.83760699462951
14.826, 15.627417175293516
14.832, 15.398848144531513
14.838, 15.152647583008516
14.844, 14.887335388183516
14.85, 14.602919189453516
14.856, 14.300856201172522
14.862, 13.985571472168516
14.868, 13.651907531738516
14.874, 13.309424011230519
14.88, 12.95739611816451
14.886, 12.607565490722521
14.892, 12.262877075195519
14.898, 11.929953186035519
14.904, 11.621275512695519
14.91, 11.33979663085951
14.916, 11.098005859375519
14.922, 10.900305358886513
14.928, 10.751844970703516
14.934, 10.659247009277522
14.94, 10.634993164062521
14.946, 10.69746264648451
14.952, 10.805502502441513
14.958, 10.954687683105519
14.964, 11.144301025390519
14.97, 11.370665161133516
14.976, 11.631567565918516
14.982, 11.927008239746513
14.988, 12.254057495117522
14.994, 12.611975280761513
15.0, 12.994139282226513
15.006, 13.399092285156513
15.012, 13.819471923828516
15.018, 14.245001403808516
15.024, 14.680815307617522
15.03, 15.112227050781513
15.036, 15.537016479492522
15.042, 15.947851745605519
15.048, 16.338835327148516
15.054, 16.70997485351552
15.06, 17.053930847168516
15.066, 17.370688049316513
15.072, 17.66025408935552
15.078, 17.92115649414052
15.084, 18.155600158691513
15.09, 18.364317504883516
15.096, 18.54731616210951
15.102, 18.71121081542951
15.108, 18.85526141357451
15.114, 18.98240527343752
15.12, 19.09557971191451
15.126, 19.195532409668516
15.132, 19.286665527343516
15.138, 19.368979064941513
15.144, 19.44467791748052
15.15, 19.513762084961513
15.156, 19.57770404052752
15.162, 19.63576373291052
15.168, 19.68867358398451
15.174, 19.73570880126951
15.18, 19.775396911621513
15.186, 19.80773791503951
15.192, 19.83345660400451
15.198, 19.85036334228552
15.204, 19.860647766113516
15.21, 19.862852661133516
15.216, 19.862852661133516
15.222, 19.857710449218516
15.228, 19.845953552246513
15.234, 19.82758197021552
15.24, 19.80626544189451
15.246, 19.78421649169951
15.252, 19.762907592773516
15.258, 19.748938171386513
