% Measurement ID: 2779
% Mode ID: 1
% Date and time: 2020-06-02 11:53:44
% Sample ID: TOT49-82
% Measurement type: ringdown
% Frequency [Hz]: 288558.0
% Quality factor: 22277698.673260137
% Temperature [K]: 293.0
% Pressure [mBar]: 5.88e-07
% Notes: 
% 
%
% measurement data
% time [s], power [dBm]
0.0, 0.5700938
0.3204272363150868, 0.4724375
0.6408544726301736, 0.3650156
0.9612817089452603, 0.2575938
1.2817089452603472, 0.1452891
1.602136181575434, 0.02810156
1.9225634178905207, -0.07932031
2.2429906542056077, -0.1818594
2.5634178905206944, -0.2990469
2.883845126835781, -0.4064687
3.204272363150868, -0.5138906
3.5246995994659547, -0.6310781
3.8451268357810413, -0.7385
4.165554072096128, -0.8459219
4.4859813084112155, -0.9631094
4.806408544726302, -1.070531
5.126835781041389, -1.177953
5.447263017356476, -1.290258
5.767690253671562, -1.407445
6.088117489986649, -1.509984
6.408544726301736, -1.617406
6.728971962616822, -1.734594
7.049399198931909, -1.851781
7.369826435246996, -1.964086
7.690253671562083, -2.076391
8.01068090787717, -2.183812
8.331108144192257, -2.291234
8.651535380507344, -2.403539
8.971962616822431, -2.525609
9.292389853137516, -2.633031
9.612817089452603, -2.750219
9.93324432576769, -2.862523
10.253671562082777, -2.965062
10.574098798397864, -3.072484
10.894526034712952, -3.189672
11.214953271028039, -3.306859
11.535380507343124, -3.414281
11.855807743658211, -3.526586
12.176234979973298, -3.629125
12.496662216288385, -3.746312
12.817089452603472, -3.853734
13.13751668891856, -3.970922
13.457943925233645, -4.078344
13.778371161548732, -4.185766
14.098798397863819, -4.302953
14.419225634178906, -4.420141
14.739652870493993, -4.527562
15.06008010680908, -4.64475
15.380507343124165, -4.752172
15.700934579439252, -4.859594
16.02136181575434, -4.976781
16.341789052069426, -5.093969
16.662216288384514, -5.201391
16.9826435246996, -5.308812
17.303070761014688, -5.426
17.623497997329775, -5.523656
17.943925233644862, -5.640844
18.26435246995995, -5.753148
18.584779706275032, -5.870336
18.90520694259012, -5.972875
19.225634178905207, -6.099828
19.546061415220294, -6.197484
19.86648865153538, -6.304906
20.186915887850468, -6.422094
20.507343124165555, -6.539281
20.827770360480642, -6.636937
21.14819759679573, -6.763891
21.468624833110816, -6.871312
21.789052069425903, -6.978734
22.10947930574099, -7.086156
22.429906542056077, -7.208227
22.75033377837116, -7.310766
23.070761014686248, -7.418187
23.391188251001335, -7.535375
23.711615487316422, -7.652562
24.03204272363151, -7.76975
24.352469959946596, -7.89182
24.672897196261683, -7.994359
24.99332443257677, -8.111547
25.313751668891857, -8.218969
25.634178905206944, -8.345922
25.95460614152203, -8.453344
26.27503337783712, -8.570531
26.595460614152206, -8.677953
26.91588785046729, -8.790258
27.236315086782376, -8.902562
27.556742323097463, -9.024633
27.87716955941255, -9.127172
28.197596795727637, -9.244359
28.518024032042725, -9.351781
28.83845126835781, -9.478734
29.1588785046729, -9.586156
29.479305740987986, -9.713109
29.799732977303073, -9.820531
30.12016021361816, -9.927953
30.440587449933247, -10.03537
30.76101468624833, -10.15745
31.081441922563418, -10.26975
31.401869158878505, -10.38694
31.72229639519359, -10.50412
32.04272363150868, -10.61643
32.36315086782377, -10.72873
32.68357810413885, -10.84592
33.004005340453936, -10.96311
33.32443257676903, -11.07541
33.64485981308411, -11.18772
33.9652870493992, -11.30002
34.285714285714285, -11.41233
34.606141522029375, -11.52952
34.92656875834446, -11.6467
35.24699599465955, -11.74924
35.56742323097463, -11.86155
35.887850467289724, -11.98362
36.20827770360481, -12.09592
36.5287049399199, -12.21311
36.84913217623498, -12.32053
37.169559412550065, -12.42795
37.489986648865155, -12.53537
37.81041388518024, -12.65256
38.13084112149533, -12.76975
38.45126835781041, -12.88205
38.771695594125504, -12.99436
39.09212283044059, -13.0969
39.41255006675568, -13.2092
39.73297730307076, -13.32639
40.05340453938585, -13.46311
40.373831775700936, -13.57053
40.694259012016026, -13.68284
41.01468624833111, -13.80491
41.33511348464619, -13.91721
41.655540720961284, -14.04416
41.97596795727637, -14.16135
42.29639519359146, -14.28342
42.61682242990654, -14.39084
42.93724966622163, -14.49827
43.257676902536716, -14.62034
43.578104138851806, -14.73264
43.89853137516689, -14.85471
44.21895861148198, -14.9719
44.539385847797064, -15.0842
44.859813084112155, -15.20139
45.18024032042724, -15.3137
45.50066755674232, -15.43577
45.82109479305741, -15.54319
46.141522029372496, -15.66526
46.461949265687586, -15.7678
46.78237650200267, -15.8801
47.10280373831776, -15.99241
47.423230974632844, -16.10959
47.743658210947935, -16.21702
48.06408544726302, -16.32444
48.38451268357811, -16.42698
48.70493991989319, -16.53928
49.02536715620828, -16.6467
49.345794392523366, -16.77366
49.66622162883845, -16.88108
49.98664886515354, -16.99338
50.307076101468624, -17.10569
50.627503337783715, -17.21311
50.9479305740988, -17.3303
51.26835781041389, -17.42795
51.58878504672897, -17.54514
51.90921228304406, -17.65745
52.22963951935915, -17.76975
52.55006675567424, -17.89182
52.87049399198932, -18.00412
53.19092122830441, -18.11155
53.511348464619495, -18.21897
53.83177570093458, -18.33127
54.15220293724967, -18.41428
54.47263017356475, -18.52659
54.79305740987984, -18.63889
55.11348464619493, -18.75608
55.43391188251002, -18.85373
55.7543391188251, -18.96604
56.07476635514019, -19.07834
56.395193591455275, -19.18577
56.715620827770366, -19.29319
57.03604806408545, -19.42502
57.35647530040054, -19.54221
57.67690253671562, -19.65452
57.99732977303071, -19.76194
58.3177570093458, -19.89866
58.63818424566088, -20.00608
58.95861148197597, -20.12327
59.279038718291055, -20.24534
59.599465954606146, -20.34787
59.91989319092123, -20.46018
60.24032042723632, -20.57248
60.5607476635514, -20.69455
60.881174899866494, -20.82151
61.20160213618158, -20.92405
61.52202937249666, -21.051
61.84245660881175, -21.16819
62.162883845126835, -21.28049
62.483311081441926, -21.43186
62.80373831775701, -21.53928
63.1241655540721, -21.6467
63.44459279038718, -21.73948
63.765020026702274, -21.85178
64.08544726301736, -21.94944
64.40587449933244, -22.05686
64.72630173564754, -22.17405
65.04672897196262, -22.29123
65.3671562082777, -22.39377
65.68758344459279, -22.52561
66.00801068090787, -22.6135
66.32843791722297, -22.75022
66.64886515353805, -22.86741
66.96929238985314, -22.98459
67.28971962616822, -23.06272
67.61014686248332, -23.17502
67.9305740987984, -23.29709
68.25100133511349, -23.39475
68.57142857142857, -23.49729
68.89185580774367, -23.62912
69.21228304405875, -23.71213
69.53271028037383, -23.81955
69.85313751668892, -23.94162
70.173564753004, -24.06858
70.4939919893191, -24.19065
70.81441922563418, -24.29319
71.13484646194927, -24.40061
71.45527369826435, -24.47385
71.77570093457945, -24.56662
72.09612817089453, -24.71311
72.41655540720961, -24.81077
72.7369826435247, -24.91819
73.0574098798398, -25.01584
73.37783711615488, -25.13791
73.69826435246996, -25.25022
74.01869158878505, -25.40647
74.33911882510013, -25.55295
74.65954606141523, -25.68479
74.97997329773031, -25.81662
75.3004005340454, -25.93381
75.62082777036048, -26.04123
75.94125500667558, -26.1633
76.26168224299066, -26.28537
76.58210947930574, -26.3635
76.90253671562083, -26.50998
77.22296395193592, -26.63694
77.54339118825101, -26.76389
77.86381842456609, -26.86643
78.18424566088117, -26.97385
78.50467289719626, -27.04221
78.82510013351136, -27.15452
79.14552736982644, -27.2717
79.46595460614152, -27.38889
79.7863818424566, -27.51584
80.1068090787717, -27.63303
80.42723631508679, -27.73069
80.74766355140187, -27.86252
81.06809078771695, -27.97483
81.38851802403205, -28.10178
81.70894526034714, -28.2678
82.02937249666222, -28.33127
82.3497997329773, -28.42405
82.67022696929239, -28.51194
82.99065420560748, -28.62912
83.31108144192257, -28.67307
83.63150867823765, -28.81955
83.95193591455273, -28.90745
84.27236315086783, -29.01975
84.59279038718292, -29.16623
84.913217623498, -29.30295
85.23364485981308, -29.41037
85.55407209612818, -29.55198
85.87449933244326, -29.66428
86.19492656875835, -29.85471
86.51535380507343, -29.98655
86.83578104138851, -30.1428
87.15620827770361, -30.30881
87.4766355140187, -30.40647
87.79706275033378, -30.46995
88.11748998664886, -30.60666
88.43791722296396, -30.75803
88.75834445927904, -30.84104
89.07877169559413, -30.91428
89.39919893190921, -31.07053
89.71962616822431, -31.17307
90.04005340453939, -31.29514
90.36048064085448, -31.40256
90.68090787716956, -31.52463
91.00133511348464, -31.66135
91.32176234979974, -31.77366
91.64218958611482, -31.88108
91.96261682242991, -32.02268
92.28304405874499, -32.13987
92.60347129506009, -32.29123
92.92389853137517, -32.38889
93.24432576769026, -32.46702
93.56475300400534, -32.59397
93.88518024032044, -32.73557
94.20560747663552, -32.94553
94.5260347129506, -32.99924
94.84646194926569, -33.17991
95.16688918558077, -33.24827
95.48731642189587, -33.40452
95.80774365821095, -33.57541
96.12817089452604, -33.72678
96.44859813084112, -33.87327
96.76902536715622, -33.93186
97.0894526034713, -33.97092
97.40987983978638, -34.13694
97.73030707610147, -34.23459
98.05073431241657, -34.40061
98.37116154873165, -34.58127
98.69158878504673, -34.72288
99.01201602136182, -34.95725
99.3324432576769, -35.05002
99.652870493992, -35.10373
99.97329773030708, -35.17698
100.29372496662216, -35.35764
100.61415220293725, -35.4553
100.93457943925235, -35.55295
101.25500667556743, -35.67014
101.57543391188251, -35.8801
101.8958611481976, -36.01682
102.2162883845127, -36.13889
102.53671562082778, -36.18772
102.85714285714286, -36.30491
103.17757009345794, -36.3635
103.49799732977303, -36.38303
103.81842456608813, -36.45627
104.13885180240321, -36.63694
104.4592790387183, -36.62229
104.77970627503338, -36.73459
105.10013351134847, -36.90061
105.42056074766356, -37.00803
105.74098798397864, -37.16916
106.06141522029372, -37.25217
106.38184245660882, -37.34983
106.7022696929239, -37.41819
107.02269692923899, -37.63303
107.34312416555407, -37.69651
107.66355140186916, -37.75022
107.98397863818425, -37.80881
108.30440587449934, -37.92112
108.62483311081442, -38.0676
108.9452603471295, -38.25803
109.2656875834446, -38.28733
109.58611481975969, -38.24338
109.90654205607477, -38.33127
110.22696929238985, -38.50217
110.54739652870495, -38.64866
110.86782376502003, -38.80491
111.18825100133512, -38.78538
111.5086782376502, -38.80491
111.82910547396529, -39.02952
112.14953271028038, -39.32248
112.46995994659547, -39.49827
112.79038718291055, -39.69358
113.11081441922563, -39.82541
113.43124165554073, -39.89866
113.75166889185581, -40.1135
114.0720961281709, -40.2844
114.39252336448598, -40.40159
114.71295060080108, -40.45041
115.03337783711616, -40.60178
115.35380507343125, -40.74338
115.67423230974633, -40.91428
115.99465954606141, -40.97288
116.31508678237651, -40.96311
116.6355140186916, -40.99241
116.95594125500668, -41.09983
117.27636849132176, -41.04123
117.59679572763686, -41.2219
117.91722296395194, -41.17307
118.23765020026703, -41.42209
118.55807743658211, -41.55881
118.87850467289721, -41.89084
119.19893190921229, -42.13987
119.51935914552737, -42.31077
119.83978638184246, -42.78928
120.16021361815754, -42.80393
120.48064085447264, -42.79416
120.80106809078772, -43.02366
121.1214953271028, -43.24338
121.44192256341789, -43.39475
121.76234979973299, -43.65842
122.08277703604807, -43.79026
122.40320427236315, -43.79514
122.72363150867824, -43.79026
123.04405874499332, -44.14182
123.36448598130842, -44.3469
123.6849132176235, -44.26877
124.00534045393859, -44.21506
124.32576769025367, -44.51291
124.64619492656877, -44.68381
124.96662216288385, -44.73264
125.28704939919893, -44.86448
125.60747663551402, -44.75705
125.92790387182912, -44.89866
126.2483311081442, -44.801
126.56875834445928, -44.89866
126.88918558077437, -44.93772
127.20961281708945, -45.4553
127.53004005340455, -45.47483
127.85046728971963, -45.60666
128.17089452603471, -45.75803
128.4913217623498, -46.10471
128.81174899866488, -46.31467
129.13217623497997, -46.42209
129.45260347129508, -46.47092
129.77303070761016, -46.88108
130.09345794392524, -47.06663
130.41388518024033, -47.09592
130.7343124165554, -47.07151
131.0547396528705, -47.14963
131.37516688918558, -47.75998
131.69559412550066, -47.926
132.01602136181575, -48.17991
132.33644859813086, -48.0676
132.65687583444594, -48.02854
132.97730307076102, -48.43381
133.2977303070761, -48.24338
133.6181575433912, -48.45334
133.93858477970628, -48.74631
134.25901201602136, -48.53635
134.57943925233644, -48.64377
134.89986648865155, -48.7512
135.22029372496664, -49.18577
135.54072096128172, -49.25413
135.8611481975968, -49.49827
136.1815754339119, -49.11741
136.50200267022697, -49.05881
136.82242990654206, -49.46409
137.14285714285714, -49.91819
137.46328437917222, -50.17209
137.78371161548733, -50.36252
138.10413885180242, -50.69455
138.4245660881175, -50.64573
138.74499332443258, -50.47483
139.06542056074767, -50.7092
139.38584779706275, -50.80198
139.70627503337784, -50.7678
140.02670226969292, -50.76291
140.347129506008, -50.6262
140.66755674232311, -50.75803
140.9879839786382, -50.69944
141.30841121495328, -50.83616
141.62883845126836, -51.29514
141.94926568758345, -50.94846
142.26969292389853, -50.94358
142.59012016021362, -51.02659
142.9105473965287, -51.29026
143.2309746328438, -51.44163
143.5514018691589, -51.90549
143.87182910547398, -52.40842
144.19225634178906, -52.33518
144.51268357810414, -52.61838
144.83311081441923, -52.5842
145.1535380507343, -52.56467
145.4739652870494, -53.00901
145.79439252336448, -53.24338
146.1148197596796, -53.15549
146.43524699599467, -53.28245
146.75567423230976, -53.16038
147.07610146862484, -53.39475
147.39652870493993, -53.56077
147.716955941255, -52.95041
148.0373831775701, -52.70627
148.35781041388518, -52.75022
148.67823765020026, -52.76487
148.99866488651537, -52.52073
149.31909212283045, -52.66233
149.63951935914554, -52.87717
149.95994659546062, -52.88694
150.2803738317757, -52.64768
150.6008010680908, -53.13596
150.92122830440587, -53.41428
151.24165554072096, -53.28733
151.56208277703607, -52.81858
151.88251001335115, -52.68674
152.20293724966623, -52.301
152.52336448598132, -52.35959
152.8437917222964, -52.54026
153.16421895861149, -52.4133
153.48464619492657, -52.19846
153.80507343124165, -52.5842
154.12550066755674, -52.83323
154.44592790387185, -52.88205
154.76635514018693, -53.18967
155.08678237650201, -53.47776
155.4072096128171, -53.29709
155.72763684913218, -53.54612
156.04806408544727, -54.43967
156.36849132176235, -54.69358
156.68891855807743, -54.61545
157.00934579439252, -54.6887
157.32977303070763, -54.87913
157.6502002670227, -54.79123
157.9706275033378, -55.6262
158.29105473965288, -55.71409
158.61148197596796, -54.90354
158.93190921228305, -54.67405
159.25233644859813, -54.801
159.5727636849132, -54.71311
159.89319092122832, -54.92795
160.2136181575434, -54.82053
160.5340453938585, -54.88401
160.85447263017357, -54.70334
161.17489986648866, -54.60569
161.49532710280374, -55.01584
161.81575433911883, -55.05491
162.1361815754339, -55.41135
162.456608811749, -55.58225
162.7770360480641, -55.98752
163.0974632843792, -55.36741
163.41789052069427, -55.33323
163.73831775700936, -55.14768
164.05874499332444, -55.1428
164.37917222963952, -55.37717
164.6995994659546, -55.41623
165.0200267022697, -56.49045
165.34045393858477, -56.75901
165.66088117489988, -57.05198
165.98130841121497, -57.55491
166.30173564753005, -58.05295
166.62216288384514, -58.78049
166.94259012016022, -58.99045
167.2630173564753, -58.15061
167.58344459279039, -58.18479
167.90387182910547, -58.85862
168.22429906542055, -60.44065
168.54472630173566, -60.41623
168.86515353805075, -59.26389
169.18558077436583, -59.42991
169.50600801068092, -58.28733
169.826435246996, -58.87327
170.14686248331108, -59.28342
170.46728971962617, -59.44944
170.78771695594125, -59.87424
171.10814419225636, -58.62913
171.42857142857144, -58.47288
171.74899866488653, -57.73557
172.0694259012016, -57.59397
172.3898531375167, -58.16038
172.71028037383178, -57.66721
173.03070761014686, -58.82444
173.35113484646195, -59.28342
173.67156208277703, -59.3176
173.99198931909214, -60.0842
174.31241655540722, -59.15159
174.6328437917223, -59.09299
174.9532710280374, -59.05393
175.27369826435248, -58.551
175.59412550066756, -58.99534
175.91455273698264, -58.17991
176.23497997329773, -57.48166
176.5554072096128, -56.55393
176.87583444592792, -56.55881
177.196261682243, -56.04612
177.5166889185581, -55.30393
177.83711615487317, -54.87913
178.15754339118826, -55.21604
178.47797062750334, -56.50998
178.79839786381842, -56.75901
179.1188251001335, -57.16916
179.43925233644862, -57.22288
179.7596795727637, -57.02756
180.08010680907879, -57.31565
180.40053404539387, -56.67112
180.72096128170895, -56.17795
181.04138851802404, -56.90061
181.36181575433912, -56.83225
181.6822429906542, -55.61643
182.0026702269693, -55.60666
182.3230974632844, -55.49924
182.64352469959948, -55.38205
182.96395193591457, -55.94846
183.28437917222965, -56.44651
183.60480640854473, -56.61252
183.92523364485982, -56.55393
184.2456608811749, -56.39768
184.56608811748998, -56.60764
184.88651535380507, -57.69163
185.20694259012018, -58.36545
185.52736982643526, -58.10666
185.84779706275035, -58.79026
186.16822429906543, -58.39475
186.4886515353805, -58.96116
186.8090787716956, -59.58127
187.12950600801068, -59.21018
187.44993324432576, -59.49338
187.77036048064087, -57.86252
188.09078771695596, -57.65256
188.41121495327104, -56.52463
188.73164218958613, -56.61741
189.0520694259012, -56.17307
189.3724966622163, -55.16721
189.69292389853138, -54.78635
190.01335113484646, -54.4592
190.33377837116154, -54.59592
190.65420560747665, -54.89866
190.97463284379174, -54.76682
191.29506008010682, -54.44944
191.6154873164219, -54.35178
191.935914552737, -54.86936
192.25634178905207, -55.28928
192.57676902536716, -56.10959
192.89719626168224, -56.96409
193.21762349799732, -58.00413
193.53805073431243, -57.37913
193.85847797062752, -57.14963
194.1789052069426, -56.76389
194.49933244325769, -56.76389
194.81975967957277, -57.301
195.14018691588785, -58.01877
195.46061415220294, -59.40549
195.78104138851802, -59.18577
196.10146862483313, -59.2053
196.42189586114822, -58.32639
196.7423230974633, -58.0969
197.06275033377838, -58.37034
197.38317757009347, -57.79905
197.70360480640855, -57.10569
198.02403204272363, -56.72483
198.34445927903872, -57.1301
198.6648865153538, -56.4758
198.9853137516689, -55.85569
199.305740987984, -55.9387
199.62616822429908, -55.91428
199.94659546061416, -56.01682
200.26702269692925, -56.10959
200.58744993324433, -57.34006
200.9078771695594, -57.24241
201.2283044058745, -57.34495
201.54873164218958, -57.47678
201.8691588785047, -57.39377
202.18958611481978, -56.83225
202.51001335113486, -56.84202
202.83044058744994, -56.63694
203.15086782376503, -57.05686
203.4712950600801, -56.77854
203.7917222963952, -56.34397
204.11214953271028, -56.75413
204.4325767690254, -57.48655
204.75300400534047, -57.83811
205.07343124165556, -57.93088
205.39385847797064, -57.7551
205.71428571428572, -57.62327
206.0347129506008, -57.87717
206.3551401869159, -58.05295
206.67556742323097, -57.4133
206.99599465954606, -57.04709
207.31642189586117, -57.58909
207.63684913217625, -58.50217
207.95727636849134, -58.47288
208.27770360480642, -58.87327
208.5981308411215, -58.60471
208.9185580774366, -57.76487
209.23898531375167, -56.79807
209.55941255006675, -57.47678
209.87983978638184, -57.63791
210.20026702269695, -58.30198
210.52069425901203, -58.44358
210.84112149532712, -59.0344
211.1615487316422, -59.09299
211.48197596795728, -58.04319
211.80240320427237, -58.0676
212.12283044058745, -59.46897
212.44325767690253, -59.3469
212.76368491321765, -59.58127
213.08411214953273, -59.79612
213.4045393858478, -60.09397
213.7249666221629, -59.85471
214.04539385847798, -58.92209
214.36582109479306, -58.68284
214.68624833110815, -58.20432
215.00667556742323, -58.04319
215.3271028037383, -57.42795
215.64753004005343, -57.50608
215.9679572763685, -58.54612
216.2883845126836, -58.77561
216.60881174899868, -58.93674
216.92923898531376, -58.47288
217.24966622162884, -57.48655
217.57009345794393, -57.23264
217.890520694259, -56.87131
218.2109479305741, -56.24143
218.5313751668892, -56.57346
218.8518024032043, -55.90452
219.17222963951937, -56.8176
219.49265687583446, -56.49045
219.81308411214954, -56.35862
220.13351134846462, -56.37815
220.4539385847797, -56.45139
220.7743658210948, -56.57346
221.0947930574099, -56.41233
221.41522029372499, -56.35373
221.73564753004007, -56.06077
222.05607476635515, -56.11448
222.37650200267024, -55.98264
222.69692923898532, -55.78245
223.0173564753004, -56.03147
223.3377837116155, -56.85666
223.65821094793057, -56.32932
223.97863818424568, -56.09495
224.29906542056077, -55.74338
224.61949265687585, -55.38205
224.93991989319093, -54.89377
225.26034712950602, -55.12815
225.5807743658211, -55.50413
225.90120160213618, -56.77854
226.22162883845127, -57.8137
226.54205607476635, -57.91623
226.86248331108146, -59.73264
227.18291054739655, -62.19358
227.50333778371163, -62.84788
227.8237650200267, -62.35471
228.1441922563418, -63.82932
228.46461949265688, -64.42991
228.78504672897196, -65.75315
229.10547396528705, -67.80881
229.42590120160216, -69.66916
229.74632843791724, -67.18381
230.06675567423233, -66.62229
230.3871829105474, -66.04612
230.7076101468625, -64.73264
231.02803738317758, -63.68284
231.34846461949266, -64.61057
231.66889185580774, -66.1633
231.98931909212283, -67.49631
232.30974632843794, -68.44358
232.63017356475302, -64.70334
232.9506008010681, -64.86448
233.2710280373832, -64.54221
233.59145527369827, -64.35666
233.91188251001336, -64.91819
234.23230974632844, -64.72288
234.55273698264352, -66.051
234.8731642189586, -67.97483
235.19359145527372, -69.36155
235.5140186915888, -68.2678
235.8344459279039, -66.79807
236.15487316421897, -65.63596
236.47530040053405, -66.79807
236.79572763684914, -63.52659
237.11615487316422, -63.19455
237.4365821094793, -63.38987
237.75700934579442, -63.41428
238.0774365821095, -62.80881
238.39786381842458, -63.75608
238.71829105473967, -63.41916
239.03871829105475, -64.34202
239.35914552736983, -62.39377
239.67957276368492, -62.0178
240.0, -61.26584
