% Measurement ID: 2621
% Mode ID: 1
% Date and time: 2020-08-05 16:29:44
% Sample ID: TOT67-73
% Measurement type: ringdown
% Frequency [Hz]: 264187.0
% Quality factor: 50979877.60283754
% Temperature [K]: 293.0
% Pressure [mBar]: 5.38e-07
% Notes: 
% 
%
% measurement data
% time [s], power [dBm]
0.0, -5.709203
0.2683578104138852, -5.748266
0.5367156208277704, -5.787328
0.8050734312416555, -5.826391
1.0734312416555407, -5.875219
1.341789052069426, -5.914281
1.610146862483311, -5.943578
1.8785046728971961, -5.967992
2.1468624833110814, -6.002172
2.4152202937249667, -6.051
2.683578104138852, -6.090063
2.951935914552737, -6.109594
3.220293724966622, -6.168188
3.4886515353805074, -6.197484
3.7570093457943923, -6.236547
4.025367156208278, -6.265844
4.293724966622163, -6.304906
4.562082777036048, -6.348852
4.830440587449933, -6.373266
5.098798397863819, -6.422094
5.367156208277704, -6.470922
5.635514018691588, -6.500219
5.903871829105474, -6.51975
6.172229639519359, -6.558813
6.440587449933244, -6.597875
6.70894526034713, -6.646703
6.977303070761015, -6.676
7.2456608811749, -6.729711
7.5140186915887845, -6.763891
7.78237650200267, -6.778539
8.050734312416555, -6.812719
8.31909212283044, -6.851781
8.587449933244326, -6.881078
8.855807743658211, -6.920141
9.124165554072096, -6.964086
9.392523364485982, -7.003148
9.660881174899867, -7.042211
9.929238985313752, -7.061742
10.197596795727637, -7.115453
10.465954606141523, -7.14475
10.734312416555408, -7.183813
11.002670226969292, -7.213109
11.271028037383177, -7.252172
11.539385847797062, -7.286352
11.807743658210947, -7.330297
12.076101468624833, -7.369359
12.344459279038718, -7.427953
12.612817089452603, -7.442602
12.881174899866489, -7.481664
13.149532710280374, -7.535375
13.41789052069426, -7.554906
13.686248331108144, -7.584203
13.95460614152203, -7.618383
14.222963951935915, -7.667211
14.4913217623498, -7.701391
14.759679572763686, -7.740453
15.028037383177569, -7.779516
15.296395193591454, -7.813695
15.56475300400534, -7.867406
15.833110814419225, -7.896703
16.10146862483311, -7.935766
16.369826435246996, -7.965063
16.63818424566088, -7.994359
16.906542056074766, -8.052953
17.17489986648865, -8.072484
17.443257676902537, -8.145727
17.711615487316422, -8.145727
17.979973297730307, -8.189672
18.248331108144193, -8.2385
18.516688918558078, -8.262914
18.785046728971963, -8.321508
19.05340453938585, -8.355688
19.321762349799734, -8.375219
19.59012016021362, -8.409398
19.858477970627504, -8.453344
20.12683578104139, -8.502172
20.395193591455275, -8.521703
20.66355140186916, -8.560766
20.931909212283045, -8.614477
21.20026702269693, -8.629125
21.468624833110816, -8.668188
21.736982643524698, -8.702367
22.005340453938583, -8.74143
22.27369826435247, -8.765844
22.542056074766354, -8.819555
22.81041388518024, -8.843969
23.078771695594124, -8.892797
23.34712950600801, -8.926977
23.615487316421895, -8.946508
23.88384512683578, -8.995336
24.152202937249665, -9.044164
24.42056074766355, -9.068578
24.688918558077436, -9.127172
24.95727636849132, -9.136938
25.225634178905207, -9.205297
25.493991989319092, -9.224828
25.762349799732977, -9.283422
26.030707610146862, -9.293188
26.299065420560748, -9.342016
26.567423230974633, -9.400609
26.83578104138852, -9.425023
27.104138851802404, -9.45432
27.37249666221629, -9.498266
27.640854472630174, -9.517797
27.90921228304406, -9.586156
28.177570093457945, -9.620336
28.44592790387183, -9.639867
28.714285714285715, -9.669164
28.9826435246996, -9.713109
29.251001335113486, -9.737523
29.51935914552737, -9.776586
29.787716955941256, -9.830297
30.056074766355138, -9.869359
30.324432576769023, -9.908422
30.59279038718291, -9.937719
30.861148197596794, -9.967016
31.12950600801068, -10.0012
31.397863818424565, -10.04514
31.66622162883845, -10.06467
31.934579439252335, -10.10373
32.20293724966622, -10.1428
32.47129506008011, -10.18674
32.73965287049399, -10.23557
33.00801068090788, -10.25998
33.27636849132176, -10.30881
33.54472630173565, -10.32834
33.81308411214953, -10.37717
34.08144192256342, -10.40647
34.3497997329773, -10.44553
34.618157543391185, -10.49436
34.88651535380507, -10.52366
35.154873164218955, -10.55784
35.423230974632844, -10.60178
35.691588785046726, -10.63108
35.959946595460615, -10.67991
36.228304405874496, -10.7092
36.496662216288385, -10.77268
36.76502002670227, -10.79709
37.033377837116156, -10.82639
37.30173564753004, -10.86545
37.570093457943926, -10.89475
37.83845126835781, -10.92893
38.1068090787717, -10.97776
38.37516688918558, -11.01194
38.64352469959947, -11.051
38.91188251001335, -11.09006
39.18024032042724, -11.11936
39.44859813084112, -11.15842
39.71695594125501, -11.20725
39.98531375166889, -11.24631
40.25367156208278, -11.28049
40.52202937249666, -11.3342
40.79038718291055, -11.37327
41.05874499332443, -11.40256
41.32710280373832, -11.44163
41.5954606141522, -11.47092
41.86381842456609, -11.51487
42.13217623497997, -11.54905
42.40053404539386, -11.58811
42.66889185580774, -11.62717
42.93724966622163, -11.65647
43.205607476635514, -11.69553
43.473965287049396, -11.75413
43.742323097463284, -11.75413
44.010680907877166, -11.80295
44.279038718291055, -11.83713
44.54739652870494, -11.87131
44.815754339118826, -11.91038
45.08411214953271, -11.94944
45.352469959946596, -12.00803
45.62082777036048, -12.02756
45.88918558077437, -12.05686
46.15754339118825, -12.10569
46.42590120160214, -12.1594
46.69425901201602, -12.16428
46.96261682242991, -12.20334
47.23097463284379, -12.23264
47.49933244325768, -12.28147
47.76769025367156, -12.29123
48.03604806408545, -12.34006
48.30440587449933, -12.36936
48.57276368491322, -12.40842
48.8411214953271, -12.46213
49.10947930574099, -12.48655
49.37783711615487, -12.53538
49.64619492656876, -12.56467
49.91455273698264, -12.62327
50.18291054739653, -12.65256
50.45126835781041, -12.67209
50.7196261682243, -12.72092
50.987983978638184, -12.77463
51.25634178905207, -12.81858
51.524699599465954, -12.84788
51.793057409879836, -12.8967
52.061415220293725, -12.926
52.32977303070761, -12.96506
52.598130841121495, -12.99436
52.86648865153538, -13.06272
53.134846461949266, -13.08225
53.40320427236315, -13.10178
53.67156208277704, -13.14084
53.93991989319092, -13.17991
54.20827770360481, -13.21897
54.47663551401869, -13.25315
54.74499332443258, -13.29221
55.01335113484646, -13.32151
55.28170894526035, -13.3508
55.55006675567423, -13.39475
55.81842456608812, -13.43381
56.086782376502, -13.46311
56.35514018691589, -13.49241
56.62349799732977, -13.53635
56.89185580774366, -13.57053
57.16021361815754, -13.60471
57.42857142857143, -13.67307
57.69692923898531, -13.70725
57.9652870493992, -13.72678
58.23364485981308, -13.75608
58.50200267022697, -13.79514
58.77036048064085, -13.82444
59.03871829105474, -13.85373
59.307076101468624, -13.91721
59.57543391188251, -13.95139
59.843791722296395, -13.9758
60.112149532710276, -14.01975
60.380507343124165, -14.05881
60.64886515353805, -14.07834
60.917222963951936, -14.12229
61.18558077436582, -14.19553
61.453938584779706, -14.21506
61.72229639519359, -14.22971
61.99065420560748, -14.26389
62.25901201602136, -14.30295
62.52736982643525, -14.35178
62.79572763684913, -14.38596
63.06408544726302, -14.42014
63.3324432576769, -14.4592
63.60080106809079, -14.4885
63.86915887850467, -14.52756
64.13751668891855, -14.56663
64.40587449933244, -14.59592
64.67423230974633, -14.64963
64.94259012016022, -14.68381
65.2109479305741, -14.71311
65.47930574098798, -14.75217
65.74766355140187, -14.78147
66.01602136181576, -14.8303
66.28437917222963, -14.87913
66.55273698264352, -14.90842
66.82109479305741, -14.93772
67.0894526034713, -14.97678
67.35781041388518, -15.0012
67.62616822429906, -15.05491
67.89452603471295, -15.09397
68.16288384512684, -15.14768
68.43124165554072, -15.18186
68.6995994659546, -15.22092
68.9679572763685, -15.24534
69.23631508678237, -15.31858
69.50467289719626, -15.38694
69.77303070761015, -15.37717
70.04138851802404, -15.41623
70.30974632843791, -15.43577
70.5781041388518, -15.49436
70.84646194926569, -15.50413
71.11481975967958, -15.54807
71.38317757009345, -15.63108
71.65153538050734, -15.64084
71.91989319092123, -15.67014
72.18825100133512, -15.70432
72.45660881174899, -15.7385
72.72496662216288, -15.77756
72.99332443257677, -15.79709
73.26168224299066, -15.83616
73.53004005340453, -15.86545
73.79839786381842, -15.90452
74.06675567423231, -15.93381
74.3351134846462, -15.95334
74.60347129506007, -15.99729
74.87182910547396, -16.051
75.14018691588785, -16.09006
75.40854472630174, -16.11448
75.67690253671562, -16.20725
75.9452603471295, -16.1926
76.2136181575434, -16.23655
76.48197596795728, -16.25608
76.75033377837116, -16.29026
77.01869158878505, -16.32932
77.28704939919893, -16.3928
77.55540720961281, -16.41233
77.8237650200267, -16.45627
78.09212283044059, -16.49045
78.36048064085448, -16.51975
78.62883845126835, -16.55881
78.89719626168224, -16.60764
79.16555407209613, -16.61741
79.43391188251002, -16.676
79.70226969292389, -16.7053
79.97062750333778, -16.74436
80.23898531375167, -16.78342
80.50734312416556, -16.80295
80.77570093457943, -16.86155
81.04405874499332, -16.90549
81.31241655540721, -16.92991
81.5807743658211, -16.9592
81.84913217623497, -17.00803
82.11748998664886, -17.02756
82.38584779706275, -17.1008
82.65420560747664, -17.13498
82.92256341789052, -17.14963
83.1909212283044, -17.18381
83.4592790387183, -17.22288
83.72763684913218, -17.25705
83.99599465954606, -17.301
84.26435246995995, -17.34983
84.53271028037383, -17.36936
84.80106809078772, -17.38889
85.0694259012016, -17.42795
85.33778371161549, -17.46702
85.60614152202938, -17.52561
85.87449933244326, -17.54514
86.14285714285714, -17.5842
86.41121495327103, -17.63303
86.67957276368492, -17.69163
86.94793057409879, -17.72092
87.21628838451268, -17.75998
87.48464619492657, -17.81858
87.75300400534046, -17.86252
88.02136181575433, -17.87717
88.28971962616822, -17.90647
88.55807743658211, -17.95041
88.826435246996, -17.99436
89.09479305740987, -18.02366
89.36315086782376, -18.05295
89.63150867823765, -18.12131
89.89986648865154, -18.14084
90.16822429906541, -18.18967
90.4365821094793, -18.2092
90.70493991989319, -18.25803
90.97329773030708, -18.29709
91.24165554072096, -18.37522
91.51001335113484, -18.3801
91.77837116154873, -18.43381
92.04672897196262, -18.46311
92.3150867823765, -18.51194
92.58344459279039, -18.54123
92.85180240320427, -18.57053
93.12016021361816, -18.60959
93.38851802403204, -18.65354
93.65687583444593, -18.69748
93.92523364485982, -18.73166
94.1935914552737, -18.79026
94.46194926568758, -18.81467
94.73030707610147, -18.83909
94.99866488651536, -18.88303
95.26702269692923, -18.90256
95.53538050734312, -18.96116
95.80373831775701, -19.01975
96.0720961281709, -19.02952
96.34045393858477, -19.07834
96.60881174899866, -19.08811
96.87716955941255, -19.12717
97.14552736982644, -19.13694
97.41388518024031, -19.176
97.6822429906542, -19.2053
97.95060080106809, -19.27366
98.21895861148198, -19.29319
98.48731642189586, -19.32248
98.75567423230974, -19.3762
99.02403204272363, -19.41038
99.29238985313752, -19.44944
99.5607476635514, -19.5178
99.82910547396529, -19.54221
100.09746328437917, -19.57639
100.36582109479306, -19.61545
100.63417890520694, -19.64475
100.90253671562083, -19.67405
101.17089452603471, -19.72288
101.4392523364486, -19.75217
101.70761014686248, -19.79612
101.97596795727637, -19.84006
102.24432576769026, -19.87913
102.51268357810414, -19.92795
102.78104138851802, -19.96702
103.04939919893191, -19.99631
103.3177570093458, -20.01584
103.58611481975967, -20.05491
103.85447263017356, -20.09397
104.12283044058745, -20.15256
104.39118825100134, -20.19651
104.65954606141521, -20.25022
104.9279038718291, -20.25998
105.19626168224299, -20.29905
105.46461949265688, -20.31858
105.73297730307075, -20.36741
106.00133511348464, -20.426
106.26969292389853, -20.4553
106.53805073431242, -20.51389
106.8064085447263, -20.55295
107.07476635514018, -20.58225
107.34312416555407, -20.60666
107.61148197596796, -20.67014
107.87983978638184, -20.68479
108.14819759679573, -20.71409
108.41655540720961, -20.75803
108.6849132176235, -20.77756
108.95327102803738, -20.81663
109.22162883845127, -20.85569
109.48998664886516, -20.87522
109.75834445927904, -20.93381
110.02670226969292, -20.98264
110.29506008010681, -21.00217
110.5634178905207, -21.03147
110.83177570093459, -21.0803
111.10013351134846, -21.12913
111.36849132176235, -21.16819
111.63684913217624, -21.18772
111.90520694259011, -21.21702
112.173564753004, -21.2219
112.44192256341789, -21.26584
112.71028037383178, -21.30491
112.97863818424565, -21.3342
113.24699599465954, -21.3928
113.51535380507343, -21.43674
113.78371161548732, -21.45139
114.0520694259012, -21.49045
114.32042723631508, -21.51975
114.58878504672897, -21.54905
114.85714285714286, -21.61741
115.12550066755674, -21.65647
115.39385847797062, -21.68577
115.66221628838451, -21.71995
115.9305740987984, -21.75901
116.19893190921228, -21.80295
116.46728971962617, -21.83225
116.73564753004005, -21.88596
117.00400534045394, -21.92014
117.27236315086782, -21.97873
117.5407209612817, -22.02756
117.8090787716956, -22.03733
118.07743658210948, -22.07639
118.34579439252336, -22.11545
118.61415220293725, -22.14475
118.88251001335114, -22.16428
119.15086782376503, -22.21311
119.4192256341789, -22.26682
119.68758344459279, -22.32541
119.95594125500668, -22.35959
120.22429906542055, -22.37913
120.49265687583444, -22.40842
120.76101468624833, -22.45725
121.02937249666222, -22.49143
121.2977303070761, -22.53538
121.56608811748998, -22.56467
121.83444592790387, -22.6135
122.10280373831776, -22.6428
122.37116154873164, -22.67209
122.63951935914552, -22.71116
122.90787716955941, -22.74045
123.1762349799733, -22.7844
123.44459279038718, -22.83811
123.71295060080107, -22.86252
123.98130841121495, -22.89182
124.24966622162884, -22.94553
124.51802403204272, -22.99436
124.7863818424566, -23.00413
125.0547396528705, -23.08225
125.32309746328438, -23.14084
125.59145527369826, -23.19455
125.85981308411215, -23.26291
126.12817089452604, -23.32639
126.39652870493993, -23.35569
126.6648865153538, -23.3801
126.93324432576769, -23.42405
127.20160213618158, -23.46311
127.46995994659547, -23.54123
127.73831775700934, -23.54123
128.00667556742323, -23.59983
128.2750333778371, -23.62913
128.543391188251, -23.70725
128.81174899866488, -23.71213
129.08010680907876, -23.74631
129.34846461949266, -23.77561
129.61682242990653, -23.80979
129.88518024032044, -23.85373
130.1535380507343, -23.90256
130.4218958611482, -23.94163
130.6902536715621, -23.94163
130.95861148197596, -24.00998
131.22696929238984, -24.04416
131.49532710280374, -24.08811
131.76368491321762, -24.11741
132.03204272363152, -24.18088
132.3004005340454, -24.25413
132.56875834445927, -24.26877
132.83711615487317, -24.29319
133.10547396528705, -24.32248
133.37383177570092, -24.35178
133.64218958611482, -24.41038
133.9105473965287, -24.44944
134.1789052069426, -24.47873
134.44726301735648, -24.54709
134.71562082777035, -24.55686
134.98397863818425, -24.58616
135.25233644859813, -24.63498
135.520694259012, -24.64475
135.7890520694259, -24.66428
136.05740987983978, -24.72288
136.32576769025368, -24.76194
136.59412550066756, -24.8303
136.86248331108143, -24.85959
137.13084112149534, -24.87913
137.3991989319092, -24.88889
137.6675567423231, -24.91819
137.935914552737, -24.96702
138.20427236315086, -25.01584
138.47263017356474, -25.04514
138.74098798397864, -25.06467
139.00934579439252, -25.09397
139.27770360480642, -25.1135
139.5460614152203, -25.15256
139.81441922563417, -25.19163
140.08277703604807, -25.23069
140.35113484646195, -25.2551
140.61949265687582, -25.28928
140.88785046728972, -25.32834
141.1562082777036, -25.33811
141.4245660881175, -25.3967
141.69292389853138, -25.41623
141.96128170894525, -25.44553
142.22963951935915, -25.50413
142.49799732977303, -25.56272
142.7663551401869, -25.58225
143.0347129506008, -25.60666
143.30307076101468, -25.63108
143.57142857142858, -25.69944
143.83978638184246, -25.72873
144.10814419225633, -25.78733
144.37650200267024, -25.82639
144.6448598130841, -25.83616
144.91321762349799, -25.88498
145.1815754339119, -25.91428
145.44993324432576, -25.92893
145.71829105473967, -25.96311
145.98664886515354, -26.02659
146.25500667556742, -26.0803
146.52336448598132, -26.12424
146.7917222963952, -26.15354
147.06008010680907, -26.16819
147.32843791722297, -26.19748
147.59679572763685, -26.23166
147.86515353805072, -26.31467
148.13351134846462, -26.35373
148.4018691588785, -26.40256
148.6702269692924, -26.45139
148.93858477970628, -26.48557
149.20694259012015, -26.53928
149.47530040053405, -26.56858
149.74365821094793, -26.57834
150.0120160213618, -26.6467
150.2803738317757, -26.65159
150.54873164218958, -26.72483
150.81708945260348, -26.73459
151.08544726301736, -26.74436
151.35380507343123, -26.80295
151.62216288384514, -26.84202
151.890520694259, -26.91526
152.15887850467288, -26.96897
152.4272363150868, -27.0178
152.69559412550066, -27.10569
152.96395193591457, -27.07639
153.23230974632844, -27.13987
153.50066755674231, -27.17405
153.76902536715622, -27.23264
154.0373831775701, -27.2717
154.30574098798397, -27.301
154.57409879839787, -27.3303
154.84245660881174, -27.36448
155.11081441922562, -27.4133
155.37917222963952, -27.50608
155.6475300400534, -27.52561
155.9158878504673, -27.54514
156.18424566088117, -27.59885
156.45260347129505, -27.6428
156.72096128170895, -27.68186
156.98931909212283, -27.72092
157.2576769025367, -27.79905
157.5260347129506, -27.81858
157.79439252336448, -27.85764
158.06275033377838, -27.926
158.33110814419226, -27.93088
158.59946595460613, -27.99436
158.86782376502003, -28.04319
159.1361815754339, -28.05784
159.40453938584778, -28.13108
159.6728971962617, -28.13108
159.94125500667556, -28.16038
160.20961281708946, -28.21897
160.47797062750334, -28.25803
160.7463284379172, -28.32639
161.01468624833112, -28.35569
161.283044058745, -28.37522
161.55140186915887, -28.4387
161.81975967957277, -28.46311
162.08811748998664, -28.54123
162.35647530040055, -28.5803
162.62483311081442, -28.5803
162.8931909212283, -28.59495
163.1615487316422, -28.63889
163.42990654205607, -28.71702
163.69826435246995, -28.74631
163.96662216288385, -28.81955
164.23497997329773, -28.8635
164.5033377837116, -28.92209
164.7716955941255, -28.98069
165.04005340453938, -29.10764
165.30841121495328, -29.13694
165.57676902536716, -29.176
165.84512683578103, -29.17112
166.11348464619493, -29.22483
166.3818424566088, -29.23459
166.65020026702268, -29.27366
166.9185580774366, -29.28342
167.18691588785046, -29.31272
167.45527369826436, -29.38596
167.72363150867824, -29.40061
167.9919893190921, -29.42991
168.26034712950602, -29.43479
168.5287049399199, -29.44944
168.79706275033377, -29.4885
169.06542056074767, -29.5178
169.33377837116154, -29.56663
169.60213618157545, -29.63498
169.87049399198932, -29.71311
170.1388518024032, -29.75217
170.4072096128171, -29.74729
170.67556742323097, -29.76194
170.94392523364485, -29.82053
171.21228304405875, -29.88889
171.48064085447263, -29.91819
171.74899866488653, -29.92795
172.0173564753004, -29.98655
172.28571428571428, -30.00608
172.55407209612818, -30.03538
172.82242990654206, -30.07932
173.09078771695593, -30.05979
173.35914552736983, -30.08909
173.6275033377837, -30.09885
173.89586114819758, -30.1135
174.16421895861149, -30.13791
174.43257676902536, -30.21116
174.70093457943926, -30.26975
174.96929238985314, -30.29905
175.237650200267, -30.30881
175.50600801068092, -30.30881
175.7743658210948, -30.34788
176.04272363150866, -30.40647
176.31108144192257, -30.47483
176.57943925233644, -30.56272
176.84779706275035, -30.54319
177.11615487316422, -30.58225
177.3845126835781, -30.66038
177.652870493992, -30.67502
177.92122830440587, -30.69455
178.18958611481975, -30.71897
178.45794392523365, -30.73362
178.72630173564752, -30.74827
178.99465954606143, -30.78733
179.2630173564753, -30.84592
179.53137516688918, -30.88498
179.79973297730308, -30.91428
180.06809078771695, -30.96311
180.33644859813083, -31.0217
180.60480640854473, -31.04123
180.8731642189586, -31.04612
181.14152202937248, -31.09983
181.40987983978638, -31.18772
181.67823765020026, -31.24143
181.94659546061416, -31.27561
182.21495327102804, -31.28049
182.4833110814419, -31.29514
182.75166889185581, -31.3342
183.0200267022697, -31.3635
183.28838451268356, -31.3928
183.55674232309747, -31.41721
183.82510013351134, -31.49045
184.09345794392524, -31.54905
184.36181575433912, -31.53928
184.630173564753, -31.57834
184.8985313751669, -31.61741
185.16688918558077, -31.66135
185.43524699599465, -31.71506
185.70360480640855, -31.71506
185.97196261682242, -31.74924
186.24032042723633, -31.77854
186.5086782376502, -31.87131
186.77703604806408, -31.90061
187.04539385847798, -31.92014
187.31375166889185, -31.92991
187.58210947930573, -31.9885
187.85046728971963, -32.06174
188.1188251001335, -32.07639
188.3871829105474, -32.12522
188.65554072096128, -32.16428
188.92389853137516, -32.24241
189.19225634178906, -32.29123
189.46061415220294, -32.36936
189.7289719626168, -32.39866
189.9973297730307, -32.4426
190.2656875834446, -32.49631
190.53404539385846, -32.51584
190.80240320427237, -32.54514
191.07076101468624, -32.5842
191.33911882510014, -32.66233
191.60747663551402, -32.6428
191.8758344459279, -32.69163
192.1441922563418, -32.71604
192.41255006675567, -32.69163
192.68090787716955, -32.72092
192.94926568758345, -32.7551
193.21762349799732, -32.83811
193.48598130841123, -32.87717
193.7543391188251, -32.94553
194.02269692923898, -33.01389
194.29105473965288, -33.05295
194.55941255006675, -33.07248
194.82777036048063, -33.1262
195.09612817089453, -33.17014
195.3644859813084, -33.2092
195.6328437917223, -33.25315
195.90120160213618, -33.31663
196.16955941255006, -33.37522
196.43791722296396, -33.45334
196.70627503337784, -33.51194
196.9746328437917, -33.56077
197.2429906542056, -33.59495
197.5113484646195, -33.67795
197.77970627503336, -33.72678
198.04806408544727, -33.83909
198.31642189586114, -33.8635
198.58477970627504, -33.8635
198.85313751668892, -33.99045
199.1214953271028, -34.06858
199.3898531375167, -34.1467
199.65821094793057, -34.14182
199.92656875834444, -34.13205
200.19492656875835, -34.12717
200.46328437917222, -34.1467
200.73164218958613, -34.18577
201.0, -34.24436
