% Measurement ID: 1070
% Mode ID: 1
% Date and time: 2019-05-25 13:49:48
% Sample ID: SP40-24
% Measurement type: ringdown
% Frequency [Hz]: 1501843.0
% Quality factor: 7872263.634656905
% Temperature [K]: 293.0
% Pressure [mBar]: 3.07e-06
% Notes: 
% 
%
% measurement data
% time [s], power [dBm]
0.012, -101.860404968262
0.024, -101.136497497559
0.036, -100.428749084473
0.048, -99.7584915161133
0.06, -99.1484909057617
0.072, -98.6105194091797
0.084, -98.1475067138672
0.096, -97.7565231323242
0.108, -97.4272689819336
0.12, -97.1487274169922
0.132, -96.9054641723633
0.144, -96.6835174560547
0.156, -96.4696502685547
0.168, -96.2499008178711
0.18, -96.0125198364258
0.192, -95.7501449584961
0.204, -95.455436706543
0.216, -95.1305923461914
0.228, -94.7822341918945
0.24, -94.4213790893555
0.252, -94.0642013549805
0.264, -93.7253952026367
0.276, -93.4225997924805
0.288, -93.1624298095703
0.3, -92.9566497802734
0.312, -92.8089294433594
0.324, -92.7177963256836
0.336, -92.6803131103516
0.348, -92.6788482666016
0.36, -92.6906051635742
0.372, -92.7369079589844
0.384, -92.8104019165039
0.396, -92.9015274047852
0.408, -93.0022201538086
0.42, -93.106575012207
0.432, -93.211669921875
0.444, -93.316032409668
0.456, -93.4225997924805
0.468, -93.5313720703125
0.48, -93.6452865600586
0.492, -93.7658157348633
0.504, -93.891487121582
0.516, -94.0178985595703
0.528, -94.1376953125
0.54, -94.247200012207
0.552, -94.3405380249023
0.564, -94.4147644042969
0.576, -94.4742965698242
0.588, -94.529411315918
0.6, -94.5926208496094
0.612, -94.6771392822266
0.624, -94.7969284057617
0.636, -94.9637603759766
0.648, -95.1827697753906
0.66, -95.4458770751953
0.672, -95.7207489013672
0.684, -95.8816986083984
0.696, -95.3444595336914
0.708, -94.1222610473633
0.72, -92.1474838256836
0.732, -89.5259704589844
0.744, -86.470100402832
0.756, -83.2033081054688
0.768, -79.8652267456055
0.78, -76.6028442382813
0.792, -73.5124359130859
0.804, -70.6527938842773
0.816, -68.059944152832
0.828, -65.7500381469727
0.84, -63.7348403930664
0.852, -61.9886322021484
0.864, -60.509204864502
0.876, -59.2781867980957
0.888, -58.2705879211426
0.9, -57.462890625
0.912, -56.8315811157227
0.924, -56.3399085998535
0.936, -55.9614181518555
0.948, -55.6645011901855
0.96, -55.4227066040039
0.972, -55.2117805480957
0.984, -55.0177574157715
0.996, -54.8347587585449
1.008, -54.6613121032715
1.02, -54.504035949707
1.032, -54.3673400878906
1.044, -54.2541580200195
1.056, -54.1659660339355
1.068, -54.1012916564941
1.08, -54.0579299926758
1.092, -54.0329437255859
1.104, -54.0263290405273
1.116, -54.0270652770996
1.128, -54.0410270690918
1.14, -54.0763053894043
1.152, -54.1343650817871
1.164, -54.2144737243652
1.176, -54.3136901855469
1.188, -54.4239311218262
1.2, -54.5326995849609
1.212, -54.625301361084
1.224, -54.6855659484863
1.236, -54.6539649963379
1.248, -54.5496025085449
1.26, -54.393798828125
1.272, -54.2049179077148
1.284, -54.0035438537598
1.296, -53.8146667480469
1.308, -53.6588592529297
1.32, -53.555233001709
1.332, -53.5133438110352
1.344, -53.5126075744629
1.356, -53.5405349731445
1.368, -53.6404876708984
1.38, -53.8124618530273
1.392, -54.0513153076172
1.404, -54.3519058227539
1.416, -54.7090835571289
1.428, -55.1140365600586
1.44, -55.5564651489258
1.452, -56.0268249511719
1.464, -56.513355255127
1.476, -57.001350402832
1.488, -57.4731826782227
1.5, -57.9163475036621
1.512, -58.3102722167969
1.524, -58.6395263671875
1.536, -58.8952827453613
1.548, -59.0804862976074
1.56, -59.208366394043
1.572, -59.300968170166
1.584, -59.3906288146973
1.596, -59.5096893310547
1.608, -59.6794586181641
1.62, -59.9153747558594
1.632, -60.2218437194824
1.644, -60.5863723754883
1.656, -60.9935264587402
1.668, -61.4161148071289
1.68, -61.8306198120117
1.692, -62.2179298400879
1.704, -62.5655555725098
1.716, -62.8727607727051
1.728, -63.1446876525879
1.74, -63.3923606872559
1.752, -63.6304779052734
1.764, -63.8737411499023
1.776, -64.136116027832
1.788, -64.4293518066406
1.8, -64.7615432739258
1.812, -65.1334228515625
1.824, -65.5464553833008
1.836, -65.987419128418
1.848, -66.4394073486328
1.86, -66.8869857788086
1.872, -67.3205947875977
1.884, -67.7453918457031
1.896, -68.1973724365234
1.908, -68.7412261962891
1.92, -69.487190246582
1.932, -70.6006164550781
1.944, -72.3453598022461
1.956, -74.8581008911133
1.968, -76.909309387207
1.98, -76.3390045166016
1.992, -75.01611328125
2.004, -73.8233108520508
2.016, -73.0097351074219
2.028, -72.7062072753906
2.04, -72.7047424316406
2.052, -72.9480056762695
2.064, -73.6197357177734
2.076, -74.3855361938477
2.088, -74.6442413330078
2.1, -74.2554550170898
2.112, -73.8196411132813
2.124, -73.5058212280273
2.136, -73.3955841064453
2.148, -73.3948440551758
2.16, -73.4771575927734
2.172, -73.6579513549805
2.184, -73.7975921630859
2.196, -73.5352172851563
2.208, -73.0090026855469
2.22, -72.2762756347656
2.232, -71.4281539916992
2.244, -70.5499038696289
2.256, -69.7150192260742
2.268, -68.9720001220703
2.28, -68.3281936645508
2.292, -67.7858123779297
2.304, -67.3330917358398
2.316, -66.9568023681641
2.328, -66.6385726928711
2.34, -66.3592987060547
2.352, -66.0983963012695
2.364, -65.8374938964844
2.376, -65.5692443847656
2.388, -65.2951126098633
2.4, -65.026123046875
2.412, -64.7725677490234
2.424, -64.5410690307617
2.436, -64.3352813720703
2.448, -64.1515502929688
2.46, -63.9928016662598
2.472, -63.8612480163574
2.484, -63.7686462402344
2.496, -63.7363090515137
2.508, -63.7370452880859
2.52, -63.7973098754883
2.532, -63.9979476928711
2.544, -64.4043655395508
2.556, -65.1040267944336
2.568, -66.2152481079102
2.58, -67.8541564941406
2.592, -69.8869934082031
2.604, -71.2348709106445
2.616, -70.3169326782227
2.628, -68.916877746582
2.64, -67.4462661743164
2.652, -66.0844345092773
2.664, -64.9100036621094
2.676, -63.9472351074219
2.688, -63.1851081848145
2.7, -62.6089172363281
2.712, -62.1892700195313
2.724, -61.8967628479004
2.736, -61.7049446105957
2.748, -61.5895614624023
2.76, -61.530029296875
2.772, -61.5109214782715
2.784, -61.5109214782715
2.796, -61.5204772949219
2.808, -61.5491371154785
2.82, -61.5902938842773
2.832, -61.6402702331543
2.844, -61.6953926086426
2.856, -61.7534523010254
2.868, -61.8129806518555
2.88, -61.8717765808105
2.892, -61.9305725097656
2.904, -61.9871597290039
2.916, -62.0422821044922
2.928, -62.0959320068359
2.94, -62.1473770141602
2.952, -62.1973533630371
2.964, -62.2480621337891
2.976, -62.298038482666
2.988, -62.348014831543
3.0, -62.3979911804199
3.012, -62.4486999511719
3.024, -62.5001449584961
3.036, -62.5537986755371
3.048, -62.6081809997559
3.06, -62.6647720336914
3.072, -62.7228317260742
3.084, -62.7816276550293
3.096, -62.8418922424316
3.108, -62.9043617248535
3.12, -62.9668312072754
3.132, -63.0315055847168
3.144, -63.0976486206055
3.156, -63.1652641296387
3.168, -63.2336120605469
3.18, -63.3026962280273
3.192, -63.3739852905273
3.204, -63.4452743530273
3.216, -63.5180320739746
3.228, -63.5915260314941
3.24, -63.6650199890137
3.252, -63.7385139465332
3.264, -63.8112716674805
3.276, -63.8825607299805
3.288, -63.9531173706055
3.3, -64.0229339599609
3.312, -64.0920181274414
3.324, -64.1588973999023
3.336, -64.2250442504883
3.348, -64.2889785766602
3.36, -64.350715637207
3.372, -64.4117202758789
3.384, -64.4719848632813
3.396, -64.5329818725586
3.408, -64.5939788818359
3.42, -64.6557159423828
3.432, -64.7189178466797
3.444, -64.7828598022461
3.456, -64.8475341796875
3.468, -64.9122085571289
3.48, -64.9776153564453
3.492, -65.0430297851563
3.504, -65.1077041625977
3.516, -65.1716384887695
3.528, -65.2355804443359
3.54, -65.2987823486328
3.552, -65.3612518310547
3.564, -65.4237213134766
3.576, -65.4847259521484
3.588, -65.5449905395508
3.6, -65.6037826538086
3.612, -65.6611099243164
3.624, -65.7176971435547
3.636, -65.772087097168
3.648, -65.8249969482422
3.66, -65.8771820068359
3.672, -65.9286270141602
3.684, -65.9815444946289
3.696, -66.0351943969727
3.708, -66.0895767211914
3.72, -66.1461639404297
3.732, -66.204963684082
3.744, -66.2666931152344
3.756, -66.3328399658203
3.768, -66.4019241333008
3.78, -66.4739456176758
3.792, -66.5489120483398
3.804, -66.6253433227539
3.816, -66.7017822265625
3.828, -66.7789459228516
3.84, -66.8553771972656
3.852, -66.9318161010742
3.864, -67.0067749023438
3.876, -67.0817413330078
3.888, -67.1545028686523
3.9, -67.2272567749023
3.912, -67.3000183105469
3.924, -67.3720397949219
3.936, -67.4440612792969
3.948, -67.5146179199219
3.96, -67.5844345092773
3.972, -67.6535186767578
3.984, -67.7203979492188
3.996, -67.7850723266602
4.008, -67.846809387207
4.02, -67.9048690795898
4.032, -67.9585189819336
4.044, -68.0077590942383
4.056, -68.0518569946289
4.068, -68.0915451049805
4.08, -68.126823425293
4.092, -68.1591567993164
4.104, -68.1892929077148
4.116, -68.2172164916992
4.128, -68.2451477050781
4.14, -68.275276184082
4.152, -68.3076171875
4.164, -68.342155456543
4.176, -68.38037109375
4.188, -68.4237365722656
4.2, -68.4707717895508
4.212, -68.5236892700195
4.224, -68.5802764892578
4.236, -68.6412734985352
4.248, -68.7066879272461
4.26, -68.775032043457
4.272, -68.845588684082
4.284, -68.916877746582
4.296, -68.9896392822266
4.308, -69.0616607666016
4.32, -69.1322174072266
4.332, -69.202766418457
4.344, -69.274055480957
4.356, -69.346076965332
4.368, -69.4195709228516
4.38, -69.4960098266602
4.392, -69.5761184692383
4.404, -69.6606369018555
4.416, -69.7495574951172
4.428, -69.844367980957
4.44, -69.9435806274414
4.452, -70.0472106933594
4.464, -70.1515731811523
4.476, -70.2551956176758
4.488, -70.3573532104492
4.5, -70.4573059082031
4.512, -70.5521087646484
4.524, -70.6410369873047
4.536, -70.7262878417969
4.548, -70.806396484375
4.56, -70.8835678100586
4.572, -70.9570617675781
4.584, -71.0276184082031
4.596, -71.0952301025391
4.608, -71.162109375
4.62, -71.2282562255859
4.632, -71.2936630249023
4.644, -71.3576049804688
4.656, -71.4200744628906
4.668, -71.480339050293
4.68, -71.5376586914063
4.692, -71.59130859375
4.704, -71.6412887573242
4.716, -71.6868515014648
4.728, -71.7302169799805
4.74, -71.771369934082
4.752, -71.8132629394531
4.764, -71.8558883666992
4.776, -71.9036560058594
4.788, -71.9595108032227
4.8, -72.0263900756836
4.812, -72.1050338745117
4.824, -72.1888122558594
4.836, -72.1579437255859
4.848, -71.8059158325195
4.86, -71.0695037841797
4.872, -69.914924621582
4.884, -68.4288787841797
4.896, -66.7473449707031
4.908, -65.0062789916992
4.92, -63.2872619628906
4.932, -61.672607421875
4.944, -60.2093505859375
4.956, -58.9246788024902
4.968, -57.8281555175781
4.98, -56.9168357849121
4.992, -56.1855735778809
5.004, -55.6108512878418
5.016, -55.1735649108887
5.028, -54.8501930236816
5.04, -54.6164817810059
5.052, -54.4496536254883
5.064, -54.3305931091309
5.076, -54.2438697814941
5.088, -54.179931640625
5.1, -54.1336288452148
5.112, -54.1005592346191
5.124, -54.0814476013184
5.136, -54.0763053894043
5.148, -54.0763053894043
5.16, -54.0865936279297
5.172, -54.1145210266113
5.184, -54.1608238220215
5.196, -54.2269668579102
5.208, -54.3107490539551
5.22, -54.4099655151367
5.232, -54.5172653198242
5.244, -54.6230964660645
5.256, -54.7156982421875
5.268, -54.7811088562012
5.28, -54.7869873046875
5.292, -54.7156982421875
5.304, -54.5981101989746
5.316, -54.4430389404297
5.328, -54.2615089416504
5.34, -54.0733642578125
5.352, -53.8984489440918
5.364, -53.7573432922363
5.376, -53.6706199645996
5.388, -53.6515121459961
5.4, -53.6551856994629
5.412, -53.7250061035156
5.424, -53.8866920471191
5.436, -54.1395072937012
5.448, -54.4761085510254
5.46, -54.8803253173828
5.472, -55.3330459594727
5.484, -55.8078155517578
5.496, -56.2914047241211
5.508, -56.7639656066895
5.52, -57.210807800293
5.532, -57.6179618835449
5.544, -57.9707336425781
5.556, -58.2485389709473
5.568, -58.4308013916016
5.58, -58.4432983398438
5.592, -58.2669105529785
5.604, -57.9905776977539
5.616, -57.6414833068848
5.628, -57.2490272521973
5.64, -56.8404006958008
5.652, -56.4383888244629
5.664, -56.0606346130371
5.676, -55.7203559875488
5.688, -55.426383972168
5.7, -55.1882629394531
5.712, -55.0133476257324
5.724, -54.9060478210449
5.736, -54.8715057373047
5.748, -54.8715057373047
5.76, -54.9119262695313
5.772, -55.0251083374023
5.784, -55.2073707580566
5.796, -55.4521064758301
5.808, -55.7490196228027
5.82, -56.090030670166
5.832, -56.464111328125
5.844, -56.8602447509766
5.856, -57.2703399658203
5.868, -57.6819038391113
5.88, -58.0817070007324
5.892, -58.4631385803223
5.904, -58.8151741027832
5.916, -59.1348724365234
5.928, -59.4288482666016
5.94, -59.7176780700684
5.952, -60.0292892456055
5.964, -60.4011688232422
5.976, -60.8891677856445
5.988, -61.5528144836426
6.0, -62.4678077697754
6.012, -63.7407188415527
6.024, -65.5574798583984
6.036, -68.4399032592773
6.048, -73.4433517456055
6.06, -75.7819213867188
6.072, -74.1738815307617
6.084, -72.3012619018555
6.096, -70.5454940795898
6.108, -69.0756225585938
6.12, -67.9526443481445
6.132, -67.2279968261719
6.144, -66.9472503662109
6.156, -66.9457778930664
6.168, -67.1736068725586
6.18, -68.0004119873047
6.192, -69.4555892944336
6.204, -70.8740158081055
6.216, -70.8093414306641
6.228, -69.6113891601563
6.24, -68.2796859741211
6.252, -67.0751266479492
6.264, -66.134407043457
6.276, -65.5244140625
6.288, -65.2348480224609
6.3, -65.1775207519531
6.312, -65.1775207519531
6.324, -65.0217132568359
6.336, -64.5778121948242
6.348, -63.867130279541
6.36, -62.9954948425293
6.372, -62.0856437683105
6.384, -61.2287063598633
6.396, -60.4878921508789
6.408, -59.8984718322754
6.42, -59.4722099304199
6.432, -59.2024879455566
6.444, -59.0672569274902
6.456, -59.0400657653809
6.468, -59.0422706604004
6.48, -59.0951843261719
6.492, -59.1951370239258
6.504, -59.3141975402832
6.516, -59.4303169250488
6.528, -59.5280647277832
6.54, -59.5978813171387
6.552, -59.636100769043
6.564, -59.6044960021973
6.576, -59.5390892028809
6.588, -59.4479560852051
6.6, -59.3362464904785
6.612, -59.2120399475098
6.624, -59.0848960876465
6.636, -58.9628982543945
6.648, -58.8526573181152
6.66, -58.7600555419922
6.672, -58.6880302429199
6.684, -58.6351165771484
6.696, -58.5976333618164
6.708, -58.5652961730957
6.72, -58.5263442993164
6.732, -58.4675483703613
6.744, -58.3764190673828
6.756, -58.2536849975586
6.768, -58.1096343994141
6.78, -57.9633827209473
6.792, -57.8399124145508
6.804, -57.7612762451172
6.816, -57.7392272949219
6.828, -57.7392272949219
6.84, -57.7745056152344
6.852, -57.8560829162598
6.864, -57.9685287475586
6.876, -58.0956726074219
6.888, -58.2242851257324
6.9, -58.3499603271484
6.912, -58.4719581604004
6.924, -58.5917549133301
6.936, -58.7159576416016
6.948, -58.8453063964844
6.96, -58.9805374145508
6.972, -59.120906829834
6.984, -59.2561378479004
6.996, -59.3685836791992
7.008, -59.3884239196777
7.02, -59.2274742126465
7.032, -58.9327659606934
7.044, -58.5219345092773
7.056, -58.0361404418945
7.068, -57.5275650024414
7.08, -57.0380973815918
7.092, -56.6081619262695
7.104, -56.2700881958008
7.116, -56.0444641113281
7.128, -55.9445114135742
7.14, -55.9401016235352
7.152, -55.9775848388672
7.164, -56.1414756774902
7.176, -56.4310417175293
7.188, -56.8352546691895
7.2, -57.3320732116699
7.212, -57.8935661315918
7.224, -58.4873924255371
7.236, -59.0790176391602
7.248, -59.636100769043
7.26, -60.1454086303711
7.272, -60.5988655090332
7.284, -61.0008773803711
7.296, -61.3580551147461
7.308, -61.6748123168945
7.32, -61.9460029602051
7.332, -62.151050567627
7.344, -62.2318954467773
7.356, -62.0738830566406
7.368, -61.8048973083496
7.38, -61.4712371826172
7.392, -61.1309585571289
7.404, -60.8318405151367
7.416, -60.6172409057617
7.428, -60.5187568664551
7.44, -60.5150833129883
7.452, -60.5547714233398
7.464, -60.7318878173828
7.476, -61.0449714660645
7.488, -61.4815254211426
7.5, -62.0106773376465
7.512, -62.5898094177246
7.524, -63.1689376831055
7.536, -63.7061767578125
7.548, -64.1735992431641
7.56, -64.560905456543
7.572, -64.8784027099609
7.584, -65.1378326416016
7.596, -65.3553771972656
7.608, -65.5427856445313
7.62, -65.705940246582
7.632, -65.8426361083984
7.644, -65.9403839111328
7.656, -65.9778671264648
7.668, -65.9109878540039
7.68, -65.7926635742188
7.692, -65.6317138671875
7.704, -65.4332809448242
7.716, -65.201042175293
7.728, -64.9401321411133
7.74, -64.6579208374023
7.752, -64.3668823242188
7.764, -64.0765838623047
7.776, -63.8009834289551
7.788, -63.5562515258789
7.8, -63.363697052002
7.812, -63.259334564209
7.824, -63.2512512207031
7.836, -63.279914855957
7.848, -63.4658546447754
7.86, -63.8347930908203
7.872, -64.351448059082
7.884, -64.8953018188477
7.896, -65.2194137573242
7.908, -64.8188705444336
7.92, -64.1456680297852
7.932, -63.3453254699707
7.944, -62.5420379638672
7.956, -61.8048973083496
7.968, -61.1787300109863
7.98, -60.6848526000977
7.992, -60.333553314209
8.004, -60.1270370483398
8.016, -60.0653038024902
8.028, -60.0653038024902
8.04, -60.1424713134766
8.052, -60.3445777893066
8.064, -60.6378173828125
8.076, -60.9663352966309
8.088, -61.2536926269531
8.1, -61.4352226257324
8.112, -61.4212608337402
8.124, -61.2852973937988
8.136, -61.1316947937012
8.148, -61.0074920654297
8.16, -60.9479598999023
8.172, -60.9450225830078
8.184, -60.9729499816895
8.196, -61.0942115783691
8.208, -61.3146934509277
8.22, -61.621898651123
8.232, -61.9761352539063
8.244, -62.3002433776855
8.256, -62.4442901611328
8.268, -62.1091613769531
8.28, -61.5204772949219
8.292, -60.7590827941895
8.304, -59.9065551757813
8.316, -59.0371246337891
8.328, -58.2037086486816
8.34, -57.4298210144043
8.352, -56.727954864502
8.364, -56.0907669067383
8.376, -55.5138397216797
8.388, -54.9883613586426
8.4, -54.5135917663574
8.412, -54.087329864502
8.424, -53.7132453918457
8.436, -53.3891372680664
8.448, -53.1150093078613
8.46, -52.8871765136719
8.472, -52.6938896179199
8.484, -52.522647857666
8.496, -52.3616981506348
8.508, -52.2022171020508
8.52, -52.0346488952637
8.532, -51.8604698181152
8.544, -51.683349609375
8.556, -51.5106391906738
8.568, -51.3482208251953
8.58, -51.2034378051758
8.592, -51.0792350769043
8.604, -50.9741363525391
8.616, -50.8859443664551
8.628, -50.8117179870605
8.64, -50.7470436096191
8.652, -50.6882476806641
8.664, -50.6345977783203
8.676, -50.5824165344238
8.688, -50.5302352905273
8.7, -50.4773216247559
8.712, -50.4214668273926
8.724, -50.3589973449707
8.736, -50.2862358093262
8.748, -50.200984954834
8.76, -50.0995635986328
8.772, -49.9819717407227
8.784, -49.8496856689453
8.796, -49.7049026489258
8.808, -49.5505638122559
8.82, -49.3896141052246
8.832, -49.2257232666016
8.844, -49.0603637695313
8.856, -48.8927955627441
8.868, -48.724494934082
8.88, -48.5583992004395
8.892, -48.3967132568359
8.904, -48.2445831298828
8.916, -48.1027412414551
8.928, -47.9748611450195
8.94, -47.8646202087402
8.952, -47.7734870910645
8.964, -47.7022018432617
8.976, -47.6463432312012
8.988, -47.6066589355469
9.0, -47.5787315368652
9.012, -47.5596237182617
9.024, -47.5463943481445
9.036, -47.5339012145996
9.048, -47.5184669494629
9.06, -47.4956817626953
9.072, -47.4640808105469
9.084, -47.4221878051758
9.096, -47.3751525878906
9.108, -47.3266487121582
9.12, -47.2818145751953
9.132, -47.2458038330078
9.144, -47.2200813293457
9.156, -47.2068519592285
9.168, -47.203914642334
9.18, -47.203914642334
9.192, -47.2075881958008
9.204, -47.2119979858398
9.216, -47.2017097473145
9.228, -47.1774559020996
9.24, -47.1399726867676
9.252, -47.0899963378906
9.264, -47.0326728820801
9.276, -46.9724082946777
9.288, -46.9136123657227
9.3, -46.8606986999512
9.312, -46.8166007995605
9.324, -46.7827949523926
9.336, -46.7570724487305
9.348, -46.7401695251465
9.36, -46.7306137084961
9.372, -46.726203918457
9.384, -46.7247352600098
9.396, -46.7247352600098
9.408, -46.7254676818848
9.42, -46.7276725769043
9.432, -46.7247352600098
9.444, -46.7181205749512
9.456, -46.7078323364258
9.468, -46.6975402832031
9.48, -46.6931304931641
9.492, -46.6931304931641
9.504, -46.6997451782227
9.516, -46.7232627868652
9.528, -46.7673606872559
9.54, -46.8320350646973
9.552, -46.9150848388672
9.564, -47.0040092468262
9.576, -47.0892639160156
9.588, -47.1605529785156
9.6, -47.208324432373
9.612, -47.2281646728516
9.624, -47.2134666442871
9.636, -47.1980323791504
9.648, -47.1921539306641
9.66, -47.1928901672363
9.672, -47.2097930908203
9.684, -47.2568283081055
9.696, -47.3347320556641
9.708, -47.439094543457
9.72, -47.5596237182617
9.732, -47.6852951049805
9.744, -47.796272277832
9.756, -47.8793182373047
9.768, -47.9270896911621
9.78, -47.9168014526367
9.792, -47.8727035522461
9.804, -47.8161163330078
9.816, -47.7543792724609
9.828, -47.6970558166504
9.84, -47.6507530212402
9.852, -47.6213569641113
9.864, -47.6132736206055
9.876, -47.6132736206055
9.888, -47.6294403076172
9.9, -47.6720695495605
9.912, -47.7411499023438
9.924, -47.8337554931641
9.936, -47.9454650878906
9.948, -48.0696678161621
9.96, -48.1990165710449
9.972, -48.3291015625
9.984, -48.4525718688965
9.996, -48.565013885498
10.008, -48.6620254516602
10.02, -48.7436065673828
10.032, -48.8090133666992
10.044, -48.8597259521484
10.056, -48.8994102478027
10.068, -48.933952331543
10.08, -48.9670257568359
10.092, -49.0015678405762
10.104, -49.0405197143555
10.116, -49.0838813781738
10.128, -49.130916595459
10.14, -49.1794242858887
10.152, -49.2286643981934
10.164, -49.2808418273926
10.176, -49.3359642028809
10.188, -49.39990234375
10.2, -49.4763374328613
10.212, -49.5696754455566
10.224, -49.6799125671387
10.236, -49.8048515319824
10.248, -49.9393463134766
10.26, -50.0708999633789
10.272, -50.1862869262695
10.284, -50.2752113342285
10.296, -50.3318023681641
10.308, -50.3288650512695
10.32, -50.276683807373
10.332, -50.1995124816895
10.344, -50.1061782836914
10.356, -50.0054893493652
10.368, -49.9077453613281
10.38, -49.8217582702637
10.392, -49.7541427612305
10.404, -49.7115173339844
10.416, -49.6968193054199
10.428, -49.6968193054199
10.44, -49.7093124389648
10.452, -49.7445869445801
10.464, -49.7952995300293
10.476, -49.8518905639648
10.488, -49.9070091247559
10.5, -49.954044342041
10.512, -49.9907913208008
10.524, -50.0172500610352
10.536, -50.0363578796387
10.548, -50.0547332763672
10.56, -50.0738410949707
10.572, -50.0988273620605
10.584, -50.1289596557617
10.596, -50.1598281860352
10.608, -50.1892242431641
10.62, -50.2127418518066
10.632, -50.2267074584961
10.644, -50.2259712219238
10.656, -50.2156829833984
10.668, -50.2031898498535
10.68, -50.1914291381836
10.692, -50.1811408996582
10.704, -50.1767311096191
10.716, -50.1759948730469
10.728, -50.1781997680664
10.74, -50.1884918212891
10.752, -50.2127418518066
10.764, -50.2568397521973
10.776, -50.327392578125
10.788, -50.4266090393066
10.8, -50.5537528991699
10.812, -50.7022094726563
10.824, -50.8609580993652
10.836, -51.0079460144043
10.848, -51.1277389526367
10.86, -51.2078475952148
10.872, -51.2416534423828
10.884, -51.2107887268066
10.896, -51.166690826416
10.908, -51.1189193725586
10.92, -51.0726203918457
10.932, -51.0292587280273
10.944, -50.985897064209
10.956, -50.9329795837402
10.968, -50.8668365478516
10.98, -50.7837905883789
10.992, -50.6845741271973
11.004, -50.5721282958984
11.016, -50.4560089111328
11.028, -50.3428268432617
11.04, -50.2399368286133
11.052, -50.151008605957
11.064, -50.0811882019043
11.076, -50.0319480895996
11.088, -50.004020690918
11.1, -49.9959373474121
11.112, -49.9959373474121
11.124, -50.0047569274902
11.136, -50.0260696411133
11.148, -50.0525283813477
11.16, -50.0760459899902
11.172, -50.0848655700684
11.184, -50.062816619873
11.196, -50.0238647460938
11.208, -49.9724197387695
11.22, -49.9165649414063
11.232, -49.8629150390625
11.244, -49.8151435852051
11.256, -49.7754554748535
11.268, -49.740177154541
11.28, -49.7078399658203
11.292, -49.6718292236328
11.304, -49.629940032959
11.316, -49.5814323425293
11.328, -49.5285186767578
11.34, -49.4741325378418
11.352, -49.4226875305176
11.364, -49.3793258666992
11.376, -49.349925994873
11.388, -49.3381690979004
11.4, -49.3374328613281
11.412, -49.3440475463867
11.424, -49.3675651550293
11.436, -49.4057846069336
11.448, -49.454288482666
11.46, -49.5057334899902
11.472, -49.5542411804199
11.484, -49.5939254760742
11.496, -49.6211204528809
11.508, -49.6262626647949
11.52, -49.6012763977051
11.532, -49.5564460754395
11.544, -49.4932403564453
11.556, -49.4131317138672
11.568, -49.3197937011719
11.58, -49.2198448181152
11.592, -49.1191558837891
11.604, -49.0243492126465
11.616, -48.9398345947266
11.628, -48.8678092956543
11.64, -48.8104858398438
11.652, -48.7649192810059
11.664, -48.7318458557129
11.676, -48.7083282470703
11.688, -48.6928939819336
11.7, -48.686279296875
11.712, -48.685546875
11.724, -48.6870155334473
11.736, -48.6965675354004
11.748, -48.7127380371094
11.76, -48.7303771972656
11.772, -48.7436065673828
11.784, -48.7289047241211
11.796, -48.6936302185059
11.808, -48.6407127380371
11.82, -48.576774597168
11.832, -48.5128364562988
11.844, -48.4569816589355
11.856, -48.4194984436035
11.868, -48.4033279418945
11.88, -48.4025955200195
11.892, -48.4084739685059
11.904, -48.4312553405762
11.916, -48.4613876342773
11.928, -48.4863777160645
11.94, -48.4856414794922
11.952, -48.4540405273438
11.964, -48.4070053100586
11.976, -48.3548240661621
11.988, -48.3070526123047
12.0, -48.2703056335449
12.012, -48.2475242614746
12.024, -48.2387046813965
12.036, -48.2387046813965
12.048, -48.2401733398438
12.06, -48.2460517883301
12.072, -48.2541389465332
12.084, -48.2622222900391
12.096, -48.2681007385254
12.108, -48.2761840820313
12.12, -48.2842712402344
12.132, -48.2938232421875
12.144, -48.3033790588379
12.156, -48.3092575073242
12.168, -48.3004379272461
12.18, -48.2842712402344
12.192, -48.2636909484863
12.204, -48.2445831298828
12.216, -48.2320899963379
12.228, -48.2306175231934
12.24, -48.2320899963379
12.252, -48.2489929199219
12.264, -48.2827987670898
12.276, -48.3349800109863
12.288, -48.3996543884277
12.3, -48.4731483459473
12.312, -48.5466423034668
12.324, -48.6113166809082
12.336, -48.6590881347656
12.348, -48.6804008483887
12.36, -48.6532096862793
12.372, -48.6061706542969
12.384, -48.5481109619141
12.396, -48.4878463745117
12.408, -48.4334602355957
12.42, -48.3923072814941
12.432, -48.3687858581543
12.444, -48.362907409668
12.456, -48.3636436462402
12.468, -48.3754005432129
12.48, -48.4025955200195
12.492, -48.438606262207
12.504, -48.4790267944336
12.516, -48.5172462463379
12.528, -48.5481109619141
12.54, -48.5701599121094
12.552, -48.5804481506348
12.564, -48.5848579406738
12.576, -48.5855941772461
12.588, -48.5885353088379
12.6, -48.598087310791
12.612, -48.614990234375
12.624, -48.6385078430176
12.636, -48.6620254516602
12.648, -48.6804008483887
12.66, -48.6701126098633
12.672, -48.6348342895508
12.684, -48.5804481506348
12.696, -48.5135688781738
12.708, -48.4444847106934
12.72, -48.3827514648438
12.732, -48.3364486694336
12.744, -48.312198638916
12.756, -48.3099937438965
12.768, -48.3151359558105
12.78, -48.3467407226563
12.792, -48.4062690734863
12.804, -48.4871139526367
12.816, -48.5819206237793
12.828, -48.6796646118164
12.84, -48.7685928344727
12.852, -48.8398818969727
12.864, -48.8854484558105
12.876, -48.8927955627441
12.888, -48.861930847168
12.9, -48.8178329467773
12.912, -48.7663879394531
12.924, -48.7156791687012
12.936, -48.6701126098633
12.948, -48.631893157959
12.96, -48.6039657592773
12.972, -48.5885353088379
12.984, -48.5841255187988
12.996, -48.5841255187988
13.008, -48.593677520752
13.02, -48.614990234375
13.032, -48.6495323181152
13.044, -48.6928939819336
13.056, -48.7428703308105
13.068, -48.7943153381348
13.08, -48.8413505554199
13.092, -48.878833770752
13.104, -48.9038200378418
13.116, -48.9119071960449
13.128, -48.8994102478027
13.14, -48.8825073242188
13.152, -48.8656044006348
13.164, -48.8516426086426
13.176, -48.8442916870117
13.188, -48.8413505554199
13.2, -48.8406181335449
13.212, -48.8413505554199
13.224, -48.8435554504395
13.236, -48.8472328186035
13.248, -48.849437713623
13.26, -48.8487014770508
13.272, -48.8435554504395
13.284, -48.8310623168945
13.296, -48.8090133666992
13.308, -48.773738861084
13.32, -48.7266998291016
13.332, -48.6701126098633
13.344, -48.6083755493164
13.356, -48.5466423034668
13.368, -48.4907875061035
13.38, -48.4444847106934
13.392, -48.4092102050781
13.404, -48.3827514648438
13.416, -48.3621711730957
13.428, -48.3437995910645
13.44, -48.3210182189941
13.452, -48.290885925293
13.464, -48.2541389465332
13.476, -48.2093048095703
13.488, -48.1608009338379
13.5, -48.1130294799805
13.512, -48.0674629211426
13.524, -48.0263061523438
13.536, -47.988826751709
13.548, -47.9535484313965
13.56, -47.917537689209
13.572, -47.8778495788574
13.584, -47.8322830200195
13.596, -47.7830429077148
13.608, -47.7301292419434
13.62, -47.6801528930664
13.632, -47.6360549926758
13.644, -47.6037178039551
13.656, -47.5875511169434
13.668, -47.5853462219238
13.68, -47.5890197753906
13.692, -47.6110687255859
13.704, -47.6514892578125
13.716, -47.7073440551758
13.728, -47.7720184326172
13.74, -47.8403663635254
13.752, -47.9050407409668
13.764, -47.9594268798828
13.776, -47.9961738586426
13.788, -47.9961738586426
13.8, -47.9520797729492
13.812, -47.8785858154297
13.824, -47.7778968811035
13.836, -47.6566352844238
13.848, -47.523609161377
13.86, -47.3913230895996
13.872, -47.2700576782227
13.884, -47.1671676635742
13.896, -47.0885276794434
13.908, -47.0356140136719
13.92, -47.0062141418457
13.932, -46.9966621398926
13.944, -46.9966621398926
13.956, -47.0010719299316
13.968, -47.0120964050293
13.98, -47.0260581970215
13.992, -47.0407562255859
14.004, -47.0547218322754
14.016, -47.0672149658203
14.028, -47.0797080993652
14.04, -47.0899963378906
14.052, -47.0973472595215
14.064, -47.0973472595215
14.076, -47.083381652832
14.088, -47.0583953857422
14.1, -47.0223846435547
14.112, -46.9746131896973
14.124, -46.918758392334
14.136, -46.8577575683594
14.148, -46.7952880859375
14.16, -46.7372283935547
14.172, -46.6857833862305
14.184, -46.6468315124512
14.196, -46.6225776672363
14.208, -46.6144943237305
14.22, -46.6144943237305
14.232, -46.6233139038086
14.244, -46.6453628540039
14.256, -46.6769638061523
14.268, -46.7122421264648
14.28, -46.7438430786133
14.292, -46.7636871337891
14.304, -46.7511940002441
14.316, -46.7166519165039
14.328, -46.6652030944824
14.34, -46.6042060852051
14.352, -46.5380592346191
14.364, -46.4748573303223
14.376, -46.4175300598145
14.388, -46.369026184082
14.4, -46.3300743103027
14.412, -46.298469543457
14.424, -46.2698097229004
14.436, -46.2411460876465
14.448, -46.2088088989258
14.46, -46.1713256835938
14.472, -46.1294364929199
14.484, -46.0846061706543
14.496, -46.0412445068359
14.508, -46.0037612915039
14.52, -45.97509765625
14.532, -45.9589309692383
14.544, -45.9559898376465
14.556, -45.9559898376465
14.568, -45.9655456542969
14.58, -45.9861221313477
14.592, -46.0133171081543
14.604, -46.0434494018555
14.616, -46.0743141174316
14.628, -46.1022415161133
14.64, -46.1242904663086
14.652, -46.138256072998
14.664, -46.1323738098145
14.676, -46.1117973327637
14.688, -46.0787239074707
14.7, -46.0324249267578
14.712, -45.9736289978027
14.724, -45.9052810668945
14.736, -45.8295822143555
14.748, -45.7494735717773
14.76, -45.667896270752
14.772, -45.5877876281738
14.784, -45.5120887756348
14.796, -45.4430046081543
14.808, -45.3820037841797
14.82, -45.3276214599609
14.832, -45.2783813476563
14.844, -45.2342834472656
14.856, -45.1945953369141
14.868, -45.1593208312988
14.88, -45.1277160644531
14.892, -45.1027297973633
14.904, -45.0836219787598
14.916, -45.0733337402344
14.928, -45.0689239501953
14.94, -45.0689239501953
14.952, -45.0703926086426
14.964, -45.0755386352539
14.976, -45.0828857421875
14.988, -45.0909690856934
15.0, -45.0953788757324
15.012, -45.0909690856934
15.024, -45.0792121887207
15.036, -45.0601043701172
15.048, -45.0343818664551
15.06, -45.0035133361816
15.072, -44.9719123840332
15.084, -44.941780090332
15.096, -44.921199798584
15.108, -44.9145851135254
15.12, -44.9153213500977
15.132, -44.9300193786621
15.144, -44.9719123840332
15.156, -45.0446701049805
15.168, -45.1490287780762
15.18, -45.2857284545898
15.192, -45.4510879516602
15.204, -45.6399688720703
15.216, -45.8464851379395
15.228, -46.0618209838867
15.24, -46.276424407959
15.252, -46.4844093322754
15.264, -46.6784324645996
15.276, -46.8555526733398
15.288, -47.0120964050293
15.3, -47.1487922668457
15.312, -47.2678527832031
15.324, -47.3729476928711
15.336, -47.4662857055664
15.348, -47.5515365600586
15.36, -47.6309127807617
15.372, -47.7066078186035
15.384, -47.779369354248
15.396, -47.851390838623
15.408, -47.922679901123
15.42, -47.993968963623
15.432, -48.064525604248
15.444, -48.1350784301758
15.456, -48.2063674926758
15.468, -48.2776565551758
15.48, -48.3474731445313
15.492, -48.4187622070313
15.504, -48.488582611084
15.516, -48.5569305419922
15.528, -48.6238098144531
15.54, -48.6877517700195
15.552, -48.7502212524414
15.564, -48.8097496032715
15.576, -48.8678092956543
15.588, -48.9236640930176
15.6, -48.9787864685059
15.612, -49.0331687927246
15.624, -49.0882911682129
15.636, -49.1441459655762
15.648, -49.2007369995117
15.66, -49.2587966918945
15.672, -49.3175888061523
15.684, -49.3771209716797
15.696, -49.437385559082
15.708, -49.4976501464844
15.72, -49.559383392334
15.732, -49.6225891113281
15.744, -49.6857948303223
15.756, -49.7504692077637
15.768, -49.8158760070801
15.78, -49.882755279541
15.792, -49.9503707885742
15.804, -50.0187187194824
15.816, -50.0885391235352
15.828, -50.1583595275879
15.84, -50.2267074584961
15.852, -50.2950553894043
15.864, -50.3626708984375
15.876, -50.4288139343262
15.888, -50.4942245483398
15.9, -50.557430267334
15.912, -50.6206321716309
15.924, -50.6816329956055
15.936, -50.7426338195801
15.948, -50.8021621704102
15.96, -50.8631629943848
15.972, -50.9256324768066
15.984, -50.9895706176758
15.996, -51.0557136535645
16.008, -51.1247978210449
16.02, -51.1968231201172
16.032, -51.2695808410645
16.044, -51.3438110351563
16.056, -51.4209785461426
16.068, -51.4988822937012
16.08, -51.578254699707
16.092, -51.6576271057129
16.104, -51.7355308532715
16.116, -51.8112297058105
16.128, -51.8854598999023
16.14, -51.9582176208496
16.152, -52.0273017883301
16.164, -52.094181060791
16.176, -52.1595916748047
16.188, -52.2213249206543
16.2, -52.2808532714844
16.212, -52.3403854370117
16.224, -52.3999137878418
16.236, -52.4587097167969
16.248, -52.517505645752
16.26, -52.5777702331543
16.272, -52.6387672424316
16.284, -52.7012367248535
16.296, -52.7666473388672
16.308, -52.8335266113281
16.32, -52.9018745422363
16.332, -52.9716949462891
16.344, -53.0429840087891
16.356, -53.1150093078613
16.368, -53.1855621337891
16.38, -53.2553787231445
16.392, -53.3229942321777
16.404, -53.3884048461914
16.416, -53.4516067504883
16.428, -53.5133438110352
16.44, -53.5721397399902
16.452, -53.630199432373
16.464, -53.6875228881836
16.476, -53.7455825805664
16.488, -53.8051147460938
16.5, -53.8639068603516
16.512, -53.9234390258789
16.524, -53.9851722717285
16.536, -54.0491104125977
16.548, -54.1152572631836
16.56, -54.1821365356445
16.572, -54.251220703125
16.584, -54.322509765625
16.596, -54.3967361450195
16.608, -54.4731712341309
16.62, -54.5518074035645
16.632, -54.6326522827148
16.644, -54.7142295837402
16.656, -54.7972755432129
16.668, -54.8795890808105
16.68, -54.9596977233887
16.692, -55.0390701293945
16.704, -55.1147689819336
16.716, -55.1875267028809
16.728, -55.2566108703613
16.74, -55.3212852478027
16.752, -55.3822860717773
16.764, -55.4403457641602
16.776, -55.497673034668
16.788, -55.5535278320313
16.8, -55.6086463928223
16.812, -55.6645011901855
16.824, -55.7203559875488
16.836, -55.7769470214844
16.848, -55.8350067138672
16.86, -55.8938026428223
16.872, -55.9525985717773
16.884, -56.0113906860352
16.896, -56.0716552734375
16.908, -56.1326560974121
16.92, -56.1936569213867
16.932, -56.2568626403809
16.944, -56.3193321228027
16.956, -56.3818016052246
16.968, -56.4457397460938
16.98, -56.5089454650879
16.992, -56.5706787109375
17.004, -56.6324119567871
17.016, -56.6934127807617
17.028, -56.7544136047363
17.04, -56.8146781921387
17.052, -56.8742065429688
17.064, -56.9359436035156
17.076, -56.9984130859375
17.088, -57.0616149902344
17.1, -57.127025604248
17.112, -57.1931686401367
17.124, -57.2607841491699
17.136, -57.3291320800781
17.148, -57.3967475891113
17.16, -57.4650955200195
17.172, -57.5327110290527
17.184, -57.6003265380859
17.196, -57.6672058105469
17.208, -57.7333488464355
17.22, -57.7987594604492
17.232, -57.8641662597656
17.244, -57.9295768737793
17.256, -57.995719909668
17.268, -58.0603942871094
17.28, -58.1243362426758
17.292, -58.1868057250977
17.304, -58.2485389709473
17.316, -58.3073348999023
17.328, -58.3653945922852
17.34, -58.4212493896484
17.352, -58.4748992919922
17.364, -58.5278167724609
17.376, -58.5792617797852
17.388, -58.6314392089844
17.4, -58.6850929260254
17.412, -58.7431526184082
17.424, -58.8048858642578
17.436, -58.8717651367188
17.448, -58.943790435791
17.46, -59.0202217102051
17.472, -59.1010665893555
17.484, -59.1855812072754
17.496, -59.2723045349121
17.508, -59.3590278625488
17.52, -59.4450149536133
17.532, -59.5295333862305
17.544, -59.6103744506836
17.556, -59.6860733032227
17.568, -59.7580986022949
17.58, -59.8257141113281
17.592, -59.8874473571777
17.604, -59.943302154541
17.616, -59.9954833984375
17.628, -60.0439872741699
17.64, -60.0902900695801
17.652, -60.1336517333984
17.664, -60.1755409240723
17.676, -60.2174339294434
17.688, -60.2593269348145
17.7, -60.3026847839355
17.712, -60.3475189208984
17.724, -60.3945541381836
17.736, -60.443058013916
17.748, -60.4952392578125
17.76, -60.5503616333008
17.772, -60.6069488525391
17.784, -60.6650085449219
17.796, -60.723804473877
17.808, -60.7848052978516
17.82, -60.8472747802734
17.832, -60.908275604248
17.844, -60.9707450866699
17.856, -61.0317420959473
17.868, -61.0920066833496
17.88, -61.152271270752
17.892, -61.211067199707
17.904, -61.2683944702148
17.916, -61.3257179260254
17.928, -61.3815727233887
17.94, -61.4359588623047
17.952, -61.4888725280762
17.964, -61.5403213500977
17.976, -61.5917663574219
17.988, -61.6439437866211
18.0, -61.6975975036621
18.012, -61.7519798278809
18.024, -61.8093070983887
18.036, -61.8681030273438
18.048, -61.9298362731934
18.06, -61.991569519043
18.072, -62.0547752380371
18.084, -62.1179809570313
18.096, -62.1811828613281
18.108, -62.242919921875
18.12, -62.3039169311523
18.132, -62.364185333252
18.144, -62.4229774475098
18.156, -62.4803047180176
18.168, -62.5376281738281
18.18, -62.5934829711914
18.192, -62.6486053466797
18.204, -62.7037239074707
18.216, -62.7573738098145
18.228, -62.8102912902832
18.24, -62.8632049560547
18.252, -62.9168548583984
18.264, -62.9690361022949
18.276, -63.0190124511719
18.288, -63.0689888000488
18.3, -63.1174926757813
18.312, -63.1652641296387
18.324, -63.2115669250488
18.336, -63.258602142334
18.348, -63.3056373596191
18.36, -63.3548774719238
18.372, -63.4070587158203
18.384, -63.4614448547363
18.396, -63.5202369689941
18.408, -63.5812377929688
18.42, -63.6451759338379
18.432, -63.7098503112793
18.444, -63.7767295837402
18.456, -63.8436088562012
18.468, -63.9097557067871
18.48, -63.976634979248
18.492, -64.0427780151367
18.504, -64.1103897094727
18.516, -64.1780090332031
18.528, -64.2463531494141
18.54, -64.3169097900391
18.552, -64.3896713256836
18.564, -64.4631652832031
18.576, -64.5381240844727
18.588, -64.6138229370117
18.6, -64.6895217895508
18.612, -64.7644882202148
18.624, -64.8394470214844
18.636, -64.9136810302734
18.648, -64.9857025146484
18.66, -65.0562591552734
18.672, -65.1246032714844
18.684, -65.1914825439453
18.696, -65.2561569213867
18.708, -65.3178939819336
18.72, -65.3759536743164
18.732, -65.4325408935547
18.744, -65.4861907958984
18.756, -65.5391082763672
18.768, -65.5927581787109
18.78, -65.6471481323242
18.792, -65.7030029296875
18.804, -65.7632675170898
18.816, -65.8279418945313
18.828, -65.8970260620117
18.84, -65.9697799682617
18.852, -66.0469512939453
18.864, -66.1263198852539
18.876, -66.206428527832
18.888, -66.2858047485352
18.9, -66.3637084960938
18.912, -66.4379348754883
18.924, -66.5099639892578
18.936, -66.5790481567383
18.948, -66.6459197998047
18.96, -66.7113342285156
18.972, -66.777473449707
18.984, -66.8450927734375
18.996, -66.914909362793
19.008, -66.9884033203125
19.02, -67.0641021728516
19.032, -67.1412734985352
19.044, -67.2184371948242
19.056, -67.2948760986328
19.068, -67.3676300048828
19.08, -67.4381866455078
19.092, -67.5050659179688
19.104, -67.5675354003906
19.116, -67.6255950927734
19.128, -67.6807174682617
19.14, -67.7350997924805
19.152, -67.7880172729492
19.164, -67.8409271240234
19.176, -67.8938446044922
19.188, -67.9467620849609
19.2, -68.0004119873047
19.212, -68.0540618896484
19.224, -68.1084442138672
19.236, -68.1635665893555
19.248, -68.2201538085938
19.26, -68.2782211303711
19.272, -68.3377456665039
19.284, -68.3994827270508
19.296, -68.4619522094727
19.308, -68.5251541137695
19.32, -68.5898284912109
19.332, -68.6545028686523
19.344, -68.7169723510742
19.356, -68.7779769897461
19.368, -68.8367691040039
19.38, -68.8926239013672
19.392, -68.9462738037109
19.404, -68.9977188110352
19.416, -69.0484313964844
19.428, -69.0984039306641
19.44, -69.1476440429688
19.452, -69.198356628418
19.464, -69.2498016357422
19.476, -69.3019866943359
19.488, -69.3541641235352
19.5, -69.4070816040039
19.512, -69.4614639282227
19.524, -69.5173187255859
19.536, -69.5746459960938
19.548, -69.6341781616211
19.56, -69.697380065918
19.572, -69.7642593383789
19.584, -69.8340759277344
19.596, -69.9061050415039
19.608, -69.9795989990234
19.62, -70.053825378418
19.632, -70.1273193359375
19.644, -70.1993408203125
19.656, -70.2698974609375
19.668, -70.338981628418
19.68, -70.4065933227539
19.692, -70.4734725952148
19.704, -70.5396194458008
19.716, -70.6064987182617
19.728, -70.6755828857422
19.74, -70.7446670532227
19.752, -70.8159561157227
19.764, -70.8887100219727
19.776, -70.9636764526367
19.788, -71.0393753051758
19.8, -71.1172790527344
19.812, -71.1981201171875
19.824, -71.2819061279297
19.836, -71.3671569824219
19.848, -71.4553451538086
19.86, -71.5457458496094
19.872, -71.6383438110352
19.884, -71.733154296875
19.896, -71.8286972045898
19.908, -71.9257049560547
19.92, -72.0241851806641
19.932, -72.122673034668
19.944, -72.2211532592773
19.956, -72.3181610107422
19.968, -72.413703918457
19.98, -72.5077743530273
19.992, -72.5989074707031
20.004, -72.6871032714844
20.016, -72.7723541259766
20.028, -72.8517303466797
20.04, -72.9281616210938
20.052, -72.9994506835938
20.064, -73.0663299560547
20.076, -73.1280670166016
20.088, -73.1846542358398
20.1, -73.2375717163086
20.112, -73.2860717773438
20.124, -73.3323745727539
20.136, -73.3772048950195
20.148, -73.4220352172852
20.16, -73.4683380126953
20.172, -73.516845703125
20.184, -73.5675582885742
20.196, -73.622673034668
20.208, -73.6822052001953
20.22, -73.7439422607422
20.232, -73.8078765869141
20.244, -73.8718185424805
20.256, -73.9372253417969
20.268, -74.0011672973633
20.28, -74.0636367797852
20.292, -74.1246337890625
20.304, -74.1849060058594
20.316, -74.2436981201172
20.328, -74.3017578125
20.34, -74.3590850830078
20.352, -74.4149398803711
20.364, -74.4693222045898
20.376, -74.5207672119141
20.388, -74.5678024291992
20.4, -74.6096954345703
20.412, -74.6457061767578
20.424, -74.6773071289063
20.436, -74.7052383422852
20.448, -74.73095703125
20.46, -74.7552108764648
20.472, -74.7816696166992
20.484, -74.8118057250977
20.496, -74.8463439941406
20.508, -74.8860321044922
20.52, -74.9308624267578
20.532, -74.9801025390625
20.544, -75.0352249145508
20.556, -75.0940170288086
20.568, -75.1564865112305
20.58, -75.2219009399414
20.592, -75.2887802124023
20.604, -75.3571243286133
20.616, -75.4247436523438
20.628, -75.4908828735352
20.64, -75.5555572509766
20.652, -75.6165618896484
20.664, -75.6724166870117
20.676, -75.7223892211914
20.688, -75.766487121582
20.7, -75.8054351806641
20.712, -75.839241027832
20.724, -75.8671722412109
20.736, -75.8928985595703
20.748, -75.9186172485352
20.76, -75.9450759887695
20.772, -75.9752044677734
20.784, -76.0104827880859
20.796, -76.052375793457
20.808, -76.1001434326172
20.82, -76.1523284912109
20.832, -76.2081832885742
20.844, -76.266242980957
20.856, -76.3228302001953
20.868, -76.3764801025391
20.88, -76.4249877929688
20.892, -76.4676132202148
20.904, -76.5050964355469
20.916, -76.5359649658203
20.928, -76.5638885498047
20.94, -76.5903472900391
20.952, -76.6168060302734
20.964, -76.6462020874023
20.976, -76.6822128295898
20.988, -76.7248458862305
21.0, -76.7748184204102
21.012, -76.832145690918
21.024, -76.8931427001953
21.036, -76.9570846557617
21.048, -77.0210189819336
21.06, -77.0820236206055
21.072, -77.1400833129883
21.084, -77.1952056884766
21.096, -77.2473831176758
21.108, -77.298828125
21.12, -77.3510055541992
21.132, -77.404655456543
21.144, -77.4619827270508
21.156, -77.5215148925781
21.168, -77.583251953125
21.18, -77.6457214355469
21.192, -77.7067184448242
21.204, -77.7662506103516
21.216, -77.8250427246094
21.228, -77.8808975219727
21.24, -77.9374847412109
21.252, -77.9955444335938
21.264, -78.0558166503906
21.276, -78.1197509765625
21.288, -78.187370300293
21.3, -78.260124206543
21.312, -78.335090637207
21.324, -78.4129943847656
21.336, -78.4923629760742
21.348, -78.5724716186523
21.36, -78.6525802612305
21.372, -78.7326889038086
21.384, -78.8120651245117
21.396, -78.8899688720703
21.408, -78.9671325683594
21.42, -79.0435638427734
21.432, -79.1185302734375
21.444, -79.191291809082
21.456, -79.2611083984375
21.468, -79.3279876708984
21.48, -79.3911895751953
21.492, -79.4499893188477
21.504, -79.5036392211914
21.516, -79.5536117553711
21.528, -79.5984420776367
21.54, -79.6418075561523
21.552, -79.6822280883789
21.564, -79.7219161987305
21.576, -79.7608642578125
21.588, -79.7990798950195
21.6, -79.8358306884766
21.612, -79.8718414306641
21.624, -79.905647277832
21.636, -79.93798828125
21.648, -79.9695892333984
21.66, -80.0004577636719
21.672, -80.0349960327148
21.684, -80.0746841430664
21.696, -80.1231918334961
21.708, -80.1841888427734
21.72, -80.2591552734375
21.732, -80.3495483398438
21.744, -80.4553833007813
21.756, -80.5729675292969
21.768, -80.6979064941406
21.78, -80.8265228271484
21.792, -80.9514617919922
21.804, -81.0683212280273
21.816, -81.1719436645508
21.828, -81.260139465332
21.84, -81.332160949707
21.852, -81.3887481689453
21.864, -81.4328460693359
21.876, -81.4673919677734
21.888, -81.4953155517578
21.9, -81.5203018188477
21.912, -81.5445556640625
21.924, -81.5717468261719
21.936, -81.6026153564453
21.948, -81.6408309936523
21.96, -81.6878662109375
21.972, -81.7437210083008
21.984, -81.8098678588867
21.996, -81.8855667114258
22.008, -81.9722900390625
22.02, -82.0678329467773
22.032, -82.1721954345703
22.044, -82.2824325561523
22.056, -82.3970794677734
22.068, -82.5102615356445
22.08, -82.6205062866211
22.092, -82.7248611450195
22.104, -82.8189392089844
22.116, -82.9041900634766
22.128, -82.9791488647461
22.14, -83.0430908203125
22.152, -83.0982131958008
22.164, -83.1467208862305
22.176, -83.187873840332
22.188, -83.2238845825195
22.2, -83.258430480957
22.212, -83.2937088012695
22.224, -83.3326568603516
22.236, -83.3774871826172
22.248, -83.4326095581055
22.26, -83.4987564086914
22.272, -83.5766525268555
22.284, -83.6670532226563
22.296, -83.7684707641602
22.308, -83.8794479370117
22.32, -83.9941024780273
22.332, -84.110221862793
22.344, -84.2263412475586
22.356, -84.3395233154297
22.368, -84.4482879638672
22.38, -84.5533828735352
22.392, -84.6555404663086
22.404, -84.757698059082
22.416, -84.86279296875
22.428, -84.9737701416016
22.44, -85.0950317382813
22.452, -85.2273254394531
22.464, -85.3728408813477
22.476, -85.5301208496094
22.488, -85.6976852416992
22.5, -85.8718643188477
22.512, -86.0475158691406
22.524, -86.2194900512695
22.536, -86.3848495483398
22.548, -86.5391845703125
22.56, -86.6817626953125
22.572, -86.8118438720703
22.584, -86.931640625
22.596, -87.041145324707
22.608, -87.146240234375
22.62, -87.249870300293
22.632, -87.3556976318359
22.644, -87.4674072265625
22.656, -87.5908813476563
22.668, -87.7290496826172
22.68, -87.8848571777344
22.692, -88.0597686767578
22.704, -88.254524230957
22.716, -88.4661865234375
22.728, -88.6910781860352
22.74, -88.9255218505859
22.752, -89.1636428833008
22.764, -89.4039688110352
22.776, -89.6435546875
22.788, -89.8816757202148
22.8, -90.1175918579102
22.812, -90.3527679443359
22.824, -90.5857467651367
22.836, -90.8135757446289
22.848, -91.035530090332
22.86, -91.245719909668
22.872, -91.4419479370117
22.884, -91.6183319091797
22.896, -91.7748718261719
22.908, -91.9093627929688
22.92, -92.0262222290039
22.932, -92.1261749267578
22.944, -92.21142578125
22.956, -92.2863922119141
22.968, -92.353271484375
22.98, -92.4113311767578
22.992, -92.459831237793
23.004, -92.4958419799805
23.016, -92.5164260864258
23.028, -92.5002517700195
23.04, -92.4664459228516
23.052, -92.4208831787109
23.064, -92.3694381713867
23.076, -92.320930480957
23.088, -92.2849197387695
23.1, -92.2658081054688
23.112, -92.2643432617188
23.124, -92.2687530517578
23.136, -92.2988815307617
23.148, -92.35400390625
23.16, -92.4341125488281
23.172, -92.5377349853516
23.184, -92.6604690551758
23.196, -92.7964324951172
23.208, -92.9390106201172
23.22, -93.0823211669922
23.232, -93.2182846069336
23.244, -93.3432235717773
23.256, -93.4483261108398
23.268, -93.5313720703125
23.28, -93.5938415527344
23.292, -93.6357345581055
23.304, -93.6629257202148
23.316, -93.6790924072266
23.328, -93.6857070922852
23.34, -93.671745300293
23.352, -93.6371994018555
23.364, -93.5725250244141
23.376, -93.4711074829102
23.388, -93.3270568847656
23.4, -93.1411209106445
23.412, -92.9206390380859
23.424, -92.6744384765625
23.436, -92.4150009155273
23.448, -92.1570434570313
23.46, -91.9159774780273
23.472, -91.7035827636719
23.484, -91.530876159668
23.496, -91.4051971435547
23.508, -91.3309707641602
23.52, -91.3045120239258
23.532, -91.3045120239258
23.544, -91.3199462890625
23.556, -91.3691864013672
23.568, -91.4397430419922
23.58, -91.5198516845703
23.592, -91.5977554321289
23.604, -91.6690444946289
23.616, -91.7300415039063
23.628, -91.7822189331055
23.64, -91.8277893066406
23.652, -91.8718872070313
23.664, -91.9145126342773
23.676, -91.9564056396484
23.688, -91.9924163818359
23.7, -92.0159301757813
23.712, -91.9821243286133
23.724, -91.9071578979492
23.736, -91.7903060913086
23.748, -91.6337661743164
23.76, -91.4463577270508
23.772, -91.2405776977539
23.784, -91.0281753540039
23.796, -90.821662902832
23.808, -90.6313095092773
23.82, -90.4644775390625
23.832, -90.3292541503906
23.844, -90.2270965576172
23.856, -90.1594848632813
23.868, -90.1264114379883
23.88, -90.1227340698242
23.892, -90.1278762817383
23.904, -90.1602172851563
23.916, -90.2226867675781
23.928, -90.3138198852539
23.94, -90.4336166381836
23.952, -90.5820693969727
23.964, -90.7650680541992
23.976, -90.9870223999023
23.988, -91.251594543457
24.0, -91.5646820068359
24.012, -91.9299468994141
24.024, -92.3466567993164
24.036, -92.815544128418
24.048, -93.3226470947266
24.06, -93.8496017456055
24.072, -94.3721389770508
24.084, -94.8579330444336
24.096, -95.2731704711914
24.108, -95.5869903564453
24.12, -95.7846832275391
24.132, -95.8324584960938
24.144, -95.7141342163086
24.156, -95.5340728759766
24.168, -95.317268371582
24.18, -95.0857620239258
24.192, -94.852783203125
24.204, -94.6293640136719
24.216, -94.4221115112305
24.228, -94.2324981689453
24.24, -94.0612640380859
24.252, -93.9098663330078
24.264, -93.7790451049805
24.276, -93.6695404052734
24.288, -93.5857543945313
24.3, -93.5306396484375
24.312, -93.5049133300781
24.324, -93.5027084350586
24.336, -93.5063858032227
24.348, -93.5306396484375
24.36, -93.5710601806641
24.372, -93.6180953979492
24.384, -93.6651306152344
24.396, -93.7062835693359
24.408, -93.7408294677734
24.42, -93.7709579467773
24.432, -93.7974166870117
24.444, -93.8231430053711
24.456, -93.8503341674805
24.468, -93.8782577514648
24.48, -93.9039840698242
24.492, -93.924560546875
24.504, -93.9392623901367
24.516, -93.9458770751953
24.528, -93.9407272338867
24.54, -93.9311752319336
24.552, -93.9194183349609
24.564, -93.9032516479492
24.576, -93.8819351196289
24.588, -93.8503341674805
24.6, -93.8047637939453
24.612, -93.7386245727539
24.624, -93.6489639282227
24.636, -93.5350494384766
24.648, -93.3976135253906
24.66, -93.2403335571289
24.672, -93.0698318481445
24.684, -92.891242980957
24.696, -92.7133865356445
24.708, -92.5436172485352
24.72, -92.387809753418
24.732, -92.2540512084961
24.744, -92.1467514038086
24.756, -92.0725250244141
24.768, -92.035041809082
24.78, -92.031364440918
24.792, -92.0379791259766
24.804, -92.0776672363281
24.816, -92.1496887207031
24.828, -92.2437591552734
24.84, -92.3495941162109
24.852, -92.4495468139648
24.864, -92.5289154052734
24.876, -92.5737457275391
24.888, -92.5325927734375
24.9, -92.4436645507813
24.912, -92.3135833740234
24.924, -92.1482238769531
24.936, -91.9549331665039
24.948, -91.7410659790039
24.96, -91.5154418945313
24.972, -91.2876129150391
24.984, -91.0663909912109
24.996, -90.8620834350586
25.008, -90.6849594116211
25.02, -90.5431213378906
25.032, -90.4431686401367
25.044, -90.390983581543
25.056, -90.3821716308594
25.068, -90.3858413696289
25.08, -90.427001953125
25.092, -90.5063705444336
25.104, -90.6166152954102
25.116, -90.7437591552734
25.128, -90.8738403320313
25.14, -90.9906921386719
25.152, -91.0803604125977
25.164, -91.1325378417969
25.176, -91.0965270996094
25.188, -91.0090713500977
25.2, -90.8841323852539
25.212, -90.7319946289063
25.224, -90.5622253417969
25.236, -90.3880462646484
25.248, -90.2182769775391
25.26, -90.0617370605469
25.272, -89.9213638305664
25.284, -89.7986297607422
25.296, -89.6920623779297
25.308, -89.5979919433594
25.32, -89.5105361938477
25.332, -89.4274826049805
25.344, -89.3459091186523
25.356, -89.2672729492188
25.368, -89.1930389404297
25.38, -89.1327743530273
25.392, -89.0908813476563
25.404, -89.0739822387695
25.416, -89.0739822387695
25.428, -89.0872116088867
25.44, -89.1305694580078
25.452, -89.2025985717773
25.464, -89.2944641113281
25.476, -89.4002914428711
25.488, -89.5083312988281
25.5, -89.606071472168
25.512, -89.6839752197266
25.524, -89.7354202270508
25.536, -89.747917175293
25.548, -89.7119064331055
25.56, -89.6553192138672
25.572, -89.5862350463867
25.584, -89.5127410888672
25.596, -89.4436569213867
25.608, -89.3870620727539
25.62, -89.3510513305664
25.632, -89.3400268554688
25.644, -89.3407592773438
25.656, -89.3598709106445
25.668, -89.4091110229492
25.68, -89.4884872436523
25.692, -89.5957870483398
25.704, -89.7288131713867
25.716, -89.8860855102539
25.728, -90.0646743774414
25.74, -90.2616348266602
25.752, -90.4740371704102
25.764, -90.6996612548828
25.776, -90.9355773925781
25.788, -91.179573059082
25.8, -91.4338607788086
25.812, -91.6962356567383
25.824, -91.9681625366211
25.836, -92.249641418457
25.848, -92.5414123535156
25.86, -92.8420028686523
25.872, -93.1447906494141
25.884, -93.4453811645508
25.896, -93.7253952026367
25.908, -93.9708633422852
25.92, -94.1663589477539
25.932, -94.3030548095703
25.944, -94.3780212402344
25.956, -94.3934478759766
25.968, -94.3728713989258
25.98, -94.3633193969727
25.992, -94.3640518188477
26.004, -94.3868408203125
26.016, -94.4588623046875
26.028, -94.5911483764648
26.04, -94.7910537719727
26.052, -95.0563659667969
26.064, -95.3804702758789
26.076, -95.7479400634766
26.088, -96.135986328125
26.1, -96.5152130126953
26.112, -96.8540191650391
26.124, -97.1266784667969
26.136, -97.3126220703125
26.148, -97.4125671386719
26.16, -97.4074249267578
26.172, -97.3523025512695
26.184, -97.2957153320313
26.196, -97.2604370117188
26.208, -97.2545623779297
26.22, -97.2574996948242
26.232, -97.2957153320313
26.244, -97.3772964477539
26.256, -97.5000305175781
26.268, -97.6587753295898
26.28, -97.8505935668945
26.292, -98.0725402832031
26.304, -98.3231582641602
26.316, -98.6024322509766
26.328, -98.9096374511719
26.34, -99.242561340332
26.352, -99.594596862793
26.364, -99.9627990722656
26.376, -100.341293334961
26.388, -100.72492980957
26.4, -101.112976074219
26.412, -101.50910949707
26.424, -101.914794921875
26.436, -102.335906982422
26.448, -102.768051147461
26.46, -103.19799041748
26.472, -103.60514831543
26.484, -103.955711364746
26.496, -104.209266662598
26.508, -104.276145935059
26.52, -104.039489746094
26.532, -103.624992370605
26.544, -103.059089660645
26.556, -102.378540039063
26.568, -101.626693725586
26.58, -100.850601196289
26.592, -100.078918457031
26.604, -99.3388366699219
26.616, -98.6480026245117
26.628, -98.0144805908203
26.64, -97.4419708251953
26.652, -96.9304504394531
26.664, -96.4733200073242
26.676, -96.0698394775391
26.688, -95.7192764282227
26.7, -95.4201583862305
26.712, -95.170280456543
26.724, -94.9681701660156
26.736, -94.8094253540039
26.748, -94.6844863891602
26.76, -94.5838012695313
26.772, -94.4970779418945
26.784, -94.4118270874023
26.796, -94.3251037597656
26.808, -94.2376480102539
26.82, -94.1545944213867
26.832, -94.0877151489258
26.844, -94.0524444580078
26.856, -94.0502395629883
26.868, -94.0634613037109
26.88, -94.1340179443359
26.892, -94.2758636474609
26.904, -94.4919357299805
26.916, -94.780029296875
26.928, -95.1269149780273
26.94, -95.5083465576172
26.952, -95.8912506103516
26.964, -96.2374038696289
26.976, -96.5063934326172
26.988, -96.673957824707
27.0, -96.6938018798828
27.012, -96.5703353881836
27.024, -96.3858642578125
27.036, -96.1631774902344
27.048, -95.9206466674805
27.06, -95.674446105957
27.072, -95.4311828613281
27.084, -95.1996765136719
27.096, -94.9828720092773
27.108, -94.78076171875
27.12, -94.5896759033203
27.132, -94.4044723510742
27.144, -94.2163314819336
27.156, -94.0164260864258
27.168, -93.7937469482422
27.18, -93.5431289672852
27.192, -93.2609176635742
27.204, -92.9515075683594
27.216, -92.6222534179688
27.228, -92.2797775268555
27.24, -91.9365615844727
27.252, -91.602897644043
27.264, -91.2876129150391
27.276, -90.998046875
27.288, -90.7371444702148
27.3, -90.5093154907227
27.312, -90.3145523071289
27.324, -90.1536026000977
