% Measurement ID: 1423
% Mode ID: 1
% Date and time: 2019-06-18 10:38:18
% Sample ID: SP42-36
% Measurement type: ringdown
% Frequency [Hz]: 1468555.87605104
% Quality factor: 3111209.818339438
% Temperature [K]: 293.0
% Pressure [mBar]: 1.71e-07
% Notes: 
% 
%
% measurement data
% time [s], power [dBm]
0.00296766666666663, -91.4781494140625
0.00593533333333327, -91.4685974121094
0.0089029999999999, -91.4634552001953
0.0118706666666665, -91.4612503051758
0.0148383333333332, -91.4612503051758
0.0178059999999998, -91.4634552001953
0.0207736666666664, -91.4678649902344
0.0237413333333331, -91.4766845703125
0.0267089999999997, -91.4877090454102
0.0296766666666663, -91.5024032592773
0.032644333333333, -91.5200424194336
0.0356119999999996, -91.5398864746094
0.0385796666666662, -91.5619354248047
0.0415473333333329, -91.5869216918945
0.0445149999999995, -91.6148529052734
0.0474826666666661, -91.6442489624023
0.0504503333333328, -91.6765823364258
0.0534179999999994, -91.7103958129883
0.056385666666666, -91.7464065551758
0.0593533333333327, -91.7853546142578
0.0623209999999993, -91.8257751464844
0.0652886666666659, -91.869140625
0.0682563333333326, -91.9139709472656
0.0712239999999992, -91.9617385864258
0.0741916666666658, -92.012451171875
0.0771593333333325, -92.0646286010742
0.0801269999999991, -92.121223449707
0.0830946666666657, -92.1800155639648
0.0860623333333324, -92.2417526245117
0.089029999999999, -92.3071594238281
0.0919976666666656, -92.3755111694336
0.0949653333333323, -92.4497375488281
0.0979329999999989, -92.5261688232422
0.100900666666666, -92.6070175170898
0.103868333333332, -92.693000793457
0.106835999999999, -92.7826614379883
0.109803666666665, -92.8796768188477
0.112771333333332, -92.9796295166016
0.115738999999999, -93.0847244262695
0.118706666666665, -93.1971664428711
0.121674333333332, -93.3132858276367
0.124641999999999, -93.4367599487305
0.127609666666665, -93.5639038085938
0.130577333333332, -93.6961898803711
0.133544999999999, -93.8372955322266
0.136512666666665, -93.9798736572266
0.139480333333332, -94.1290664672852
0.142447999999998, -94.2804641723633
0.145415666666665, -94.4355392456055
0.148383333333332, -94.5972213745117
0.151350999999998, -94.7559661865234
0.154318666666665, -94.9169235229492
0.157286333333332, -95.0727233886719
0.160253999999998, -95.2277984619141
0.163221666666665, -95.3828735351563
0.166189333333332, -95.5261840820313
0.169156999999998, -95.6592025756836
0.172124666666665, -95.7775344848633
0.175092333333331, -95.8833618164063
0.178059999999998, -95.9781646728516
0.181027666666665, -96.0509262084961
0.183995333333331, -96.1031112670898
0.186962999999998, -96.1325073242188
0.189930666666665, -96.1244201660156
0.192898333333331, -96.0862045288086
0.195865999999998, -96.0252075195313
0.198833666666664, -95.9421539306641
0.201801333333331, -95.8363265991211
0.204768999999998, -95.7062454223633
0.207736666666664, -95.5607223510742
0.210704333333331, -95.3968353271484
0.213671999999998, -95.2197113037109
0.216639666666664, -95.0271606445313
0.219607333333331, -94.8154983520508
0.222574999999998, -94.5979614257813
0.225542666666664, -94.3686599731445
0.228510333333331, -94.1356811523438
0.231477999999997, -93.8902130126953
0.234445666666664, -93.6418075561523
0.237413333333331, -93.3919296264648
0.240380999999997, -93.1346969604492
0.243348666666664, -92.8811492919922
0.246316333333331, -92.621711730957
0.249283999999997, -92.3659591674805
0.252251666666664, -92.1124038696289
0.255219333333331, -91.8559112548828
0.258186999999997, -91.6067657470703
0.261154666666664, -91.3561553955078
0.26412233333333, -91.1121520996094
0.267089999999997, -90.8732986450195
0.270057666666664, -90.6351776123047
0.27302533333333, -90.4066162109375
0.275992999999997, -90.1780471801758
0.278960666666664, -89.9597702026367
0.28192833333333, -89.7466430664063
0.284895999999997, -89.5357131958008
0.287863666666663, -89.335075378418
0.29083133333333, -89.1366424560547
0.293798999999997, -88.9470291137695
0.296766666666663, -88.764030456543
0.29973433333333, -88.5839691162109
0.302701999999997, -88.4127349853516
0.305669666666663, -88.2444305419922
0.30863733333333, -88.0849533081055
0.311604999999997, -87.9313507080078
0.314572666666663, -87.7806854248047
0.31754033333333, -87.6388473510742
0.320507999999996, -87.4999389648438
0.323475666666663, -87.3691253662109
0.32644333333333, -87.2434463500977
0.329410999999996, -87.121452331543
0.332378666666663, -87.0060653686523
0.33534633333333, -86.8943557739258
0.338313999999996, -86.7892608642578
0.341281666666663, -86.6893081665039
0.34424933333333, -86.5915603637695
0.347216999999996, -86.5011596679688
0.350184666666663, -86.412971496582
0.353152333333329, -86.3313903808594
0.356119999999996, -86.2534866333008
0.359087666666663, -86.1785278320313
0.362055333333329, -86.1087036132813
0.365022999999996, -86.0418243408203
0.367990666666663, -85.980094909668
0.370958333333329, -85.9220352172852
0.373925999999996, -85.8661804199219
0.376893666666662, -85.8154678344727
0.379861333333329, -85.766227722168
0.382828999999996, -85.7221298217773
0.385796666666662, -85.6802368164063
0.388764333333329, -85.6405487060547
0.391731999999996, -85.6038055419922
0.394699666666662, -85.5699996948242
0.397667333333329, -85.5391311645508
0.400634999999996, -85.5104675292969
0.403602666666662, -85.4832763671875
0.406570333333329, -85.4582901000977
0.409537999999995, -85.4355010986328
0.412505666666662, -85.414192199707
0.415473333333329, -85.3943481445313
0.418440999999995, -85.3752365112305
0.421408666666662, -85.3568649291992
0.424376333333329, -85.3399658203125
0.427343999999995, -85.3237915039063
0.430311666666662, -85.3076248168945
0.433279333333329, -85.2914581298828
0.436246999999995, -85.2760238647461
0.439214666666662, -85.2605895996094
0.442182333333328, -85.2451553344727
0.445149999999995, -85.2289886474609
0.448117666666662, -85.2128219604492
0.451085333333328, -85.195915222168
0.454052999999995, -85.1782760620117
0.457020666666662, -85.1606369018555
0.459988333333328, -85.1415328979492
0.462955999999995, -85.1224212646484
0.465923666666661, -85.1018447875977
0.468891333333328, -85.0797958374023
0.471858999999995, -85.057746887207
0.474826666666661, -85.0342254638672
0.477794333333328, -85.0099792480469
0.480761999999995, -84.9849853515625
0.483729666666661, -84.9585342407227
0.486697333333328, -84.9313354492188
0.489664999999995, -84.9034118652344
0.492632666666661, -84.8747482299805
0.495600333333328, -84.8453521728516
0.498567999999994, -84.8144836425781
0.501535666666661, -84.7836151123047
0.504503333333328, -84.7520141601563
0.507470999999994, -84.7204132080078
0.510438666666661, -84.6888122558594
0.513406333333328, -84.6564712524414
0.516373999999994, -84.624137878418
0.519341666666661, -84.591064453125
0.522309333333328, -84.558723449707
0.525276999999994, -84.5271224975586
0.528244666666661, -84.4940490722656
0.531212333333327, -84.4624481201172
0.534179999999994, -84.4301147460938
0.537147666666661, -84.3992462158203
0.540115333333327, -84.3691101074219
0.543082999999994, -84.338981628418
0.546050666666661, -84.3103179931641
0.549018333333327, -84.2809219360352
0.551985999999994, -84.2537231445313
0.55495366666666, -84.2265319824219
0.557921333333327, -84.2000732421875
0.560888999999994, -84.1750869750977
0.56385666666666, -84.1493682861328
0.566824333333327, -84.125846862793
0.569791999999994, -84.1023330688477
0.57275966666666, -84.0795440673828
0.575727333333327, -84.0574951171875
0.578694999999994, -84.0347137451172
0.58166266666666, -84.0126647949219
0.584630333333327, -83.9913558959961
0.587597999999994, -83.9693069458008
0.59056566666666, -83.9465255737305
0.593533333333327, -83.9215316772461
0.596500999999993, -83.8958129882813
0.59946866666666, -83.8671493530273
0.602436333333327, -83.8370208740234
0.605403999999993, -83.8024749755859
0.60837166666666, -83.7591171264648
0.611339333333327, -83.7084045410156
0.614306999999993, -83.6503448486328
0.61727466666666, -83.5827255249023
0.620242333333326, -83.5026245117188
0.623209999999993, -83.4004669189453
0.62617766666666, -83.2784652709961
0.629145333333326, -83.1329498291016
0.632112999999993, -82.9697952270508
0.63508066666666, -82.7794418334961
0.638048333333326, -82.5523452758789
0.641015999999993, -82.2965927124023
0.64398366666666, -82.0011444091797
0.646951333333326, -81.6785125732422
0.649918999999993, -81.3242721557617
0.652886666666659, -80.9318161010742
0.655854333333326, -80.5151062011719
0.658821999999993, -80.058708190918
0.661789666666659, -79.5802612304688
0.664757333333326, -79.0768356323242
0.667724999999993, -78.5440063476563
0.670692666666659, -78.0023574829102
0.673660333333326, -77.4298400878906
0.676627999999992, -76.851448059082
0.679595666666659, -76.2583541870117
0.682563333333326, -75.6483535766602
0.685530999999992, -75.0442352294922
0.688498666666659, -74.421745300293
0.691466333333326, -73.8043975830078
0.694433999999992, -73.1863174438477
0.697401666666659, -72.5594177246094
0.700369333333326, -71.9472122192383
0.703336999999992, -71.3269271850586
0.706304666666659, -70.7213439941406
0.709272333333325, -70.1216354370117
0.712239999999992, -69.5211868286133
0.715207666666659, -68.9391174316406
0.718175333333325, -68.357048034668
0.721142999999992, -67.7948226928711
0.724110666666659, -67.2428894042969
0.727078333333325, -66.6938858032227
0.730045999999992, -66.1669387817383
0.733013666666659, -65.6429290771484
0.735981333333325, -65.1409683227539
0.738948999999992, -64.6522369384766
0.741916666666658, -64.1686477661133
0.744884333333325, -63.7078399658203
0.747851999999992, -63.2521820068359
0.750819666666658, -62.8193016052246
0.753787333333325, -62.400390625
0.756754999999992, -61.9873542785645
0.759722666666658, -61.5956344604492
0.762690333333325, -61.2112617492676
0.765657999999992, -60.848201751709
0.768625666666658, -60.4983749389648
0.771593333333325, -60.155158996582
0.774560999999991, -59.831787109375
0.777528666666658, -59.5150299072266
0.780496333333325, -59.2181129455566
0.783463999999991, -58.9329605102539
0.786431666666658, -58.6551513671875
0.789399333333325, -58.3935165405273
0.792366999999991, -58.1384925842285
0.795334666666658, -57.8996391296387
0.798302333333324, -57.6718063354492
0.801269999999991, -57.4498558044434
0.804237666666658, -57.241870880127
0.807205333333324, -57.0397605895996
0.810172999999991, -56.851619720459
0.813140666666658, -56.6722946166992
0.816108333333324, -56.4973793029785
0.819075999999991, -56.3349571228027
0.822043666666658, -56.1776809692383
0.825011333333324, -56.0314292907715
0.827978999999991, -55.8895874023438
0.830946666666657, -55.7580337524414
0.833914333333324, -55.6330947875977
0.836881999999991, -55.5118293762207
0.839849666666657, -55.4008522033691
0.842817333333324, -55.2928199768066
0.845784999999991, -55.1928672790527
0.848752666666657, -55.0987930297852
0.851720333333324, -55.0091323852539
0.85468799999999, -54.9260864257813
0.857655666666657, -54.8467102050781
0.860623333333324, -54.7739524841309
0.86359099999999, -54.7063369750977
0.866558666666657, -54.6423988342285
0.869526333333324, -54.5843391418457
0.87249399999999, -54.5292205810547
0.875461666666657, -54.4799766540527
0.878429333333324, -54.4351463317871
0.88139699999999, -54.3932571411133
0.884364666666657, -54.3565101623535
0.887332333333324, -54.3227005004883
0.89029999999999, -54.2933044433594
0.893267666666657, -54.266845703125
0.896235333333323, -54.2440643310547
0.89920299999999, -54.2242202758789
0.902170666666657, -54.2080535888672
0.905138333333323, -54.1940879821777
0.90810599999999, -54.1830635070801
0.911073666666657, -54.1749801635742
0.914041333333323, -54.1691017150879
0.91700899999999, -54.1654243469238
0.919976666666656, -54.1632194519043
0.922944333333323, -54.1624870300293
0.92591199999999, -54.1624870300293
0.928879666666656, -54.1639556884766
0.931847333333323, -54.1661605834961
0.93481499999999, -54.1698341369629
0.937782666666656, -54.1727752685547
0.940750333333323, -54.1764488220215
0.94371799999999, -54.1793899536133
0.946685666666656, -54.1830635070801
0.949653333333323, -54.1845321655273
0.952620999999989, -54.1823272705078
0.955588666666656, -54.178653717041
0.958556333333323, -54.1720390319824
0.961523999999989, -54.161750793457
0.964491666666656, -54.1470527648926
0.967459333333323, -54.1272087097168
0.970426999999989, -54.102954864502
0.973394666666656, -54.073558807373
0.976362333333322, -54.0382804870605
0.979329999999989, -53.9971237182617
0.982297666666656, -53.9493560791016
0.985265333333322, -53.8942337036133
0.988232999999989, -53.8332328796387
0.991200666666656, -53.7648849487305
0.994168333333322, -53.6913909912109
0.997135999999989, -53.6105499267578
1.00010366666666, -53.5223579406738
1.00307133333332, -53.4282836914063
1.00603899999999, -53.3283309936523
1.00900666666666, -53.2247085571289
1.01197433333332, -53.1166725158691
1.01494199999999, -53.0020217895508
1.01790966666666, -52.8844299316406
1.02087733333332, -52.7624320983887
1.02384499999999, -52.6411666870117
1.02681266666666, -52.516227722168
1.02978033333332, -52.3912887573242
1.03274799999999, -52.2656135559082
1.03571566666666, -52.1384696960449
1.03868333333332, -52.0150032043457
1.04165099999999, -51.8900604248047
1.04461866666666, -51.76953125
1.04758633333332, -51.6504745483398
1.05055399999999, -51.5328826904297
1.05352166666665, -51.4211730957031
1.05648933333332, -51.3109321594238
1.05945699999999, -51.2073059082031
1.06242466666665, -51.1073532104492
1.06539233333332, -51.0110778808594
1.06835999999999, -50.9221496582031
1.07132766666665, -50.8361625671387
1.07429533333332, -50.7575263977051
1.07726299999999, -50.6847648620605
1.08023066666665, -50.6156806945801
1.08319833333332, -50.5539474487305
1.08616599999999, -50.4973564147949
1.08913366666665, -50.447380065918
1.09210133333332, -50.4032859802246
1.09506899999999, -50.363597869873
1.09803666666665, -50.3305282592773
1.10100433333332, -50.3026008605957
1.10397199999999, -50.2805519104004
1.10693966666665, -50.2636489868164
1.10990733333332, -50.2511520385742
1.11287499999999, -50.2430686950684
1.11584266666665, -50.2386589050293
1.11881033333332, -50.2386589050293
1.12177799999999, -50.2393951416016
1.12474566666665, -50.2430686950684
1.12771333333332, -50.2504196166992
1.13068099999999, -50.2599716186523
1.13364866666665, -50.2732009887695
1.13661633333332, -50.287899017334
1.13958399999999, -50.3055381774902
1.14255166666665, -50.3239135742188
1.14551933333332, -50.3430213928223
1.14848699999999, -50.362865447998
1.15145466666665, -50.3834419250488
1.15442233333332, -50.4040222167969
1.15738999999999, -50.4238624572754
1.16035766666665, -50.4429702758789
1.16332533333332, -50.4613456726074
1.16629299999999, -50.4782485961914
1.16926066666665, -50.4944190979004
1.17222833333332, -50.5083808898926
1.17519599999999, -50.5201416015625
1.17816366666665, -50.5304298400879
1.18113133333332, -50.5377807617188
1.18409899999999, -50.5436592102051
1.18706666666665, -50.5465965270996
1.19003433333332, -50.5465965270996
1.19300199999999, -50.5429229736328
1.19596966666665, -50.5370445251465
1.19893733333332, -50.5296936035156
1.20190499999999, -50.5201416015625
1.20487266666665, -50.5083808898926
1.20784033333332, -50.4951515197754
1.21080799999999, -50.4804534912109
1.21377566666665, -50.4642868041992
1.21674333333332, -50.447380065918
1.21971099999999, -50.4290084838867
1.22267866666665, -50.4099006652832
1.22564633333332, -50.3900566101074
1.22861399999999, -50.3702125549316
1.23158166666665, -50.3503684997559
1.23454933333332, -50.3305282592773
1.23751699999999, -50.3106842041016
1.24048466666665, -50.291576385498
1.24345233333332, -50.2732009887695
1.24641999999999, -50.2555618286133
1.24938766666665, -50.2386589050293
1.25235533333332, -50.2224922180176
1.25532299999999, -50.2077941894531
1.25829066666665, -50.1945648193359
1.26125833333332, -50.1820678710938
1.26422599999999, -50.1717796325684
1.26719366666665, -50.1629600524902
1.27016133333332, -50.1556129455566
1.27312899999999, -50.1504669189453
1.27609666666665, -50.1467933654785
1.27906433333332, -50.1460571289063
1.28203199999999, -50.1460571289063
1.28499966666665, -50.1467933654785
1.28796733333332, -50.149730682373
1.29093499999999, -50.1548767089844
1.29390266666665, -50.1629600524902
1.29687033333332, -50.1725158691406
1.29983799999999, -50.1850090026855
1.30280566666665, -50.19970703125
1.30577333333332, -50.216609954834
1.30874099999999, -50.2349853515625
1.31170866666665, -50.2570343017578
1.31467633333332, -50.2805519104004
1.31764399999999, -50.3070106506348
1.32061166666665, -50.3342018127441
1.32357933333332, -50.362865447998
1.32654699999999, -50.3944664001465
1.32951466666665, -50.4268035888672
1.33248233333332, -50.4613456726074
1.33544999999999, -50.4951515197754
1.33841766666665, -50.5304298400879
1.34138533333332, -50.5657081604004
1.34435299999999, -50.6017189025879
1.34732066666665, -50.6377296447754
1.35028833333332, -50.6715354919434
1.35325599999998, -50.7046089172363
1.35622366666665, -50.736946105957
1.35919133333332, -50.7670783996582
1.36215899999998, -50.7957420349121
1.36512666666665, -50.8214645385742
1.36809433333332, -50.8435134887695
1.37106199999998, -50.8633575439453
1.37402966666665, -50.879524230957
1.37699733333332, -50.8927536010742
1.37996499999998, -50.9023056030273
1.38293266666665, -50.9081878662109
1.38590033333332, -50.9089202880859
1.38886799999998, -50.9037780761719
1.39183566666665, -50.895694732666
1.39480333333332, -50.8846702575684
1.39777099999998, -50.8707046508789
1.40073866666665, -50.8530654907227
1.40370633333332, -50.8332252502441
1.40667399999998, -50.8126449584961
1.40964166666665, -50.7905960083008
1.41260933333332, -50.7670783996582
1.41557699999998, -50.7420921325684
1.41854466666665, -50.7163696289063
1.42151233333332, -50.6913795471191
1.42447999999998, -50.6671295166016
1.42744766666665, -50.6436080932617
1.43041533333332, -50.6208267211914
1.43338299999998, -50.5987777709961
1.43635066666665, -50.5796699523926
1.43931833333332, -50.5620307922363
1.44228599999998, -50.5473327636719
1.44525366666665, -50.534839630127
1.44822133333332, -50.5252838134766
1.45118899999998, -50.518669128418
1.45415666666665, -50.5157318115234
1.45712433333332, -50.5157318115234
1.46009199999998, -50.5164642333984
1.46305966666665, -50.5208740234375
1.46602733333332, -50.5282249450684
1.46899499999998, -50.539249420166
1.47196266666665, -50.5546836853027
1.47493033333332, -50.572322845459
1.47789799999998, -50.594367980957
1.48086566666665, -50.6193580627441
1.48383333333332, -50.6465492248535
1.48680099999998, -50.677417755127
1.48976866666665, -50.7104873657227
1.49273633333332, -50.7457656860352
1.49570399999998, -50.7839813232422
1.49867166666665, -50.8222007751465
1.50163933333332, -50.8618850708008
1.50460699999998, -50.9023056030273
1.50757466666665, -50.9434623718262
1.51054233333332, -50.9853553771973
1.51350999999998, -51.0257759094238
1.51647766666665, -51.0661964416504
1.51944533333332, -51.1051483154297
1.52241299999998, -51.143367767334
1.52538066666665, -51.1801147460938
1.52834833333332, -51.214656829834
1.53131599999998, -51.2469940185547
1.53428366666665, -51.2763900756836
1.53725133333332, -51.3043174743652
1.54021899999998, -51.3300399780273
1.54318666666665, -51.3528251647949
1.54615433333332, -51.374137878418
1.54912199999998, -51.3925094604492
1.55208966666665, -51.4079437255859
1.55505733333332, -51.4233779907227
1.55802499999998, -51.4366073608398
1.56099266666665, -51.4491004943848
1.56396033333332, -51.4601249694824
1.56692799999998, -51.4696769714355
1.56989566666665, -51.4799690246582
1.57286333333332, -51.4902572631836
1.57583099999998, -51.5012817382813
1.57879866666665, -51.5130386352539
1.58176633333332, -51.5247993469238
1.58473399999998, -51.538761138916
1.58770166666665, -51.554931640625
1.59066933333332, -51.5733032226563
1.59363699999998, -51.593147277832
1.59660466666665, -51.6159324645996
1.59957233333332, -51.6409187316895
1.60253999999998, -51.6688461303711
1.60550766666665, -51.7004470825195
1.60847533333332, -51.7342567443848
1.61144299999998, -51.7710037231445
1.61441066666665, -51.8114242553711
1.61737833333332, -51.8525810241699
1.62034599999998, -51.8974113464355
1.62331366666665, -51.9444465637207
1.62628133333332, -51.9936866760254
1.62924899999998, -52.0436630249023
1.63221666666665, -52.0936393737793
1.63518433333332, -52.1450843811035
1.63815199999998, -52.1965293884277
1.64111966666665, -52.2494468688965
1.64408733333332, -52.2994232177734
1.64705499999998, -52.3464584350586
1.65002266666665, -52.3927574157715
1.65299033333331, -52.4353866577148
1.65595799999998, -52.4765396118164
1.65892566666665, -52.5118179321289
1.66189333333331, -52.5434188842773
1.66486099999998, -52.5698776245117
1.66782866666665, -52.5911903381348
1.67079633333331, -52.6073608398438
1.67376399999998, -52.6183853149414
1.67673166666665, -52.6242637634277
1.67969933333331, -52.6183853149414
1.68266699999998, -52.6073608398438
1.68563466666665, -52.591926574707
1.68860233333331, -52.5728187561035
1.69156999999998, -52.5485649108887
1.69453766666665, -52.5199012756348
1.69750533333331, -52.4875640869141
1.70047299999998, -52.4530220031738
1.70344066666665, -52.4162750244141
1.70640833333331, -52.3773231506348
1.70937599999998, -52.3369026184082
1.71234366666665, -52.2935409545898
1.71531133333331, -52.251651763916
1.71827899999998, -52.2097587585449
1.72124666666665, -52.1678695678711
1.72421433333331, -52.1267127990723
1.72718199999998, -52.0855560302734
1.73014966666665, -52.0466041564941
1.73311733333331, -52.0105934143066
1.73608499999998, -51.9753150939941
1.73905266666665, -51.9429779052734
1.74202033333331, -51.9128456115723
1.74498799999998, -51.8863868713379
1.74795566666665, -51.8628692626953
1.75092333333331, -51.8422927856445
1.75389099999998, -51.8261222839355
1.75685866666665, -51.8121604919434
1.75982633333331, -51.8033409118652
1.76279399999998, -51.7981948852539
1.76576166666665, -51.7967262268066
1.76872933333331, -51.7967262268066
1.77169699999998, -51.7989311218262
1.77466466666665, -51.8062782287598
1.77763233333331, -51.8165702819824
1.78059999999998, -51.8312683105469
1.78356766666665, -51.8503761291504
1.78653533333331, -51.8731575012207
1.78950299999998, -51.9003524780273
1.79247066666665, -51.9304847717285
1.79543833333331, -51.9642906188965
1.79840599999998, -52.0025062561035
1.80137366666665, -52.0436630249023
1.80434133333331, -52.088493347168
1.80730899999998, -52.1355323791504
1.81027666666665, -52.1847724914551
1.81324433333331, -52.2369537353516
1.81621199999998, -52.289867401123
1.81917966666665, -52.3464584350586
1.82214733333331, -52.4023132324219
1.82511499999998, -52.4589042663574
1.82808266666665, -52.5140228271484
1.83105033333331, -52.5691452026367
1.83401799999998, -52.625
1.83698566666665, -52.6771774291992
1.83995333333331, -52.7271537780762
1.84292099999998, -52.7734565734863
1.84588866666665, -52.8168182373047
1.84885633333331, -52.8572387695313
1.85182399999998, -52.8925170898438
1.85479166666665, -52.9226493835449
1.85775933333331, -52.9476356506348
1.86072699999998, -52.9667434692383
1.86369466666665, -52.9814414978027
1.86666233333331, -52.9909973144531
1.86962999999998, -52.9924659729004
1.87259766666665, -52.9858512878418
1.87556533333331, -52.9733581542969
1.87853299999998, -52.9579238891602
1.88150066666665, -52.9373474121094
1.88446833333331, -52.9145622253418
1.88743599999998, -52.8881072998047
1.89040366666665, -52.8572387695313
1.89337133333331, -52.8263702392578
1.89633899999998, -52.7940330505371
1.89930666666665, -52.7609634399414
1.90227433333331, -52.7264213562012
1.90524199999998, -52.6911430358887
1.90820966666665, -52.6573371887207
1.91117733333331, -52.625
1.91414499999998, -52.5933952331543
1.91711266666665, -52.5639991760254
1.92008033333331, -52.5346031188965
1.92304799999998, -52.5088768005371
1.92601566666665, -52.4846267700195
1.92898333333331, -52.4633140563965
1.93195099999998, -52.444938659668
1.93491866666665, -52.428035736084
1.93788633333331, -52.4140701293945
1.94085399999998, -52.4023132324219
1.94382166666665, -52.3927574157715
1.94678933333331, -52.3846740722656
1.94975699999998, -52.3795280456543
1.95272466666664, -52.3743858337402
1.95569233333331, -52.3707122802734
1.95865999999998, -52.3677711486816
1.96162766666664, -52.3663024902344
1.96459533333331, -52.3640975952148
1.96756299999998, -52.3618927001953
1.97053066666664, -52.3582153320313
1.97349833333331, -52.3538055419922
1.97646599999998, -52.3486633300781
1.97943366666664, -52.3420486450195
1.98240133333331, -52.3332290649414
1.98536899999998, -52.3222045898438
1.98833666666664, -52.3089752197266
1.99130433333331, -52.2935409545898
1.99427199999998, -52.2759056091309
1.99723966666664, -52.2560615539551
2.00020733333331, -52.2332763671875
2.00317499999998, -52.2090263366699
2.00614266666664, -52.1825675964355
2.00911033333331, -52.1531677246094
2.01207799999998, -52.1230354309082
2.01504566666664, -52.0906982421875
2.01801333333331, -52.0583610534668
2.02098099999998, -52.0230865478516
2.02394866666664, -51.9885444641113
2.02691633333331, -51.9532661437988
2.02988399999998, -51.9179878234863
2.03285166666664, -51.8827133178711
2.03581933333331, -51.8474349975586
2.03878699999998, -51.8128929138184
2.04175466666664, -51.7798233032227
2.04472233333331, -51.747486114502
2.04768999999998, -51.7173538208008
2.05065766666664, -51.6879539489746
2.05362533333331, -51.660026550293
2.05659299999998, -51.6343040466309
2.05956066666664, -51.610050201416
2.06252833333331, -51.5872688293457
2.06549599999998, -51.5666885375977
2.06846366666664, -51.5475807189941
2.07143133333331, -51.5306777954102
2.07439899999998, -51.5152435302734
2.07736666666664, -51.5020141601563
2.08033433333331, -51.4895210266113
2.08330199999998, -51.4792327880859
2.08626966666664, -51.4696769714355
2.08923733333331, -51.4601249694824
2.09220499999998, -51.4527740478516
2.09517266666664, -51.445426940918
2.09814033333331, -51.4388122558594
2.10110799999998, -51.4321975708008
2.10407566666664, -51.4248466491699
2.10704333333331, -51.4182319641113
2.11001099999998, -51.4116172790527
2.11297866666664, -51.4042701721191
2.11594633333331, -51.396183013916
2.11891399999998, -51.3873672485352
2.12188166666664, -51.3770751953125
2.12484933333331, -51.3667869567871
2.12781699999998, -51.3550300598145
2.13078466666664, -51.3425331115723
2.13375233333331, -51.3285713195801
2.13671999999998, -51.3138732910156
2.13968766666664, -51.2984390258789
2.14265533333331, -51.2815361022949
2.14562299999998, -51.2638969421387
2.14859066666664, -51.2447891235352
2.15155833333331, -51.2249450683594
2.15452599999998, -51.2043647766113
2.15749366666664, -51.1830520629883
2.16046133333331, -51.1610069274902
2.16342899999998, -51.1382217407227
2.16639666666664, -51.1147041320801
2.16936433333331, -51.0904502868652
2.17233199999998, -51.0661964416504
2.17529966666664, -51.0426788330078
2.17826733333331, -51.017692565918
2.18123499999998, -50.9934387207031
2.18420266666664, -50.9684524536133
2.18717033333331, -50.9434623718262
2.19013799999998, -50.9199447631836
2.19310566666664, -50.896427154541
2.19607333333331, -50.8736457824707
2.19904099999998, -50.8515968322754
2.20200866666664, -50.8302841186523
2.20497633333331, -50.8111763000488
2.20794399999998, -50.7920684814453
2.21091166666664, -50.7744293212891
2.21387933333331, -50.7582588195801
2.21684699999998, -50.7435607910156
2.21981466666664, -50.7303314208984
2.22278233333331, -50.7193069458008
2.22574999999998, -50.7097549438477
2.22871766666664, -50.7024040222168
2.23168533333331, -50.6972618103027
2.23465299999998, -50.6943206787109
2.23762066666664, -50.6943206787109
2.24058833333331, -50.6943206787109
2.24355599999998, -50.6965255737305
2.24652366666664, -50.7009353637695
2.24949133333331, -50.7082824707031
2.25245899999998, -50.7185745239258
2.25542666666664, -50.7310676574707
2.25839433333331, -50.7472343444824
2.26136199999997, -50.7656097412109
2.26432966666664, -50.786922454834
2.26729733333331, -50.8111763000488
2.27026499999997, -50.8376312255859
2.27323266666664, -50.8670310974121
2.27620033333331, -50.9001045227051
2.27916799999997, -50.9353790283203
2.28213566666664, -50.9728622436523
2.28510333333331, -51.0118141174316
2.28807099999997, -51.0537033081055
2.29103866666664, -51.0978012084961
2.29400633333331, -51.143367767334
2.29697399999997, -51.1904029846191
2.29994166666664, -51.2374382019043
2.30290933333331, -51.286678314209
2.30587699999997, -51.3373908996582
2.30884466666664, -51.3873672485352
2.31181233333331, -51.4380760192871
2.31477999999997, -51.4873161315918
2.31774766666664, -51.5365562438965
2.32071533333331, -51.5858001708984
2.32368299999997, -51.6328353881836
2.32665066666664, -51.6791343688965
2.32961833333331, -51.7232322692871
2.33258599999997, -51.7643890380859
2.33555366666664, -51.8048095703125
2.33852133333331, -51.8422927856445
2.34148899999997, -51.8768348693848
2.34445666666664, -51.9084358215332
2.34742433333331, -51.9363632202148
2.35039199999997, -51.962085723877
2.35335966666664, -51.9841346740723
2.35632733333331, -52.0032424926758
2.35929499999997, -52.0194091796875
2.36226266666664, -52.0319061279297
2.36523033333331, -52.0407257080078
2.36819799999997, -52.0473403930664
2.37116566666664, -52.0510139465332
2.37413333333331, -52.0502777099609
2.37710099999997, -52.0451354980469
2.38006866666664, -52.0385208129883
2.38303633333331, -52.0297012329102
2.38600399999997, -52.0194091796875
2.38897166666664, -52.0069160461426
2.39193933333331, -51.9922180175781
2.39490699999997, -51.9767837524414
2.39787466666664, -51.9606170654297
2.40084233333331, -51.9429779052734
2.40380999999997, -51.9246025085449
2.40677766666664, -51.9047622680664
2.40974533333331, -51.8856506347656
2.41271299999997, -51.8650741577148
2.41568066666664, -51.8452301025391
2.41864833333331, -51.8253860473633
2.42161599999997, -51.8048095703125
2.42458366666664, -51.7849655151367
2.42755133333331, -51.7658576965332
2.43051899999997, -51.7467498779297
2.43348666666664, -51.7283744812012
2.43645433333331, -51.7107391357422
2.43942199999997, -51.6938323974609
2.44238966666664, -51.6776657104492
2.44535733333331, -51.6629676818848
2.44832499999997, -51.6490020751953
2.45129266666664, -51.6357727050781
2.45426033333331, -51.6240158081055
2.45722799999997, -51.6137275695801
2.46019566666664, -51.6041717529297
2.46316333333331, -51.5953521728516
2.46613099999997, -51.588005065918
2.46909866666664, -51.5821228027344
2.47206633333331, -51.5769805908203
2.47503399999997, -51.5733032226563
2.47800166666664, -51.5710983276367
2.48096933333331, -51.5703659057617
2.48393699999997, -51.5696296691895
2.48690466666664, -51.5696296691895
2.48987233333331, -51.5710983276367
2.49283999999997, -51.5733032226563
2.49580766666664, -51.576244354248
2.49877533333331, -51.5806541442871
2.50174299999997, -51.5858001708984
2.50471066666664, -51.5924110412598
2.50767833333331, -51.5997619628906
2.51064599999997, -51.6085815429688
2.51361366666664, -51.6181373596191
2.51658133333331, -51.6291580200195
2.51954899999997, -51.6409187316895
2.52251666666664, -51.6534118652344
2.52548433333331, -51.6673774719238
2.52845199999997, -51.681339263916
2.53141966666664, -51.6960372924805
2.53438733333331, -51.7122077941895
2.53735499999997, -51.7291107177734
2.54032266666664, -51.7460136413574
2.54329033333331, -51.7643890380859
2.54625799999997, -51.7820281982422
2.54922566666664, -51.8003997802734
2.5521933333333, -51.8187713623047
2.55516099999997, -51.8371467590332
2.55812866666664, -51.8555183410645
2.56109633333331, -51.8731575012207
2.56406399999997, -51.8900604248047
2.56703166666664, -51.9069671630859
2.5699993333333, -51.9223976135254
2.57296699999997, -51.9378318786621
2.57593466666664, -51.9510612487793
2.5789023333333, -51.9628219604492
2.58186999999997, -51.9731101989746
2.58483766666664, -51.9819297790527
2.5878053333333, -51.9892768859863
2.59077299999997, -51.9944229125977
2.59374066666664, -51.9966278076172
2.5967083333333, -51.9958915710449
2.59967599999997, -51.9922180175781
2.60264366666664, -51.9856033325195
2.6056113333333, -51.9782562255859
2.60857899999997, -51.9679641723633
2.61154666666664, -51.9554710388184
2.6145143333333, -51.9415092468262
2.61748199999997, -51.9260749816895
2.62044966666664, -51.9099044799805
2.6234173333333, -51.8915328979492
2.62638499999997, -51.8724250793457
2.62935266666664, -51.8525810241699
2.6323203333333, -51.8312683105469
2.63528799999997, -51.8114242553711
2.63825566666664, -51.7915802001953
2.6412233333333, -51.7702674865723
2.64419099999997, -51.7504234313965
2.64715866666664, -51.731315612793
2.6501263333333, -51.7136764526367
2.65309399999997, -51.697509765625
2.65606166666664, -51.681339263916
2.6590293333333, -51.6673774719238
2.66199699999997, -51.6556167602539
2.66496466666664, -51.6460647583008
2.6679323333333, -51.6387138366699
2.67089999999997, -51.6335678100586
2.67386766666664, -51.6306304931641
2.6768353333333, -51.6298942565918
2.67980299999997, -51.6306304931641
2.68277066666664, -51.6335678100586
2.6857383333333, -51.6387138366699
2.68870599999997, -51.647533416748
2.69167366666664, -51.6592903137207
2.6946413333333, -51.6739921569824
2.69760899999997, -51.6916275024414
2.70057666666664, -51.7122077941895
2.7035443333333, -51.7364616394043
2.70651199999997, -51.7629165649414
2.70947966666664, -51.7937850952148
2.7124473333333, -51.8261222839355
2.71541499999997, -51.861400604248
2.71838266666664, -51.8996162414551
2.7213503333333, -51.9400367736816
2.72431799999997, -51.9833984375
2.72728566666664, -52.0282287597656
2.7302533333333, -52.0745315551758
2.73322099999997, -52.1237716674805
2.73618866666664, -52.1737480163574
2.7391563333333, -52.2251930236816
2.74212399999997, -52.2766380310059
2.74509166666664, -52.3280830383301
2.7480593333333, -52.3817329406738
2.75102699999997, -52.4339141845703
2.75399466666664, -52.4860954284668
2.7569623333333, -52.5360717773438
2.75992999999997, -52.5853118896484
2.76289766666664, -52.6330833435059
2.7658653333333, -52.6786499023438
2.76883299999997, -52.7220115661621
2.77180066666664, -52.7602272033691
2.7747683333333, -52.7955055236816
2.77773599999997, -52.8278427124023
2.78070366666664, -52.8550338745117
2.7836713333333, -52.8785514831543
2.78663899999997, -52.8961906433105
2.78960666666664, -52.9094200134277
2.7925743333333, -52.9182395935059
2.79554199999997, -52.9197082519531
2.79850966666664, -52.9130935668945
2.8014773333333, -52.9013328552246
2.80444499999997, -52.8844299316406
2.80741266666664, -52.8631172180176
2.8103803333333, -52.8373947143555
2.81334799999997, -52.8079986572266
2.81631566666664, -52.7741889953613
2.8192833333333, -52.7367095947266
2.82225099999997, -52.697021484375
2.82521866666664, -52.6536598205566
2.8281863333333, -52.6095657348633
2.83115399999997, -52.5632629394531
2.83412166666664, -52.5154914855957
2.8370893333333, -52.466251373291
2.84005699999997, -52.4162750244141
2.84302466666664, -52.3677711486816
2.8459923333333, -52.3177947998047
2.84895999999997, -52.2692909240723
2.85192766666664, -52.2207832336426
2.8548953333333, -52.1737480163574
2.85786299999997, -52.1289176940918
2.86083066666663, -52.0848197937012
2.8637983333333, -52.0436630249023
2.86676599999997, -52.003978729248
2.86973366666663, -51.966495513916
2.8727013333333, -51.9319534301758
2.87566899999997, -51.8988800048828
2.87863666666663, -51.8694839477539
2.8816043333333, -51.8430252075195
2.88457199999997, -51.8180389404297
2.88753966666663, -51.7974586486816
2.8905073333333, -51.7783508300781
2.89347499999997, -51.7629165649414
2.89644266666663, -51.7496910095215
2.8994103333333, -51.7386665344238
2.90237799999997, -51.7305793762207
2.90534566666663, -51.7247009277344
2.9083133333333, -51.7217597961426
2.91128099999997, -51.7202911376953
2.91424866666663, -51.7202911376953
2.9172163333333, -51.7210273742676
2.92018399999997, -51.7232322692871
2.92315166666663, -51.7276420593262
2.9261193333333, -51.7335205078125
2.92908699999997, -51.7408714294434
2.93205466666663, -51.7496910095215
2.9350223333333, -51.7585067749023
2.93798999999997, -51.76953125
2.94095766666663, -51.7805557250977
2.9439253333333, -51.7923164367676
2.94689299999997, -51.8048095703125
2.94986066666663, -51.8165702819824
2.9528283333333, -51.8290634155273
2.95579599999997, -51.8415565490723
2.95876366666663, -51.8540496826172
2.9617313333333, -51.8658103942871
2.96469899999997, -51.8775672912598
2.96766666666663, -51.8878555297852
2.9706343333333, -51.8981475830078
2.97360199999997, -51.9069671630859
2.97656966666663, -51.9157867431641
2.9795373333333, -51.9223976135254
2.98250499999997, -51.928279876709
2.98547266666663, -51.933422088623
2.9884403333333, -51.9370994567871
2.99140799999997, -51.9393043518066
2.99437566666663, -51.9393043518066
2.9973433333333, -51.9378318786621
3.00031099999997, -51.9341583251953
3.00327866666663, -51.929012298584
3.0062463333333, -51.9216651916504
3.00921399999997, -51.9128456115723
3.01218166666663, -51.9025573730469
3.0151493333333, -51.8900604248047
3.01811699999997, -51.8760986328125
3.02108466666663, -51.8606643676758
3.0240523333333, -51.8422927856445
3.02701999999997, -51.8231811523438
3.02998766666663, -51.8018684387207
3.0329553333333, -51.7783508300781
3.03592299999997, -51.7540969848633
3.03889066666663, -51.7276420593262
3.0418583333333, -51.6989784240723
3.04482599999997, -51.6695823669434
3.04779366666663, -51.6387138366699
3.0507613333333, -51.6063766479492
3.05372899999997, -51.571834564209
3.05669666666663, -51.5372924804688
3.0596643333333, -51.500545501709
3.06263199999997, -51.4645347595215
3.06559966666663, -51.4270515441895
3.0685673333333, -51.3895721435547
3.07153499999997, -51.3513526916504
3.07450266666663, -51.3131370544434
3.0774703333333, -51.2763900756836
3.08043799999997, -51.2396430969238
3.08340566666663, -51.2028961181641
3.0863733333333, -51.1668853759766
3.08934099999997, -51.1316070556641
3.09230866666663, -51.0992698669434
3.0952763333333, -51.0676689147949
3.09824399999997, -51.0368003845215
3.10121166666663, -51.0088729858398
3.1041793333333, -50.9824142456055
3.10714699999997, -50.9581642150879
3.11011466666663, -50.9368476867676
3.1130823333333, -50.9177398681641
3.11604999999997, -50.9015731811523
3.11901766666663, -50.8876075744629
3.1219853333333, -50.8773193359375
3.12495299999997, -50.8699684143066
3.12792066666663, -50.8655624389648
3.1308883333333, -50.8640899658203
3.13385599999997, -50.8640899658203
3.13682366666663, -50.8662948608398
3.1397913333333, -50.8707046508789
3.14275899999997, -50.8787879943848
3.14572666666663, -50.8898124694824
3.1486943333333, -50.9037780761719
3.15166199999996, -50.9199447631836
3.15462966666663, -50.9383201599121
3.1575973333333, -50.9588966369629
3.16056499999997, -50.9824142456055
3.16353266666663, -51.0074043273926
3.1665003333333, -51.034595489502
3.16946799999996, -51.0625228881836
3.17243566666663, -51.0911865234375
3.1754033333333, -51.1213188171387
3.17837099999996, -51.1521873474121
3.18133866666663, -51.1837882995605
3.1843063333333, -51.214656829834
3.18727399999996, -51.2447891235352
3.19024166666663, -51.2756538391113
3.1932093333333, -51.3057861328125
3.19617699999996, -51.3359184265137
3.19914466666663, -51.3638458251953
3.2021123333333, -51.391040802002
3.20507999999996, -51.4167633056641
3.20804766666663, -51.4417495727539
3.2110153333333, -51.4652671813965
3.21398299999996, -51.4873161315918
3.21695066666663, -51.5086288452148
3.2199183333333, -51.5277366638184
3.22288599999996, -51.5461120605469
3.22585366666663, -51.5637512207031
3.2288213333333, -51.5799179077148
3.23178899999996, -51.5960884094238
3.23475666666663, -51.610050201416
3.2377243333333, -51.6232795715332
3.24069199999996, -51.6365089416504
3.24365966666663, -51.6482696533203
3.2466273333333, -51.660026550293
3.24959499999996, -51.6710510253906
3.25256266666663, -51.681339263916
3.2555303333333, -51.6908950805664
3.25849799999996, -51.7011833190918
3.26146566666663, -51.7107391357422
3.2644333333333, -51.7195587158203
3.26740099999996, -51.7283744812012
3.27036866666663, -51.7371940612793
3.2733363333333, -51.7452812194824
3.27630399999996, -51.7533645629883
3.27927166666663, -51.7614479064941
3.2822393333333, -51.768798828125
3.28520699999996, -51.7761459350586
3.28817466666663, -51.7827606201172
3.2911423333333, -51.7886390686035
3.29410999999996, -51.7945213317871
3.29707766666663, -51.8003997802734
3.3000453333333, -51.8055458068848
3.30301299999996, -51.8099555969238
3.30598066666663, -51.8143653869629
3.3089483333333, -51.8187713623047
3.31191599999996, -51.8224487304688
3.31488366666663, -51.8268585205078
3.3178513333333, -51.8305320739746
3.32081899999996, -51.8342056274414
3.32378666666663, -51.8386154174805
3.3267543333333, -51.8422927856445
3.32972199999996, -51.8474349975586
3.33268966666663, -51.8540496826172
3.3356573333333, -51.861400604248
3.33862499999996, -51.8694839477539
3.34159266666663, -51.8790397644043
3.3445603333333, -51.8915328979492
3.34752799999996, -51.9062309265137
3.35049566666663, -51.9231338500977
3.3534633333333, -51.9429779052734
3.35643099999996, -51.9657592773438
3.35939866666663, -51.9922180175781
3.3623663333333, -52.0223503112793
3.36533399999996, -52.0576286315918
3.36830166666663, -52.0958442687988
3.3712693333333, -52.1384696960449
3.37423699999996, -52.1869773864746
3.37720466666663, -52.2398910522461
3.3801723333333, -52.2986869812012
3.38313999999996, -52.3618927001953
3.38610766666663, -52.4302406311035
3.3890753333333, -52.5052032470703
3.39204299999996, -52.5853118896484
3.39501066666663, -52.6720352172852
3.3979783333333, -52.7631683349609
3.40094599999996, -52.8616485595703
3.40391366666663, -52.9630699157715
3.4068813333333, -53.070369720459
3.40984899999996, -53.1857566833496
3.41281666666663, -53.3040809631348
3.4157843333333, -53.4297523498535
3.41875199999996, -53.5568962097168
3.42171966666663, -53.6884498596191
3.4246873333333, -53.8266181945801
3.42765499999996, -53.9662590026855
3.43062266666663, -54.1125106811523
3.4335903333333, -54.2580261230469
3.43655799999996, -54.4057502746582
3.43952566666663, -54.5586166381836
3.4424933333333, -54.7107467651367
3.44546099999996, -54.8672904968262
3.44842866666663, -55.0208930969238
3.4513963333333, -55.1737594604492
3.45436399999996, -55.3295631408691
3.45733166666663, -55.4824333190918
3.46029933333329, -55.6367683410645
3.46326699999996, -55.785961151123
3.46623466666663, -55.9329490661621
3.46920233333329, -56.0806694030762
3.47216999999996, -56.2225112915039
3.47513766666663, -56.3650894165039
3.47810533333329, -56.5010528564453
3.48107299999996, -56.6326065063477
3.48404066666663, -56.76416015625
3.48700833333329, -56.8883666992188
3.48997599999996, -57.011833190918
3.49294366666663, -57.1286888122559
3.49591133333329, -57.2411346435547
3.49887899999996, -57.3521118164063
3.50184666666663, -57.4572067260742
3.50481433333329, -57.5593605041504
3.50778199999996, -57.6571083068848
3.51074966666663, -57.7504463195801
3.51371733333329, -57.8423118591309
3.51668499999996, -57.9282989501953
3.51965266666663, -58.0135536193848
3.52262033333329, -58.0936622619629
3.52558799999996, -58.1708297729492
3.52855566666663, -58.2472610473633
3.53152333333329, -58.3185501098633
3.53449099999996, -58.3891067504883
3.53745866666663, -58.4567184448242
3.54042633333329, -58.5221290588379
3.54339399999996, -58.5868034362793
3.54636166666663, -58.6478042602539
3.54932933333329, -58.7088012695313
3.55229699999996, -58.7675971984863
3.55526466666663, -58.8241882324219
3.55823233333329, -58.8815116882324
3.56119999999996, -58.9358978271484
3.56416766666663, -58.9902839660645
3.56713533333329, -59.0431976318359
3.57010299999996, -59.0946464538574
3.57307066666663, -59.1468238830566
3.57603833333329, -59.1968002319336
3.57900599999996, -59.2467765808105
3.58197366666663, -59.2960166931152
3.58494133333329, -59.3445243835449
3.58790899999996, -59.3930282592773
3.59087666666663, -59.4407997131348
3.59384433333329, -59.4885711669922
3.59681199999996, -59.5356063842773
3.59977966666663, -59.5833778381348
3.60274733333329, -59.6296768188477
3.60571499999996, -59.6752433776855
3.60868266666663, -59.7215461730957
3.61165033333329, -59.7671127319336
3.61461799999996, -59.8134117126465
3.61758566666663, -59.8589782714844
3.62055333333329, -59.90380859375
3.62352099999996, -59.9493751525879
3.62648866666663, -59.9942054748535
3.62945633333329, -60.0397720336914
3.63242399999996, -60.083869934082
3.63539166666663, -60.1279640197754
3.63835933333329, -60.1727981567383
3.64132699999996, -60.2168922424316
3.64429466666663, -60.2617225646973
3.64726233333329, -60.3050842285156
3.65022999999996, -60.348445892334
3.65319766666663, -60.3932762145996
3.65616533333329, -60.436637878418
3.65913299999996, -60.4807357788086
3.66210066666663, -60.5233612060547
3.66506833333329, -60.566722869873
3.66803599999996, -60.6108169555664
3.67100366666663, -60.6534461975098
3.67397133333329, -60.6968078613281
3.67693899999996, -60.7401657104492
3.67990666666663, -60.7827949523926
3.68287433333329, -60.8261566162109
3.68584199999996, -60.8680458068848
3.68880966666663, -60.9114074707031
3.69177733333329, -60.9540328979492
3.69474499999996, -60.9959259033203
3.69771266666663, -61.0392875671387
3.70068033333329, -61.0811767578125
3.70364799999996, -61.1245384216309
3.70661566666663, -61.166431427002
3.70958333333329, -61.2083206176758
3.71255099999996, -61.2516822814941
3.71551866666663, -61.2935752868652
3.71848633333329, -61.3362007141113
3.72145399999996, -61.3780937194824
3.72442166666663, -61.4199829101563
3.72738933333329, -61.4633445739746
3.73035699999996, -61.5052375793457
3.73332466666663, -61.5478630065918
3.73629233333329, -61.5897560119629
3.73925999999996, -61.6316452026367
3.74222766666663, -61.6742706298828
3.74519533333329, -61.7161636352539
3.74816299999996, -61.7595252990723
3.75113066666662, -61.8014144897461
3.75409833333329, -61.8433074951172
3.75706599999996, -61.8859329223633
3.76003366666663, -61.9278259277344
3.76300133333329, -61.9697151184082
3.76596899999996, -62.0116081237793
3.76893666666662, -62.0534973144531
3.77190433333329, -62.0953903198242
3.77487199999996, -62.136547088623
3.77783966666662, -62.1784400939941
3.78080733333329, -62.2195930480957
3.78377499999996, -62.2600173950195
3.78674266666662, -62.3011741638184
3.78971033333329, -62.3415946960449
3.79267799999996, -62.3827514648438
3.79564566666662, -62.4231719970703
3.79861333333329, -62.4635925292969
3.80158099999996, -62.5032806396484
3.80454866666662, -62.5429649353027
3.80751633333329, -62.5833892822266
3.81048399999996, -62.6223411560059
3.81345166666662, -62.6620254516602
3.81641933333329, -62.7002449035645
3.81938699999996, -62.7391967773438
3.82235466666662, -62.7781448364258
3.82532233333329, -62.8163642883301
3.82828999999996, -62.8553161621094
3.83125766666662, -62.8927955627441
3.83422533333329, -62.9302787780762
3.83719299999996, -62.9684944152832
3.84016066666662, -63.0059776306152
3.84312833333329, -63.04345703125
3.84609599999996, -63.080940246582
3.84906366666662, -63.1176872253418
3.85203133333329, -63.1551704406738
3.85499899999996, -63.1919174194336
3.85796666666662, -63.2293968200684
3.86093433333329, -63.2661437988281
3.86390199999996, -63.3028907775879
3.86686966666662, -63.3411064147949
3.86983733333329, -63.3778533935547
3.87280499999996, -63.4153366088867
3.87577266666662, -63.4528198242188
3.87874033333329, -63.4902992248535
3.88170799999996, -63.5277824401855
3.88467566666662, -63.5652618408203
3.88764333333329, -63.6042137145996
3.89061099999996, -63.6416969299316
3.89357866666662, -63.6799125671387
3.89654633333329, -63.718864440918
3.89951399999996, -63.757080078125
3.90248166666662, -63.7967681884766
3.90544933333329, -63.8349838256836
3.90841699999996, -63.8746719360352
3.91138466666662, -63.9143600463867
3.91435233333329, -63.954044342041
3.91731999999996, -63.9944648742676
3.92028766666662, -64.0341567993164
3.92325533333329, -64.074577331543
3.92622299999996, -64.1157302856445
3.92919066666662, -64.1554183959961
3.93215833333329, -64.1965713500977
3.93512599999996, -64.2377319335938
3.93809366666662, -64.2781524658203
3.94106133333329, -64.3200454711914
3.94402899999996, -64.360466003418
3.94699666666662, -64.4023590087891
3.94996433333329, -64.4435119628906
3.95293199999996, -64.4846725463867
3.95589966666662, -64.5265579223633
3.95886733333329, -64.5677185058594
3.96183499999996, -64.6096115112305
3.96480266666662, -64.650764465332
3.96777033333329, -64.6911849975586
3.97073799999996, -64.7330780029297
3.97370566666662, -64.7734985351563
3.97667333333329, -64.8146591186523
3.97964099999996, -64.8550796508789
3.98260866666662, -64.8955001831055
3.98557633333329, -64.936653137207
3.98854399999996, -64.9770736694336
3.99151166666662, -65.0175018310547
3.99447933333329, -65.0571823120117
3.99744699999996, -65.0976028442383
4.00041466666662, -65.1365585327148
4.00338233333329, -65.1755065917969
4.00634999999996, -65.2144622802734
4.00931766666662, -65.2526779174805
4.01228533333329, -65.2916259765625
4.01525299999996, -65.3291091918945
4.01822066666662, -65.3665924072266
4.02118833333329, -65.4040756225586
4.02415599999996, -65.4408187866211
4.02712366666662, -65.4783020019531
4.03009133333329, -65.5143127441406
4.03305899999996, -65.5503234863281
4.03602666666662, -65.5863418579102
4.03899433333329, -65.6216125488281
4.04196199999996, -65.6576309204102
4.04492966666662, -65.6921691894531
4.04789733333329, -65.7274475097656
4.05086499999995, -65.7619857788086
4.05383266666662, -65.7965316772461
4.05680033333329, -65.8310699462891
4.05976799999995, -65.8648834228516
4.06273566666662, -65.8986892700195
4.06570333333329, -65.9324951171875
4.06867099999995, -65.9655685424805
4.07163866666662, -65.9993743896484
4.07460633333329, -66.0324478149414
4.07757399999996, -66.0655212402344
4.08054166666662, -66.0993270874023
4.08350933333329, -66.1324005126953
4.08647699999995, -66.1662063598633
4.08944466666662, -66.1992797851563
4.09241233333329, -66.2323455810547
4.09537999999995, -66.2661514282227
4.09834766666662, -66.2992248535156
4.10131533333329, -66.3330307006836
4.10428299999995, -66.3668441772461
4.10725066666662, -66.3999099731445
4.11021833333329, -66.434455871582
4.11318599999995, -66.46826171875
4.11615366666662, -66.5035400390625
4.11912133333329, -66.5373458862305
4.12208899999995, -66.571891784668
4.12505666666662, -66.6079025268555
4.12802433333329, -66.643180847168
4.13099199999995, -66.6791915893555
4.13395966666662, -66.715202331543
4.13692733333329, -66.7512130737305
4.13989499999995, -66.7886962890625
4.14286266666662, -66.8261795043945
4.14583033333329, -66.863655090332
4.14879799999995, -66.9018783569336
4.15176566666662, -66.9393539428711
4.15473333333329, -66.9783096313477
4.15770099999995, -67.0172576904297
4.16066866666662, -67.0562133789063
4.16363633333329, -67.0959014892578
4.16660399999995, -67.1348495483398
4.16957166666662, -67.1752700805664
4.17253933333329, -67.214958190918
4.17550699999995, -67.2553787231445
4.17847466666662, -67.2957992553711
4.18144233333329, -67.3362197875977
4.18440999999995, -67.3773803710938
4.18737766666662, -67.4178009033203
4.19034533333329, -67.4589538574219
4.19331299999995, -67.499382019043
4.19628066666662, -67.5405349731445
4.19924833333329, -67.5809555053711
4.20221599999995, -67.6206436157227
4.20518366666662, -67.6617965698242
4.20815133333329, -67.7014846801758
4.21111899999995, -67.7419052124023
4.21408666666662, -67.7815933227539
4.21705433333329, -67.8205490112305
4.22002199999995, -67.8602294921875
4.22298966666662, -67.8984527587891
4.22595733333329, -67.9366683959961
4.22892499999995, -67.9741439819336
4.23189266666662, -68.0116271972656
4.23486033333329, -68.0491104125977
4.23782799999995, -68.0851211547852
4.24079566666662, -68.1218719482422
4.24376333333329, -68.1571502685547
4.24673099999995, -68.1916885375977
4.24969866666662, -68.2269668579102
4.25266633333329, -68.2607727050781
4.25563399999995, -68.2945785522461
4.25860166666662, -68.3276519775391
4.26156933333329, -68.359992980957
4.26453699999995, -68.3930587768555
4.26750466666662, -68.4246673583984
4.27047233333329, -68.4562683105469
4.27343999999995, -68.4863967895508
4.27640766666662, -68.5172653198242
4.27937533333329, -68.5474014282227
4.28234299999995, -68.5775299072266
4.28531066666662, -68.6069259643555
4.28827833333329, -68.6363220214844
4.29124599999995, -68.6649856567383
4.29421366666662, -68.6943817138672
4.29718133333329, -68.7230453491211
4.30014899999995, -68.751708984375
4.30311666666662, -68.7803726196289
4.30608433333329, -68.8083038330078
4.30905199999995, -68.8376998901367
4.31201966666662, -68.8663635253906
4.31498733333329, -68.8957595825195
4.31795499999995, -68.9244232177734
4.32092266666662, -68.9530868530273
4.32389033333329, -68.9832153320313
4.32685799999995, -69.0133514404297
4.32982566666662, -69.0442123413086
4.33279333333329, -69.075080871582
4.33576099999995, -69.1059494018555
4.33872866666662, -69.1382904052734
4.34169633333329, -69.1706237792969
4.34466399999995, -69.2044296264648
4.34763166666662, -69.2375030517578
4.35059933333329, -69.2713088989258
4.35356699999995, -69.3073196411133
4.35653466666662, -69.3425979614258
4.35950233333328, -69.3800811767578
4.36246999999995, -69.4168243408203
4.36543766666662, -69.4543075561523
4.36840533333328, -69.4932632446289
4.37137299999995, -69.5322113037109
4.37434066666662, -69.5726318359375
4.37730833333328, -69.6130523681641
4.38027599999995, -69.6542129516602
4.38324366666662, -69.6968383789063
4.38621133333328, -69.7387313842773
4.38917899999995, -69.782829284668
4.39214666666662, -69.8261871337891
4.39511433333328, -69.8710174560547
4.39808199999995, -69.9151153564453
4.40104966666662, -69.9606781005859
4.40401733333328, -70.0062484741211
4.40698499999995, -70.0518112182617
4.40995266666662, -70.0988464355469
4.41292033333328, -70.145149230957
4.41588799999995, -70.1907196044922
4.41885566666662, -70.2384872436523
4.42182333333328, -70.2847900390625
4.42479099999995, -70.3318252563477
4.42775866666662, -70.3781280517578
4.43072633333328, -70.4244232177734
4.43369399999995, -70.4721984863281
4.43666166666662, -70.5185012817383
4.43962933333328, -70.5655364990234
4.44259699999995, -70.6110992431641
4.44556466666662, -70.6566696166992
4.44853233333328, -70.7029647827148
4.45149999999995, -70.7477951049805
4.45446766666662, -70.7933654785156
4.45743533333328, -70.8381958007813
4.46040299999995, -70.8822937011719
4.46337066666662, -70.9271240234375
4.46633833333328, -70.9704818725586
4.46930599999995, -71.0153121948242
4.47227366666662, -71.0579376220703
4.47524133333328, -71.1013031005859
4.47820899999995, -71.144660949707
4.48117666666662, -71.1872863769531
4.48414433333328, -71.2306518554688
4.48711199999995, -71.2725448608398
4.49007966666662, -71.3144378662109
4.49304733333328, -71.357063293457
4.49601499999995, -71.3989486694336
4.49898266666662, -71.4415817260742
4.50195033333328, -71.4827346801758
4.50491799999995, -71.5246276855469
4.50788566666662, -71.566520690918
4.51085333333328, -71.6084060668945
4.51382099999995, -71.6502990722656
4.51678866666662, -71.6921920776367
4.51975633333328, -71.7333450317383
4.52272399999995, -71.7759704589844
4.52569166666662, -71.8178634643555
4.52865933333328, -71.8612289428711
4.53162699999995, -71.9031219482422
4.53459466666662, -71.9457473754883
4.53756233333328, -71.9891052246094
4.54052999999995, -72.0317306518555
4.54349766666662, -72.0750961303711
4.54646533333328, -72.1177215576172
4.54943299999995, -72.1610794067383
4.55240066666662, -72.2044448852539
4.55536833333328, -72.247802734375
4.55833599999995, -72.2919006347656
4.56130366666662, -72.3352584838867
4.56427133333328, -72.3786239624023
4.56723899999995, -72.423454284668
4.57020666666662, -72.4668121337891
4.57317433333328, -72.5109100341797
4.57614199999995, -72.5550079345703
4.57910966666662, -72.5983657836914
4.58207733333328, -72.642463684082
4.58504499999995, -72.6858291625977
4.58801266666662, -72.7291870117188
4.59098033333328, -72.7725448608398
4.59394799999995, -72.8159103393555
4.59691566666662, -72.8585357666016
4.59988333333328, -72.9004287719727
4.60285099999995, -72.9430541992188
4.60581866666662, -72.9842071533203
4.60878633333328, -73.0261001586914
4.61175399999995, -73.0672607421875
4.61472166666662, -73.1069412231445
4.61768933333328, -73.1473693847656
4.62065699999995, -73.1870498657227
4.62362466666662, -73.2260055541992
4.62659233333328, -73.2642211914063
4.62955999999995, -73.3024368286133
4.63252766666661, -73.3399200439453
4.63549533333328, -73.3766632080078
4.63846299999995, -73.4141464233398
4.64143066666662, -73.4501571655273
4.64439833333328, -73.4854354858398
4.64736599999995, -73.5214462280273
4.65033366666662, -73.5567245483398
4.65330133333328, -73.5912704467773
4.65626899999995, -73.6258087158203
4.65923666666662, -73.6596145629883
4.66220433333328, -73.6941604614258
4.66517199999995, -73.7279663085938
4.66813966666661, -73.7617721557617
4.67110733333328, -73.7948455810547
4.67407499999995, -73.8279190063477
4.67704266666661, -73.8624572753906
4.68001033333328, -73.8955307006836
4.68297799999995, -73.9300765991211
4.68594566666661, -73.9638824462891
4.68891333333328, -73.998420715332
4.69188099999995, -74.0336990356445
4.69484866666661, -74.068977355957
4.69781633333328, -74.1057205200195
4.70078399999995, -74.141731262207
4.70375166666661, -74.1792144775391
4.70671933333328, -74.2174301147461
4.70968699999995, -74.2563858032227
4.71265466666661, -74.2960739135742
4.71562233333328, -74.3364944458008
4.71858999999995, -74.3776473999023
4.72155766666661, -74.421012878418
4.72452533333328, -74.4651031494141
4.72749299999995, -74.5106735229492
4.73046066666661, -74.5562362670898
4.73342833333328, -74.603271484375
4.73639599999995, -74.6532516479492
4.73936366666661, -74.7032241821289
4.74233133333328, -74.7554092407227
4.74529899999995, -74.8075866699219
4.74826666666661, -74.8619689941406
4.75123433333328, -74.9185638427734
4.75420199999995, -74.9758911132813
4.75716966666661, -75.0354156494141
4.76013733333328, -75.0949478149414
4.76310499999995, -75.1566848754883
4.76607266666661, -75.2206192016602
4.76904033333328, -75.2845611572266
4.77200799999995, -75.3507080078125
4.77497566666661, -75.4175872802734
4.77794333333328, -75.4866714477539
4.78091099999995, -75.5550155639648
4.78387866666661, -75.6255722045898
4.78684633333328, -75.6975936889648
4.78981399999995, -75.7703552246094
4.79278166666661, -75.8445816040039
4.79574933333328, -75.9180755615234
4.79871699999995, -75.992301940918
4.80168466666661, -76.068000793457
4.80465233333328, -76.1429672241211
4.80761999999995, -76.2193984985352
4.81058766666661, -76.2950973510742
4.81355533333328, -76.3700637817383
4.81652299999995, -76.4464950561523
4.81949066666661, -76.5214614868164
4.82245833333328, -76.5971603393555
4.82542599999995, -76.670654296875
4.82839366666661, -76.743408203125
4.83136133333328, -76.8161697387695
4.83432899999995, -76.8874588012695
4.83729666666661, -76.9580078125
4.84026433333328, -77.0256271362305
4.84323199999995, -77.0925064086914
4.84619966666661, -77.1579132080078
4.84916733333328, -77.2211151123047
4.85213499999995, -77.2835922241211
4.85510266666661, -77.3431167602539
4.85807033333328, -77.4004440307617
4.86103799999995, -77.45703125
4.86400566666661, -77.5106811523438
4.86697333333328, -77.5628662109375
4.86994099999995, -77.6113739013672
4.87290866666661, -77.6584091186523
4.87587633333328, -77.703239440918
4.87884399999995, -77.7458648681641
4.88181166666661, -77.7862854003906
4.88477933333328, -77.8245010375977
4.88774699999995, -77.8597793579102
4.89071466666661, -77.8935852050781
4.89368233333328, -77.9251861572266
4.89664999999995, -77.955322265625
4.89961766666661, -77.9825134277344
4.90258533333328, -78.0082321166992
4.90555299999995, -78.0332260131836
4.90852066666661, -78.0552749633789
4.91148833333328, -78.0773162841797
4.91445599999995, -78.0971603393555
4.91742366666661, -78.1155395507813
4.92039133333328, -78.1331787109375
4.92335899999995, -78.1493453979492
4.92632666666661, -78.1647796630859
4.92929433333328, -78.1794738769531
4.93226199999995, -78.1934432983398
4.93522966666661, -78.2066650390625
4.93819733333328, -78.2191619873047
4.94116499999994, -78.2316589355469
4.94413266666661, -78.2441482543945
4.94710033333328, -78.2559127807617
4.95006799999994, -78.2676696777344
4.95303566666661, -78.279426574707
4.95600333333328, -78.2911834716797
4.95897099999995, -78.3022079467773
4.96193866666661, -78.3139724731445
4.96490633333328, -78.3257293701172
4.96787399999995, -78.3374862670898
4.97084166666661, -78.349983215332
4.97380933333328, -78.3624725341797
4.97677699999994, -78.3749694824219
4.97974466666661, -78.3874664306641
4.98271233333328, -78.4006881713867
4.98567999999994, -78.4139175415039
4.98864766666661, -78.4271469116211
4.99161533333328, -78.4403762817383
4.99458299999994, -78.454345703125
4.99755066666661, -78.4675674438477
5.00051833333328, -78.4815368652344
5.00348599999994, -78.4954986572266
5.00645366666661, -78.5094604492188
5.00942133333328, -78.5234298706055
5.01238899999994, -78.5373916625977
5.01535666666661, -78.5506210327148
5.01832433333328, -78.563850402832
5.02129199999994, -78.5763397216797
5.02425966666661, -78.5888366699219
5.02722733333328, -78.6005935668945
5.03019499999994, -78.6116180419922
5.03316266666661, -78.6219100952148
5.03613033333328, -78.632194519043
5.03909799999994, -78.6410140991211
5.04206566666661, -78.6498336791992
5.04503333333328, -78.6571884155273
5.04800099999994, -78.6637954711914
5.05096866666661, -78.669677734375
5.05393633333328, -78.6740875244141
5.05690399999994, -78.6777648925781
5.05987166666661, -78.6799697875977
5.06283933333328, -78.6814346313477
5.06580699999994, -78.6814346313477
5.06877466666661, -78.6792297363281
5.07174233333328, -78.6770248413086
5.07470999999994, -78.6733551025391
5.07767766666661, -78.6689453125
5.08064533333328, -78.6630630493164
5.08361299999994, -78.6571884155273
5.08658066666661, -78.6505737304688
5.08954833333328, -78.6432189941406
5.09251599999994, -78.635871887207
5.09548366666661, -78.6277847290039
5.09845133333328, -78.6197052001953
5.10141899999994, -78.6116180419922
5.10438666666661, -78.6035308837891
5.10735433333328, -78.5954513549805
5.11032199999994, -78.5881042480469
5.11328966666661, -78.5814895629883
5.11625733333328, -78.5756072998047
5.11922499999994, -78.5704650878906
5.12219266666661, -78.5667877197266
5.12516033333328, -78.563850402832
5.12812799999994, -78.5623779296875
5.13109566666661, -78.5623779296875
5.13406333333328, -78.5623779296875
5.13703099999994, -78.564582824707
5.13999866666661, -78.5682601928711
5.14296633333328, -78.5734024047852
5.14593399999994, -78.5800170898438
5.14890166666661, -78.5895690917969
5.15186933333328, -78.6005935668945
5.15483699999994, -78.6145553588867
5.15780466666661, -78.6299896240234
5.16077233333328, -78.6483688354492
5.16373999999994, -78.6682052612305
5.16670766666661, -78.6909942626953
5.16967533333328, -78.7159805297852
5.17264299999994, -78.7431716918945
5.17561066666661, -78.773307800293
5.17857833333328, -78.8049087524414
5.18154599999994, -78.8387145996094
5.18451366666661, -78.8754577636719
5.18748133333328, -78.9136810302734
5.19044899999994, -78.954833984375
5.19341666666661, -78.9967269897461
5.19638433333328, -79.0408248901367
5.19935199999994, -79.0871200561523
5.20231966666661, -79.1341552734375
5.20528733333328, -79.1841354370117
5.20825499999994, -79.2341079711914
5.21122266666661, -79.2848205566406
5.21419033333328, -79.3377380371094
5.21715799999994, -79.3913879394531
5.22012566666661, -79.4457702636719
5.22309333333328, -79.5001602172852
5.22606099999994, -79.5552749633789
5.22902866666661, -79.6111297607422
5.23199633333328, -79.6669845581055
5.23496399999994, -79.7243118286133
5.23793166666661, -79.7794342041016
5.24089933333328, -79.8345565795898
5.24386699999994, -79.8911437988281
5.24683466666661, -79.9462661743164
5.24980233333327, -80.0013809204102
5.25276999999994, -80.0550308227539
5.25573766666661, -80.1079483032227
5.25870533333327, -80.1608657836914
5.26167299999994, -80.2123107910156
5.26464066666661, -80.2637557983398
5.26760833333327, -80.3129959106445
5.27057599999994, -80.3622360229492
5.27354366666661, -80.4107437133789
5.27651133333327, -80.4570465087891
5.27947899999994, -80.5040817260742
5.28244666666661, -80.5489120483398
5.28541433333327, -80.5937423706055
5.28838199999994, -80.6378402709961
5.29134966666661, -80.6804656982422
5.29431733333327, -80.7238235473633
5.29728499999994, -80.7649841308594
5.30025266666661, -80.8061370849609
5.30322033333327, -80.847297668457
5.30618799999994, -80.8877182006836
5.30915566666661, -80.9281387329102
5.31212333333327, -80.9678268432617
5.31509099999994, -81.0082473754883
5.31805866666661, -81.0486679077148
5.32102633333327, -81.0890884399414
5.32399399999994, -81.1302490234375
5.32696166666661, -81.1714019775391
5.32992933333327, -81.2125625610352
5.33289699999994, -81.2551879882813
5.33586466666661, -81.2978134155273
5.33883233333327, -81.3411712646484
5.34179999999994, -81.3852691650391
5.34476766666661, -81.4300994873047
5.34773533333327, -81.4764022827148
5.35070299999994, -81.522705078125
5.35367066666661, -81.5704727172852
5.35663833333327, -81.6182403564453
5.35960599999994, -81.6674880981445
5.36257366666661, -81.7189331054688
5.36554133333327, -81.7696380615234
5.36850899999994, -81.8225555419922
5.37147666666661, -81.8754730224609
5.37444433333327, -81.9305953979492
5.37741199999994, -81.984977722168
5.38037966666661, -82.0408325195313
5.38334733333327, -82.0981597900391
5.38631499999994, -82.1547470092773
5.38928266666661, -82.2135391235352
5.39225033333327, -82.271598815918
5.39521799999994, -82.3296661376953
5.39818566666661, -82.3899307250977
5.40115333333327, -82.4487228393555
5.40412099999994, -82.5089874267578
5.40708866666661, -82.5685195922852
5.41005633333327, -82.628044128418
5.41302399999994, -82.6883087158203
5.41599166666661, -82.7463684082031
5.41895933333327, -82.8059005737305
5.42192699999994, -82.8639602661133
5.42489466666661, -82.9212875366211
5.42786233333327, -82.9786148071289
5.43082999999994, -83.0344696044922
5.43379766666661, -83.0903244018555
5.43676533333327, -83.1439743041992
5.43973299999994, -83.197624206543
5.44270066666661, -83.2505416870117
5.44566833333327, -83.3012466430664
5.44863599999994, -83.3512268066406
5.45160366666661, -83.3997268676758
5.45457133333327, -83.4467697143555
5.45753899999994, -83.4930648803711
5.46050666666661, -83.5378952026367
5.46347433333327, -83.5819931030273
5.46644199999994, -83.6238861083984
5.46940966666661, -83.6650390625
5.47237733333327, -83.7061996459961
5.47534499999994, -83.7451477050781
5.47831266666661, -83.7841033935547
5.48128033333327, -83.8208465576172
5.48424799999994, -83.8575973510742
5.48721566666661, -83.8936080932617
5.49018333333327, -83.9288864135742
5.49315099999994, -83.9641647338867
5.49611866666661, -83.9979705810547
5.49908633333327, -84.0310440063477
5.50205399999994, -84.0648498535156
5.50502166666661, -84.0979232788086
5.50798933333327, -84.130989074707
5.51095699999994, -84.163330078125
5.51392466666661, -84.1956634521484
5.51689233333327, -84.2287368774414
5.51985999999994, -84.2618103027344
5.52282766666661, -84.2956161499023
5.52579533333327, -84.3286895751953
5.52876299999994, -84.3617630004883
5.53173066666661, -84.3955688476563
5.53469833333327, -84.4293746948242
5.53766599999994, -84.4646530151367
5.54063366666661, -84.4984588623047
5.54360133333327, -84.5337371826172
5.54656899999994, -84.5690155029297
5.54953666666661, -84.6050262451172
5.55250433333327, -84.6417694091797
5.55547199999994, -84.6777877807617
5.5584396666666, -84.7152633666992
5.56140733333327, -84.7527465820313
5.56437499999994, -84.7909622192383
5.5673426666666, -84.8299179077148
5.57031033333327, -84.8688659667969
5.57327799999994, -84.9085540771484
5.5762456666666, -84.9482421875
5.57921333333327, -84.9879302978516
5.58218099999994, -85.0290832519531
5.5851486666666, -85.0695037841797
5.58811633333327, -85.1113967895508
5.59108399999994, -85.1532897949219
5.5940516666666, -85.195182800293
5.59701933333327, -85.2385406494141
5.59998699999994, -85.2811660766602
5.6029546666666, -85.3252639770508
5.60592233333327, -85.3686218261719
5.60888999999994, -85.4127197265625
5.6118576666666, -85.4575500488281
5.61482533333327, -85.5023803710938
5.61779299999994, -85.5486831665039
5.6207606666666, -85.5942535400391
5.62372833333327, -85.6405487060547
5.62669599999994, -85.6883239746094
5.6296636666666, -85.7353591918945
5.63263133333327, -85.7838668823242
5.63559899999994, -85.8323669433594
5.6385666666666, -85.8808746337891
5.64153433333327, -85.9315872192383
5.64450199999994, -85.9822998046875
5.6474696666666, -86.0344772338867
5.65043733333327, -86.0866546630859
5.65340499999994, -86.1403045654297
5.6563726666666, -86.195426940918
5.65934033333327, -86.2505493164063
5.66230799999994, -86.3086090087891
5.6652756666666, -86.3666687011719
5.66824333333327, -86.4254608154297
5.67121099999994, -86.4879302978516
5.6741786666666, -86.5503997802734
5.67714633333327, -86.6158142089844
5.68011399999994, -86.6819534301758
5.6830816666666, -86.7503051757813
5.68604933333327, -86.8215942382813
5.68901699999994, -86.8943557739258
5.6919846666666, -86.9700546264648
5.69495233333327, -87.0472183227539
5.69791999999994, -87.127326965332
5.7008876666666, -87.2111129760742
5.70385533333327, -87.2963638305664
5.70682299999994, -87.3860244750977
5.7097906666666, -87.4771575927734
5.71275833333327, -87.5719680786133
5.71572599999994, -87.6726531982422
5.7186936666666, -87.7740707397461
5.72166133333327, -87.8813705444336
5.72462899999994, -87.9901428222656
5.7275966666666, -88.1040573120117
5.73056433333327, -88.2238540649414
5.73353199999994, -88.3458557128906
5.7364996666666, -88.4744644165039
5.73946733333327, -88.6060180664063
5.74243499999994, -88.7427215576172
5.7454026666666, -88.8875045776367
5.74837033333327, -89.0344848632813
5.75133799999994, -89.1902923583984
5.7543056666666, -89.3490447998047
5.75727333333327, -89.5136642456055
5.76024099999994, -89.6878433227539
5.7632086666666, -89.8642349243164
5.76617633333327, -90.0509033203125
5.76914399999994, -90.2412567138672
5.7721116666666, -90.4411544799805
5.77507933333327, -90.6439971923828
5.77804699999994, -90.8534545898438
5.7810146666666, -91.0732040405273
5.78398233333327, -91.2958908081055
5.78694999999994, -91.5288619995117
5.7899176666666, -91.7633056640625
5.79288533333327, -92.0043640136719
5.79585299999994, -92.2549819946289
5.7988206666666, -92.5041198730469
5.80178833333327, -92.7613525390625
5.80475599999994, -93.0163726806641
5.8077236666666, -93.2750701904297
5.81069133333327, -93.5374450683594
5.81365899999994, -93.7895278930664
5.8166266666666, -94.0401382446289
5.81959433333327, -94.2797317504883
5.82256199999994, -94.5134429931641
5.8255296666666, -94.7397994995117
5.82849733333327, -94.9433746337891
5.83146499999993, -95.1307830810547
5.8344326666666, -95.29541015625
5.83740033333327, -95.4409332275391
5.84036799999993, -95.5673370361328
5.8433356666666, -95.6643524169922
5.84630333333327, -95.7371063232422
5.84927099999994, -95.7826766967773
5.8522386666666, -95.7973709106445
5.85520633333327, -95.7701797485352
5.85817399999994, -95.7209396362305
5.8611416666666, -95.6503829956055
5.86410933333327, -95.5585174560547
5.86707699999993, -95.4460754394531
5.8700446666666, -95.3226013183594
5.87301233333327, -95.184440612793
5.87597999999993, -95.0352478027344
5.8789476666666, -94.8728256225586
5.88191533333327, -94.6979064941406
5.88488299999993, -94.5215225219727
5.8878506666666, -94.3363189697266
5.89081833333327, -94.1496429443359
5.89378599999993, -93.9578247070313
5.8967536666666, -93.759391784668
5.89972133333327, -93.5653686523438
5.90268899999993, -93.368408203125
5.9056566666666, -93.1751174926758
5.90862433333327, -92.9825668334961
5.91159199999993, -92.7878112792969
5.9145596666666, -92.6011352539063
5.91752733333327, -92.4144592285156
5.92049499999993, -92.2351379394531
5.9234626666666, -92.0594863891602
5.92643033333327, -91.8853073120117
5.92939799999993, -91.7199478149414
5.9323656666666, -91.5567932128906
5.93533333333327, -91.4024505615234
5.93830099999993, -91.2539978027344
5.9412686666666, -91.1084823608398
5.94423633333327, -90.9717788696289
5.94720399999993, -90.8394927978516
5.9501716666666, -90.7152862548828
5.95313933333327, -90.5977020263672
5.95610699999993, -90.4845199584961
5.9590746666666, -90.3801574707031
5.96204233333327, -90.2794723510742
5.96500999999993, -90.1876068115234
5.9679776666666, -90.1001434326172
5.97094533333327, -90.0207748413086
5.97391299999993, -89.9472808837891
5.9768806666666, -89.8781967163086
5.97984833333327, -89.8164596557617
5.98281599999993, -89.7591323852539
5.9857836666666, -89.7091598510742
5.98875133333327, -89.6635971069336
5.99171899999993, -89.6231689453125
5.9946866666666, -89.5886306762695
5.99765433333327, -89.5584945678711
6.00062199999993, -89.5335083007813
6.0035896666666, -89.5129318237305
6.00655733333327, -89.4967651367188
6.00952499999993, -89.4850006103516
6.0124926666666, -89.477653503418
6.01546033333327, -89.4739837646484
6.01842799999993, -89.4739837646484
6.0213956666666, -89.4739837646484
6.02436333333327, -89.477653503418
6.02733099999993, -89.4842681884766
6.0302986666666, -89.4952926635742
6.03326633333327, -89.5085220336914
6.03623399999993, -89.5239562988281
6.0392016666666, -89.5430679321289
6.04216933333327, -89.5643768310547
6.04513699999993, -89.5886306762695
6.0481046666666, -89.6150894165039
6.05107233333327, -89.6437530517578
6.05403999999993, -89.6746215820313
6.0570076666666, -89.7076873779297
6.05997533333327, -89.7429656982422
6.06294299999993, -89.7797164916992
6.0659106666666, -89.8179321289063
6.06887833333327, -89.8590850830078
6.07184599999993, -89.9009780883789
6.0748136666666, -89.9458084106445
6.07778133333327, -89.9906387329102
6.08074899999993, -90.0376739501953
6.0837166666666, -90.0869140625
6.08668433333327, -90.1368942260742
6.08965199999993, -90.189811706543
6.0926196666666, -90.2434616088867
6.09558733333327, -90.2985763549805
6.09855499999993, -90.3559036254883
6.1015226666666, -90.4146957397461
6.10449033333327, -90.475700378418
6.10745799999993, -90.5381698608398
6.1104256666666, -90.6013717651367
6.11339333333327, -90.6675186157227
6.11636099999993, -90.7343978881836
6.1193286666666, -90.8034820556641
6.12229633333327, -90.8732986450195
6.12526399999993, -90.9445877075195
6.1282316666666, -91.0188140869141
6.13119933333327, -91.0930480957031
6.13416699999993, -91.1694793701172
6.1371346666666, -91.2466506958008
6.14010233333326, -91.3245468139648
6.14306999999993, -91.4053955078125
6.1460376666666, -91.4855041503906
6.14900533333326, -91.5678176879883
6.15197299999993, -91.6501235961914
6.1549406666666, -91.7324371337891
6.15790833333326, -91.8169555664063
6.16087599999993, -91.9000091552734
6.1638436666666, -91.9852600097656
6.16681133333327, -92.0697784423828
6.16977899999993, -92.155029296875
6.1727466666666, -92.2395477294922
6.17571433333326, -92.3240661621094
6.17868199999993, -92.4100494384766
6.1816496666666, -92.4945678710938
6.18461733333326, -92.5805587768555
6.18758499999993, -92.6650772094727
6.1905526666666, -92.7495956420898
6.19352033333326, -92.835578918457
6.19648799999993, -92.9200973510742
6.1994556666666, -93.0060882568359
6.20242333333326, -93.0913391113281
6.20539099999993, -93.1765899658203
6.2083586666666, -93.264045715332
6.21132633333326, -93.3507690429688
6.21429399999993, -93.4404296875
6.2172616666666, -93.5293579101563
6.22022933333326, -93.6190185546875
6.22319699999993, -93.7123565673828
6.2261646666666, -93.8056945800781
6.22913233333326, -93.9034423828125
6.23209999999993, -94.0019226074219
6.2350676666666, -94.1026077270508
6.23803533333326, -94.2084426879883
6.24100299999993, -94.3150100708008
6.2439706666666, -94.4281845092773
6.24693833333326, -94.5420989990234
6.24990599999993, -94.6604309082031
6.2528736666666, -94.7838973999023
6.25584133333326, -94.9095687866211
6.25880899999993, -95.041862487793
6.2617766666666, -95.1756210327148
6.26474433333326, -95.3137893676758
6.26771199999993, -95.4578323364258
6.2706796666666, -95.6011428833008
6.27364733333326, -95.7496032714844
6.27661499999993, -95.8965911865234
6.2795826666666, -96.045783996582
6.28255033333326, -96.1986465454102
6.28551799999993, -96.3449020385742
6.2884856666666, -96.4889526367188
6.29145333333326, -96.6263809204102
6.29442099999993, -96.759407043457
6.2973886666666, -96.8894882202148
6.30035633333326, -97.0048751831055
6.30332399999993, -97.1107025146484
6.3062916666666, -97.2025756835938
6.30925933333326, -97.2819442749023
6.31222699999993, -97.3495635986328
6.3151946666666, -97.401008605957
6.31816233333326, -97.4377517700195
6.32112999999993, -97.4575958251953
6.3240976666666, -97.4509811401367
6.32706533333326, -97.4267272949219
6.33003299999993, -97.3892440795898
6.3330006666666, -97.3392715454102
6.33596833333326, -97.2768020629883
6.33893599999993, -97.2003707885742
6.3419036666666, -97.117317199707
6.34487133333326, -97.0254516601563
6.34783899999993, -96.9269714355469
6.3508066666666, -96.8211441040039
6.35377433333326, -96.7064895629883
6.35674199999993, -96.5903701782227
6.3597096666666, -96.4683685302734
6.36267733333326, -96.3449020385742
6.36564499999993, -96.2162857055664
6.3686126666666, -96.0869369506836
6.37158033333326, -95.9561233520508
6.37454799999993, -95.8216247558594
6.3775156666666, -95.688606262207
6.38048333333326, -95.5511703491211
6.38345099999993, -95.4152069091797
6.3864186666666, -95.2785110473633
6.38938633333326, -95.1373977661133
6.39235399999993, -94.9984970092773
6.3953216666666, -94.8551864624023
6.39828933333326, -94.7133407592773
6.40125699999993, -94.5700302124023
6.4042246666666, -94.4223098754883
6.40719233333326, -94.2753219604492
6.41015999999993, -94.1239242553711
6.4131276666666, -93.973258972168
6.41609533333326, -93.8203964233398
6.41906299999993, -93.6623840332031
6.4220306666666, -93.5051040649414
6.42499833333326, -93.3426895141602
6.42796599999993, -93.1809997558594
6.4309336666666, -93.0171127319336
6.43390133333326, -92.8488082885742
6.43686899999993, -92.6812438964844
6.4398366666666, -92.5085296630859
6.44280433333326, -92.3380279541016
6.44577199999993, -92.1660537719727
6.44873966666659, -91.9904022216797
6.45170733333326, -91.8169555664063
6.45467499999993, -91.6391067504883
6.45764266666659, -91.4641876220703
6.46061033333326, -91.2892761230469
6.46357799999993, -91.1114196777344
6.46654566666659, -90.9372406005859
6.46951333333326, -90.7601165771484
6.47248099999993, -90.5866775512695
6.47544866666659, -90.4146957397461
6.47841633333326, -90.2405166625977
6.48138399999993, -90.0714874267578
6.48435166666659, -89.9002456665039
6.48731933333326, -89.7341461181641
6.49028699999993, -89.5702590942383
6.49325466666659, -89.405632019043
6.49622233333326, -89.2461471557617
6.49918999999993, -89.0859375
6.50215766666659, -88.9308624267578
6.50512533333326, -88.7787322998047
6.50809299999993, -88.6266021728516
6.51106066666659, -88.4796142578125
6.51402833333326, -88.3333587646484
6.51699599999993, -88.192253112793
6.51996366666659, -88.054817199707
6.52293133333326, -87.9173812866211
6.52589899999993, -87.7858276367188
6.52886666666659, -87.6550140380859
6.53183433333326, -87.5293350219727
6.53480199999993, -87.407341003418
6.53776966666659, -87.2860717773438
6.54073733333326, -87.1706924438477
6.54370499999993, -87.056037902832
6.54667266666659, -86.947265625
6.54964033333326, -86.841438293457
6.55260799999993, -86.7370758056641
6.55557566666659, -86.6385955810547
6.55854333333326, -86.5408477783203
6.56151099999993, -86.4489822387695
6.56447866666659, -86.3585815429688
6.56744633333326, -86.2733306884766
6.57041399999993, -86.1917572021484
6.57338166666659, -86.1123809814453
6.57634933333326, -86.0374145507813
6.57931699999993, -85.9646606445313
6.58228466666659, -85.8963088989258
6.58525233333326, -85.8309020996094
6.58821999999993, -85.7684326171875
6.59118766666659, -85.7096328735352
6.59415533333326, -85.6530456542969
6.59712299999993, -85.6008682250977
6.60009066666659, -85.5516204833984
6.60305833333326, -85.5045852661133
6.60602599999993, -85.4612274169922
6.60899366666659, -85.4193344116211
6.61196133333326, -85.3818511962891
6.61492899999993, -85.3465805053711
6.61789666666659, -85.3135070800781
6.62086433333326, -85.2833709716797
6.62383199999993, -85.2547073364258
6.62679966666659, -85.2289886474609
6.62976733333326, -85.2047348022461
6.63273499999993, -85.1826858520508
6.63570266666659, -85.162841796875
6.63867033333326, -85.1444702148438
6.64163799999993, -85.128303527832
6.64460566666659, -85.1136016845703
6.64757333333326, -85.0996398925781
6.65054099999993, -85.0878829956055
6.65350866666659, -85.0768585205078
6.65647633333326, -85.0680389404297
6.65944399999993, -85.0599517822266
6.66241166666659, -85.052604675293
6.66537933333326, -85.0467224121094
6.66834699999993, -85.0415802001953
6.67131466666659, -85.0379028320313
6.67428233333326, -85.0349655151367
6.67724999999993, -85.0327606201172
6.68021766666659, -85.0320205688477
6.68318533333326, -85.0320205688477
6.68615299999993, -85.0320205688477
6.68912066666659, -85.0334930419922
6.69208833333326, -85.0349655151367
6.69505599999993, -85.0379028320313
6.69802366666659, -85.0415802001953
6.70099133333326, -85.0467224121094
6.70395899999993, -85.052604675293
6.70692666666659, -85.058479309082
6.70989433333326, -85.0665664672852
6.71286199999993, -85.0746536254883
6.71582966666659, -85.0834732055664
6.71879733333326, -85.0930252075195
6.72176499999992, -85.1033096313477
6.72473266666659, -85.1150741577148
6.72770033333326, -85.1268310546875
6.73066799999993, -85.1393280029297
6.73363566666659, -85.1518173217773
6.73660333333326, -85.1643142700195
6.73957099999993, -85.1782760620117
6.74253866666659, -85.1922378540039
6.74550633333326, -85.2054672241211
6.74847399999993, -85.2194366455078
6.75144166666659, -85.2326583862305
6.75440933333326, -85.2466278076172
6.75737699999992, -85.2598571777344
6.76034466666659, -85.2730865478516
6.76331233333326, -85.2848434448242
6.76627999999992, -85.2966003417969
6.76924766666659, -85.3068923950195
6.77221533333326, -85.3164443969727
6.77518299999992, -85.3252639770508
6.77815066666659, -85.3318786621094
6.78111833333326, -85.337760925293
6.78408599999992, -85.342170715332
6.78705366666659, -85.3451080322266
6.79002133333326, -85.3458404541016
6.79298899999992, -85.343635559082
6.79595666666659, -85.339225769043
6.79892433333326, -85.3340835571289
6.80189199999992, -85.3259963989258
6.80485966666659, -85.3164443969727
6.80782733333326, -85.3046875
6.81079499999992, -85.2914581298828
6.81376266666659, -85.2760238647461
6.81673033333326, -85.2583847045898
6.81969799999992, -85.2392730712891
6.82266566666659, -85.2172317504883
6.82563333333326, -85.1944427490234
6.82860099999992, -85.1701889038086
6.83156866666659, -85.1437377929688
6.83453633333326, -85.1158065795898
6.83750399999992, -85.0856781005859
6.84047166666659, -85.0548095703125
6.84343933333326, -85.0224685668945
6.84640699999992, -84.9886627197266
6.84937466666659, -84.9541244506836
6.85234233333326, -84.9173736572266
6.85530999999992, -84.8806304931641
6.85827766666659, -84.843147277832
6.86124533333326, -84.8034591674805
6.86421299999992, -84.7645034790039
6.86718066666659, -84.7240829467773
6.87014833333326, -84.6829299926758
6.87311599999992, -84.6417694091797
6.87608366666659, -84.5998840332031
6.87905133333326, -84.558723449707
6.88201899999992, -84.5160980224609
6.88498666666659, -84.4749450683594
6.88795433333326, -84.4330520629883
6.89092199999992, -84.3911590576172
6.89388966666659, -84.3500061035156
6.89685733333326, -84.3088455200195
6.89982499999992, -84.268424987793
6.90279266666659, -84.2280044555664
6.90576033333326, -84.1883163452148
6.90872799999992, -84.1493682861328
6.91169566666659, -84.1104125976563
6.91466333333326, -84.0729293823242
6.91763099999992, -84.0361862182617
6.92059866666659, -84.0001754760742
6.92356633333326, -83.9656295776367
6.92653399999992, -83.9310913085938
6.92950166666659, -83.8987503051758
6.93246933333326, -83.8671493530273
6.93543699999992, -83.8362808227539
6.93840466666659, -83.8076171875
6.94137233333326, -83.7804260253906
6.94433999999992, -83.7539672851563
6.94730766666659, -83.7297134399414
6.95027533333326, -83.7061996459961
6.95324299999992, -83.6856231689453
6.95621066666659, -83.6650390625
6.95917833333326, -83.6473999023438
6.96214599999992, -83.630500793457
6.96511366666659, -83.6165390014648
6.96808133333326, -83.6040420532227
6.97104899999992, -83.593017578125
6.97401666666659, -83.5841979980469
6.97698433333326, -83.5768508911133
6.97995199999992, -83.5717086791992
6.98291966666659, -83.5695037841797
6.98588733333326, -83.5680313110352
6.98885499999992, -83.5680313110352
6.99182266666659, -83.5695037841797
6.99479033333326, -83.5731735229492
6.99775799999992, -83.5783233642578
7.00072566666659, -83.5864028930664
7.00369333333326, -83.5966949462891
7.00666099999992, -83.6091842651367
7.00962866666659, -83.6238861083984
7.01259633333326, -83.6400527954102
7.01556399999992, -83.6591644287109
7.01853166666659, -83.6804733276367
7.02149933333326, -83.7039947509766
7.02446699999992, -83.7297134399414
7.02743466666659, -83.7569122314453
7.03040233333325, -83.7870407104492
7.03336999999992, -83.8201141357422
7.03633766666659, -83.8539199829102
7.03930533333325, -83.8906707763672
7.04227299999992, -83.9288864135742
7.04524066666659, -83.9685745239258
7.04820833333326, -84.0104598999023
7.05117599999992, -84.053825378418
7.05414366666659, -84.0993881225586
7.05711133333326, -84.1449584960938
7.06007899999992, -84.1919937133789
7.06304666666659, -84.2404937744141
7.06601433333325, -84.2890014648438
7.06898199999992, -84.338981628418
7.07194966666659, -84.3882217407227
7.07491733333325, -84.4367218017578
7.07788499999992, -84.486701965332
7.08085266666659, -84.5352096557617
7.08382033333325, -84.5829772949219
7.08678799999992, -84.629280090332
7.08975566666659, -84.6733779907227
7.09272333333325, -84.7174682617188
7.09569099999992, -84.7586288452148
7.09865866666659, -84.7983169555664
7.10162633333325, -84.8343276977539
7.10459399999992, -84.8674011230469
7.10756166666659, -84.8982620239258
7.11052933333325, -84.9261932373047
7.11349699999992, -84.9504470825195
7.11646466666659, -84.9702911376953
7.11943233333325, -84.987190246582
7.12239999999992, -85.0004196166992
7.12536766666659, -85.0092391967773
7.12833533333325, -85.0143890380859
7.13130299999992, -85.0121841430664
7.13427066666659, -85.0040969848633
7.13723833333325, -84.9930725097656
7.14020599999992, -84.9776382446289
7.14317366666659, -84.9592666625977
7.14614133333325, -84.9364852905273
7.14910899999992, -84.910026550293
7.15207666666659, -84.8806304931641
7.15504433333325, -84.8475570678711
7.15801199999992, -84.8122787475586
7.16097966666659, -84.7740631103516
7.16394733333325, -84.734375
7.16691499999992, -84.6917495727539
7.16988266666659, -84.6476516723633
7.17285033333325, -84.6028213500977
7.17581799999992, -84.5557861328125
7.17878566666659, -84.5087509155273
7.18175333333325, -84.4609756469727
7.18472099999992, -84.4124755859375
7.18768866666659, -84.3647003173828
7.19065633333325, -84.3161926269531
7.19362399999992, -84.269157409668
7.19659166666659, -84.2228622436523
7.19955933333325, -84.1765594482422
7.20252699999992, -84.1331939697266
7.20549466666659, -84.09130859375
7.20846233333325, -84.0508804321289
7.21142999999992, -84.0126647949219
7.21439766666659, -83.9759216308594
7.21736533333325, -83.9428482055664
7.22033299999992, -83.911247253418
7.22330066666659, -83.8825836181641
7.22626833333325, -83.8568572998047
7.22923599999992, -83.8333435058594
7.23220366666659, -83.8134994506836
7.23517133333325, -83.7965927124023
7.23813899999992, -83.7826309204102
7.24110666666659, -83.7716064453125
7.24407433333325, -83.7627868652344
7.24704199999992, -83.7576446533203
7.25000966666659, -83.7554397583008
7.25297733333325, -83.7554397583008
7.25594499999992, -83.7561721801758
7.25891266666659, -83.7598495483398
7.26188033333325, -83.7664642333984
7.26484799999992, -83.7752838134766
7.26781566666659, -83.7870407104492
7.27078333333325, -83.8010025024414
7.27375099999992, -83.8179092407227
7.27671866666659, -83.8370208740234
7.27968633333325, -83.8575973510742
7.28265399999992, -83.8811111450195
7.28562166666659, -83.9061050415039
7.28858933333325, -83.9340286254883
7.29155699999992, -83.9634246826172
7.29452466666659, -83.9935607910156
7.29749233333325, -84.0266342163086
7.30045999999992, -84.0611724853516
7.30342766666659, -84.0971832275391
7.30639533333325, -84.1346664428711
7.30936299999992, -84.1736145019531
7.31233066666659, -84.2147750854492
7.31529833333325, -84.2566680908203
7.31826599999992, -84.3000259399414
7.32123366666659, -84.3455963134766
7.32420133333325, -84.3918914794922
7.32716899999992, -84.4403991699219
7.33013666666659, -84.4889068603516
7.33310433333325, -84.5396194458008
7.33607199999992, -84.592529296875
7.33903966666658, -84.6461791992188
7.34200733333325, -84.7035064697266
7.34497499999992, -84.7608337402344
7.34794266666658, -84.8210983276367
7.35091033333325, -84.8820953369141
7.35387799999992, -84.9453048706055
7.35684566666658, -85.0121841430664
7.35981333333325, -85.0805282592773
7.36278099999992, -85.1518173217773
7.36574866666659, -85.2245788574219
7.36871633333325, -85.3002777099609
7.37168399999992, -85.3803863525391
7.37465166666658, -85.4619598388672
7.37761933333325, -85.5479507446289
7.38058699999992, -85.6354064941406
7.38355466666658, -85.7265396118164
7.38652233333325, -85.8220825195313
7.38948999999992, -85.9190902709961
7.39245766666658, -86.0212478637695
7.39542533333325, -86.1256103515625
7.39839299999992, -86.23291015625
7.40136066666658, -86.3460922241211
7.40432833333325, -86.4607391357422
7.40729599999992, -86.5812683105469
7.41026366666658, -86.7025375366211
7.41323133333325, -86.8267364501953
7.41619899999992, -86.9575576782227
7.41916666666658, -87.08837890625
7.42213433333325, -87.2243423461914
7.42510199999992, -87.3610382080078
7.42806966666658, -87.4992065429688
7.43103733333325, -87.6432571411133
7.43400499999992, -87.7873001098633
7.43697266666658, -87.9357604980469
7.43994033333325, -88.0820083618164
7.44290799999992, -88.229736328125
7.44587566666658, -88.3818664550781
7.44884333333325, -88.5317916870117
7.45181099999992, -88.6853942871094
7.45477866666658, -88.834587097168
7.45774633333325, -88.9837799072266
7.46071399999992, -89.1351776123047
7.46368166666658, -89.2836303710938
7.46664933333325, -89.4328231811523
7.46961699999992, -89.5768737792969
7.47258466666658, -89.7179794311523
7.47555233333325, -89.8598251342773
7.47851999999992, -89.9965209960938
7.48148766666658, -90.1324844360352
7.48445533333325, -90.261833190918
7.48742299999992, -90.3867721557617
7.49039066666658, -90.5109786987305
7.49335833333325, -90.6278305053711
7.49632599999992, -90.7417449951172
7.49929366666658, -90.8483123779297
7.50226133333325, -90.9497299194336
7.50522899999992, -91.046745300293
7.50819666666658, -91.1371383666992
7.51116433333325, -91.2223968505859
7.51413199999992, -91.299560546875
7.51709966666658, -91.3701171875
7.52006733333325, -91.4355239868164
7.52303499999992, -91.4928512573242
7.52600266666658, -91.5442962646484
7.52897033333325, -91.5883941650391
7.53193799999992, -91.6251373291016
7.53490566666658, -91.6552734375
7.53787333333325, -91.6787872314453
7.54084099999992, -91.6949615478516
7.54380866666658, -91.7045135498047
7.54677633333325, -91.7037811279297
7.54974399999992, -91.693489074707
7.55271166666658, -91.6773223876953
7.55567933333325, -91.656005859375
7.55864699999992, -91.6288146972656
7.56161466666658, -91.5964736938477
7.56458233333325, -91.5589981079102
7.56754999999992, -91.5163726806641
7.57051766666658, -91.4715347290039
7.57348533333325, -91.4222946166992
7.57645299999992, -91.3701171875
7.57942066666658, -91.3142623901367
7.58238833333325, -91.2554626464844
7.58535599999992, -91.1974029541016
7.58832366666658, -91.1356735229492
7.59129133333325, -91.0746688842773
7.59425899999992, -91.0121994018555
7.59722666666658, -90.9489974975586
7.60019433333325, -90.8880004882813
7.60316199999992, -90.8269958496094
7.60612966666658, -90.7689361572266
7.60909733333325, -90.7116165161133
7.61206499999992, -90.65576171875
7.61503266666658, -90.6043090820313
7.61800033333325, -90.5550689697266
7.62096799999992, -90.5102386474609
7.62393566666658, -90.4683456420898
7.62690333333325, -90.4301300048828
7.62987099999992, -90.3985290527344
7.63283866666658, -90.37060546875
7.63580633333325, -90.3485565185547
7.63877399999992, -90.3316497802734
7.64174166666658, -90.3198928833008
7.64470933333325, -90.3154830932617
