% Measurement ID: 3420
% Mode ID: 1
% Date and time: 2020-02-04 09:55:14
% Sample ID: PSE2-76-11
% Measurement type: ringdown
% Frequency [Hz]: 9817.0
% Quality factor: 6052.334664305858
% Temperature [K]: 293.0
% Pressure [mBar]: 3.96e-08
% Notes: 
% 
%
% measurement data
% time [s], power [dBm]
0.0, 9.710887
0.008411214953271028, 9.813427
0.016822429906542057, 9.847606
0.025233644859813085, 9.847606
0.03364485981308411, 9.813427
0.042056074766355145, 9.789012
0.05046728971962617, 9.798778
0.058878504672897194, 9.78413
0.06728971962616823, 9.764598
0.07570093457943926, 9.691356
0.08411214953271029, 9.666942
0.09252336448598131, 9.681591
0.10093457943925234, 9.681591
0.10934579439252337, 9.642528
0.11775700934579439, 9.583934
0.12616822429906543, 9.598583
0.13457943925233645, 9.618114
0.14299065420560747, 9.622997
0.15140186915887852, 9.618114
0.15981308411214953, 9.598583
0.16822429906542058, 9.657177
0.1766355140186916, 9.71577
0.18504672897196262, 9.730419
0.19345794392523366, 9.725536
0.20186915887850468, 9.666942
0.2102803738317757, 9.686473
0.21869158878504674, 9.720653
0.22710280373831776, 9.720653
0.23551401869158878, 9.710887
0.24392523364485982, 9.652294
0.25233644859813087, 9.676708
0.2607476635514019, 9.681591
0.2691588785046729, 9.662059
0.2775700934579439, 9.608348
0.28598130841121494, 9.544872
0.294392523364486, 9.608348
0.30280373831775703, 9.642528
0.31121495327102805, 9.652294
0.31962616822429907, 9.598583
0.3280373831775701, 9.598583
0.33644859813084116, 9.632762
0.3448598130841122, 9.642528
0.3532710280373832, 9.637645
0.3616822429906542, 9.603466
0.37009345794392523, 9.603466
0.37850467289719625, 9.637645
0.3869158878504673, 9.652294
0.39532710280373834, 9.637645
0.40373831775700936, 9.598583
0.4121495327102804, 9.642528
0.4205607476635514, 9.681591
0.42897196261682247, 9.710887
0.4373831775700935, 9.706005
0.4457943925233645, 9.642528
0.4542056074766355, 9.642528
0.46261682242990654, 9.662059
0.47102803738317756, 9.671825
0.47943925233644863, 9.652294
0.48785046728971965, 9.588817
0.49626168224299066, 9.55952
0.5046728971962617, 9.55952
0.5130841121495328, 9.549755
0.5214953271028038, 9.505809
0.5299065420560748, 9.417919
0.5383177570093458, 9.427684
0.5467289719626168, 9.505809
0.5551401869158878, 9.554637
0.5635514018691589, 9.539989
0.5719626168224299, 9.569286
0.5803738317757009, 9.642528
0.588785046728972, 9.666942
0.597196261682243, 9.671825
0.6056074766355141, 9.603466
0.6140186915887851, 9.55952
0.6224299065420561, 9.496044
0.6308411214953271, 9.505809
0.6392523364485981, 9.500927
0.6476635514018692, 9.413036
0.6560747663551402, 9.476512
0.6644859813084112, 9.549755
0.6728971962616823, 9.613231
0.6813084112149533, 9.613231
0.6897196261682244, 9.588817
0.6981308411214954, 9.632762
0.7065420560747664, 9.676708
0.7149532710280374, 9.701122
0.7233644859813084, 9.701122
0.7317757009345794, 9.632762
0.7401869158878505, 9.632762
0.7485981308411215, 9.662059
0.7570093457943925, 9.671825
0.7654205607476636, 9.662059
0.7738317757009346, 9.62788
0.7822429906542057, 9.681591
0.7906542056074767, 9.740184
0.7990654205607477, 9.740184
0.8074766355140187, 9.706005
0.8158878504672897, 9.632762
0.8242990654205608, 9.662059
0.8327102803738318, 9.671825
0.8411214953271028, 9.662059
0.8495327102803738, 9.588817
0.8579439252336449, 9.530223
0.866355140186916, 9.579052
0.874766355140187, 9.608348
0.883177570093458, 9.622997
0.891588785046729, 9.769481
0.9, 9.764598
0.908411214953271, 9.530223
0.9168224299065421, 9.222606
0.9252336448598131, 8.895458
0.9336448598130841, 8.509716
0.9420560747663551, 8.148387
0.9504672897196262, 7.835887
0.9588785046728973, 7.508739
0.9672897196261683, 7.157177
0.9757009345794393, 6.800731
0.9841121495327103, 6.429637
0.9925233644859813, 6.087841
1.0009345794392523, 5.72163
1.0093457943925235, 5.331005
1.0177570093457944, 4.94038
1.0261682242990655, 4.510692
1.0345794392523364, 4.110302
1.0429906542056075, 3.709911
1.0514018691588785, 3.319286
1.0598130841121496, 2.938427
1.0682242990654205, 2.611278
1.0766355140186916, 2.293895
1.0850467289719627, 1.864208
1.0934579439252337, 1.444286
1.1018691588785048, 1.039012
1.1102803738317757, 0.7851062
1.1186915887850468, 0.4433094
1.1271028037383177, 0.04291875
1.1355140186915889, -0.328175
1.1439252336448598, -0.7090344
1.152336448598131, -1.050831
1.1607476635514018, -1.397511
1.169158878504673, -1.832081
1.177570093457944, -2.256886
1.185981308411215, -2.588917
1.194392523364486, -2.945363
1.202803738317757, -3.311573
1.2112149532710281, -3.648488
1.219626168224299, -4.058644
1.2280373831775702, -4.546925
1.236448598130841, -4.791066
1.2448598130841122, -4.966847
1.253271028037383, -5.523488
1.2616822429906542, -5.870167
1.2700934579439254, -6.168019
1.2785046728971963, -6.490284
1.2869158878504674, -7.032277
1.2953271028037383, -7.383839
1.3037383177570094, -7.584034
1.3121495327102803, -7.891652
1.3205607476635515, -7.994191
1.3289719626168224, -8.326222
1.3373831775700935, -8.5313
1.3457943925233646, -8.838917
1.3542056074766355, -9.439503
1.3626168224299067, -9.830128
1.3710280373831776, -10.22075
1.3794392523364487, -10.86528
1.3878504672897196, -11.18267
1.3962616822429907, -11.4854
1.4046728971962616, -11.72466
1.4130841121495328, -12.04693
1.4214953271028037, -12.29107
1.4299065420560748, -12.29107
1.438317757009346, -12.73052
1.4467289719626168, -13.57525
1.455140186915888, -14.21001
1.4635514018691589, -14.64946
1.47196261682243, -15.10357
1.480373831775701, -15.14263
1.488785046728972, -15.29888
1.497196261682243, -15.7188
1.505607476635514, -15.89458
1.514018691588785, -16.63189
1.5224299065420561, -17.15435
1.5308411214953273, -17.67681
1.5392523364485982, -18.419
1.5476635514018693, -18.16997
1.5560747663551402, -18.46294
1.5644859813084113, -18.59966
1.5728971962616822, -18.90239
1.5813084112149534, -19.42974
1.5897196261682243, -20.21587
1.5981308411214954, -20.50396
1.6065420560747663, -21.3438
1.6149532710280374, -22.60357
1.6233644859813086, -22.74028
1.6317757009345795, -23.55083
1.6401869158878506, -23.72173
1.6485981308411215, -25.35747
1.6570093457943926, -26.39751
1.6654205607476635, -27.58403
1.6738317757009347, -29.44439
1.6822429906542056, -27.52056
1.6906542056074767, -27.12993
1.6990654205607476, -26.83696
1.7074766355140187, -26.73443
1.7158878504672899, -27.32525
1.7242990654205608, -27.44243
1.732710280373832, -26.58306
1.7411214953271028, -25.919
1.749532710280374, -25.92388
1.7579439252336448, -25.49419
1.766355140186916, -25.59673
1.7747663551401869, -24.93267
1.783177570093458, -22.98443
1.791588785046729, -22.54985
1.8, -22.96978
1.8084112149532712, -22.97466
1.816822429906542, -22.97954
1.8252336448598132, -24.72271
1.8336448598130841, -25.89458
1.8420560747663552, -27.57427
1.8504672897196262, -28.5313
1.8588785046728973, -30.04985
1.8672897196261682, -34.16118
1.8757009345794393, -30.75786
1.8841121495327102, -29.98638
1.8925233644859814, -29.34185
1.9009345794392525, -29.07329
1.9093457943925234, -27.72075
1.9177570093457945, -27.06157
1.9261682242990654, -27.22271
1.9345794392523366, -27.4522
1.9429906542056075, -29.41021
1.9514018691588786, -29.45903
1.9598130841121495, -29.72759
1.9682242990654206, -33.27251
1.9766355140186918, -32.10552
1.9850467289719627, -32.12017
1.9934579439252338, -40.87505
2.0018691588785047, -41.30474
2.0102803738317756, -42.04693
2.018691588785047, -32.69634
2.027102803738318, -32.10552
2.0355140186915888, -33.44341
2.0439252336448597, -33.54595
2.052336448598131, -43.09185
2.060747663551402, -38.43853
2.069158878504673, -36.77349
2.077570093457944, -35.63579
2.085981308411215, -37.15923
2.094392523364486, -37.20318
2.102803738317757, -33.99028
2.1112149532710283, -31.53423
2.119626168224299, -32.76958
2.12803738317757, -36.00689
2.136448598130841, -35.16216
2.1448598130841123, -31.96392
2.1532710280373832, -32.48638
2.161682242990654, -32.63775
2.1700934579439255, -31.56353
2.1785046728971964, -29.29302
2.1869158878504673, -28.54595
2.195327102803738, -28.16997
2.2037383177570096, -29.57134
2.2121495327102805, -29.58599
2.2205607476635514, -30.5772
2.2289719626168223, -34.34185
2.2373831775700936, -37.97466
2.2457943925233645, -37.51079
2.2542056074766355, -35.46489
2.262616822429907, -35.44048
2.2710280373831777, -35.72857
2.2794392523364486, -37.88677
2.2878504672897195, -36.82232
2.296261682242991, -36.64165
2.304672897196262, -39.17583
2.3130841121495327, -38.88775
2.3214953271028036, -32.68657
2.329906542056075, -32.39849
2.338317757009346, -32.06646
2.3467289719626168, -27.38384
2.355140186915888, -25.47466
2.363551401869159, -24.22954
2.37196261682243, -24.03911
2.380373831775701, -24.91802
2.388785046728972, -24.86919
2.397196261682243, -24.85454
2.405607476635514, -24.86919
2.414018691588785, -25.30376
2.4224299065420563, -27.46685
2.430841121495327, -28.3311
2.439252336448598, -30.95806
2.4476635514018694, -30.8311
2.4560747663551403, -31.01177
2.4644859813084112, -30.33794
2.472897196261682, -32.54497
2.4813084112149535, -32.50591
2.4897196261682244, -32.01763
2.4981308411214953, -28.71196
2.506542056074766, -28.74126
2.5149532710280376, -27.55962
2.5233644859813085, -27.36431
2.5317757009345794, -28.28716
2.5401869158878507, -29.5811
2.5485981308411216, -29.85454
2.5570093457943925, -31.37798
2.5654205607476634, -33.62896
2.573831775700935, -36.51958
2.5822429906542057, -43.68755
2.5906542056074766, -39.73247
2.5990654205607475, -40.11333
2.607476635514019, -45.35259
2.6158878504672898, -40.95318
2.6242990654205607, -38.69243
2.632710280373832, -35.03032
2.641121495327103, -33.1065
2.649532710280374, -32.21294
2.6579439252336448, -30.72368
2.666355140186916, -28.64849
2.674766355140187, -28.66802
2.683177570093458, -28.79985
2.6915887850467293, -30.04985
2.7, -29.51763
2.708411214953271, -29.60064
2.716822429906542, -29.21001
2.7252336448598133, -29.91802
2.7336448598130842, -29.02446
2.742056074766355, -28.43364
2.750467289719626, -27.46196
2.7588785046728974, -27.68169
2.7672897196261683, -29.31255
2.7757009345794392, -30.00591
2.7841121495327106, -31.52446
2.7925233644859815, -32.63775
2.8009345794392524, -32.63286
2.8093457943925233, -35.93853
2.8177570093457946, -32.10552
2.8261682242990656, -32.12017
2.8345794392523365, -32.67193
2.8429906542056074, -31.71001
2.8514018691588787, -31.63189
2.8598130841121496, -31.31939
2.8682242990654205, -31.54888
2.876635514018692, -33.70708
2.885046728971963, -34.7813
2.8934579439252337, -32.69634
2.9018691588785046, -32.9063
2.910280373831776, -36.63189
2.918691588785047, -36.627
2.9271028037383178, -35.36724
2.9355140186915887, -33.16509
2.94392523364486, -33.56548
2.952336448598131, -39.50298
2.960747663551402, -37.78911
2.969158878504673, -39.03423
2.977570093457944, -36.3731
2.985981308411215, -34.04888
2.994392523364486, -36.1436
3.0028037383177573, -41.04595
3.011214953271028, -44.11724
3.019626168224299, -43.40435
3.02803738317757, -42.09087
3.0364485981308413, -42.04204
3.0448598130841122, -47.50591
3.053271028037383, -39.87896
3.0616822429906545, -34.68364
3.0700934579439254, -33.75103
3.0785046728971963, -32.36431
3.086915887850467, -30.92388
3.0953271028037386, -30.69439
3.1037383177570095, -30.65044
3.1121495327102804, -31.87114
3.1205607476635513, -31.52446
3.1289719626168226, -32.07622
3.1373831775700936, -30.63579
3.1457943925233645, -30.13286
3.154205607476636, -29.80083
3.1626168224299067, -30.05962
3.1710280373831776, -32.06646
3.1794392523364485, -32.45708
3.18785046728972, -32.47173
3.196261682242991, -30.87017
3.2046728971962617, -30.93364
3.2130841121495326, -35.08403
3.221495327102804, -35.46001
3.229906542056075, -31.94927
3.2383177570093458, -30.51372
3.246728971962617, -29.752
3.255140186915888, -30.04009
3.263551401869159, -31.93462
3.27196261682243, -30.95806
3.280373831775701, -30.94341
3.288785046728972, -35.0645
3.297196261682243, -36.2315
3.305607476635514, -35.66997
3.3140186915887853, -35.82622
3.322429906542056, -32.25689
3.330841121495327, -29.76665
3.3392523364485984, -29.47857
3.3476635514018693, -29.57134
3.3560747663551402, -30.25005
3.364485981308411, -31.71489
3.3728971962616825, -32.36919
3.3813084112149534, -37.30083
3.3897196261682243, -36.98345
3.398130841121495, -39.15142
3.4065420560747666, -38.50689
3.4149532710280375, -33.86333
3.4233644859813084, -32.07622
3.4317757009345797, -32.05181
3.4401869158878506, -33.30181
3.4485981308411215, -33.90239
3.4570093457943925, -33.52153
3.465420560747664, -34.9229
3.4738317757009347, -34.32232
3.4822429906542056, -32.21782
3.4906542056074765, -32.1104
3.499065420560748, -31.89556
3.507476635514019, -32.78423
3.5158878504672897, -29.81548
3.524299065420561, -29.55669
3.532710280373832, -30.95318
3.541121495327103, -30.71392
3.5495327102803738, -31.31939
3.557943925233645, -31.88579
3.566355140186916, -34.05376
3.574766355140187, -35.93853
3.583177570093458, -37.78911
3.591588785046729, -32.94536
3.6, -31.90044
3.608411214953271, -31.14849
3.6168224299065423, -29.127
3.6252336448598133, -28.66802
3.633644859813084, -28.81939
3.642056074766355, -28.77544
3.6504672897196264, -28.24321
3.6588785046728973, -27.22271
3.6672897196261682, -25.31841
3.675700934579439, -23.71196
3.6841121495327105, -22.14458
3.6925233644859814, -21.63677
3.7009345794392523, -22.07622
3.7093457943925237, -22.6231
3.7177570093457946, -22.93071
3.7261682242990655, -23.16997
3.7345794392523364, -24.03423
3.7429906542056077, -24.67388
3.7514018691588786, -24.49321
3.7598130841121495, -25.53325
3.7682242990654204, -26.49028
3.776635514018692, -27.91118
3.7850467289719627, -27.88189
3.7934579439252336, -29.1856
3.801869158878505, -29.1856
3.810280373831776, -31.2315
3.8186915887850468, -30.25982
3.8271028037383177, -32.92583
3.835514018691589, -33.03814
3.84392523364486, -32.41314
3.852336448598131, -32.95513
3.860747663551402, -32.28618
3.869158878504673, -31.98345
3.877570093457944, -29.14653
3.885981308411215, -28.1895
3.8943925233644863, -29.16118
3.902803738317757, -31.60259
3.911214953271028, -37.12505
3.919626168224299, -36.15825
3.9280373831775703, -34.21001
3.9364485981308412, -34.50298
3.944859813084112, -33.79009
3.9532710280373835, -33.83892
3.9616822429906544, -32.93071
3.9700934579439253, -32.85747
3.9785046728971962, -33.55083
3.9869158878504676, -33.20903
3.9953271028037385, -33.69243
4.003738317757009, -31.49517
4.01214953271028, -31.49028
4.020560747663551, -32.49614
4.028971962616822, -31.8272
4.037383177570094, -30.15239
4.045794392523365, -29.41509
4.054205607476636, -29.47857
4.062616822429907, -28.58501
4.0710280373831775, -27.68657
4.079439252336448, -26.8565
4.087850467289719, -27.27642
4.096261682242991, -28.52153
4.104672897196262, -28.52642
4.113084112149533, -27.17876
4.121495327102804, -25.90435
4.129906542056075, -25.83599
4.138317757009346, -28.20415
4.146728971962617, -27.83306
4.155140186915888, -27.68169
4.163551401869159, -27.83794
4.17196261682243, -28.78032
4.180373831775701, -28.85845
4.188785046728972, -29.09282
4.197196261682243, -29.10259
4.205607476635514, -29.33696
4.214018691588785, -30.2647
4.2224299065420565, -30.7481
4.230841121495327, -31.44634
4.239252336448598, -30.80181
4.247663551401869, -31.40728
4.25607476635514, -32.73052
4.264485981308411, -32.26177
4.272897196261682, -31.67095
4.281308411214954, -31.21685
4.289719626168225, -30.37212
4.298130841121496, -28.74614
4.3065420560747665, -28.74614
4.314953271028037, -27.44732
4.323364485981308, -27.29595
4.331775700934579, -27.17388
4.340186915887851, -27.1397
4.348598130841122, -28.16021
4.357009345794393, -28.63384
4.365420560747664, -28.3604
4.373831775700935, -27.36919
4.3822429906542055, -27.30083
4.390654205607476, -27.71587
4.399065420560748, -27.98931
4.407476635514019, -29.28325
4.41588785046729, -29.97661
4.424299065420561, -35.49907
4.432710280373832, -37.03716
4.441121495327103, -39.23931
4.449532710280374, -39.2686
4.457943925233645, -36.2315
4.466355140186916, -35.22075
4.474766355140187, -34.56646
4.483177570093458, -33.51177
4.491588785046729, -30.37212
4.5, -30.31841
4.508411214953271, -34.41509
4.516822429906542, -37.83794
4.525233644859814, -42.33989
4.5336448598130845, -36.87114
4.542056074766355, -35.77739
4.550467289719626, -36.60747
4.558878504672897, -34.60064
4.567289719626168, -31.27056
4.575700934579439, -31.28521
4.584112149532711, -34.99614
4.592523364485982, -40.24517
4.600934579439253, -34.72271
4.609345794392524, -30.34282
4.6177570093457945, -29.36138
4.626168224299065, -29.99126
4.634579439252336, -30.46001
4.642990654205607, -32.66704
4.651401869158879, -36.46099
4.65981308411215, -34.9229
4.668224299065421, -34.97173
4.676635514018692, -33.66314
4.685046728971963, -31.94439
4.6934579439252335, -30.03521
4.701869158878504, -30.05962
4.710280373831776, -31.05571
4.718691588785047, -31.05083
4.727102803738318, -30.14263
4.735514018691589, -29.14165
4.74392523364486, -30.7188
4.752336448598131, -32.27642
4.760747663551402, -32.13482
4.7691588785046735, -31.41704
4.777570093457944, -31.54888
4.785981308411215, -29.54204
4.794392523364486, -27.94048
4.802803738317757, -26.9395
4.811214953271028, -27.26177
4.819626168224299, -26.29009
4.82803738317757, -25.91411
4.836448598130842, -25.53325
4.8448598130841125, -25.33794
4.853271028037383, -25.35259
4.861682242990654, -26.11919
4.870093457943925, -25.48931
4.878504672897196, -25.57232
4.886915887850467, -25.61626
4.895327102803739, -26.29985
4.90373831775701, -26.25103
4.912149532710281, -26.48052
4.920560747663552, -26.19732
4.9289719626168225, -27.53032
4.937383177570093, -27.61333
4.945794392523364, -27.35454
4.954205607476636, -26.8565
4.962616822429907, -25.99224
4.971028037383178, -25.21587
4.979439252336449, -25.82134
4.98785046728972, -25.4356
4.996261682242991, -24.47857
5.0046728971962615, -24.56157
5.013084112149532, -25.80669
5.021495327102804, -26.77837
5.029906542056075, -29.15142
5.038317757009346, -29.83501
5.046728971962617, -30.919
5.055140186915888, -34.44927
5.063551401869159, -34.73247
5.07196261682243, -36.85161
5.0803738317757015, -36.52446
5.088785046728972, -35.81157
5.097196261682243, -35.92876
5.105607476635514, -40.44048
5.114018691588785, -36.42193
5.122429906542056, -33.14556
5.130841121495327, -32.252
5.139252336448599, -33.66314
5.14766355140187, -38.08208
5.1560747663551405, -37.02251
5.164485981308411, -36.55376
5.172897196261682, -34.05864
5.181308411214953, -34.20513
5.189719626168224, -32.49126
5.198130841121495, -32.169
5.206542056074767, -32.73052
5.214953271028038, -31.54888
5.223364485981309, -29.53228
5.2317757009345796, -29.52251
5.2401869158878505, -31.17778
5.248598130841121, -28.2188
5.257009345794392, -28.20415
5.265420560747664, -28.2188
5.273831775700935, -28.88775
5.282242990654206, -28.51665
5.290654205607477, -28.42388
5.299065420560748, -29.22954
5.307476635514019, -29.87407
5.3158878504672895, -30.33794
5.324299065420561, -30.44536
5.332710280373832, -32.89653
5.341121495327103, -33.17974
5.349532710280374, -33.24321
5.357943925233645, -33.10161
5.366355140186916, -31.48052
5.374766355140187, -31.09966
5.3831775700934585, -28.91704
5.3915887850467294, -28.25298
5.4, -28.88286
5.408411214953271, -29.80571
5.416822429906542, -30.86528
5.425233644859813, -33.9854
5.433644859813084, -30.86528
5.442056074766355, -29.57622
5.450467289719627, -29.67876
5.458878504672898, -31.20708
5.4672897196261685, -31.3731
5.475700934579439, -34.40044
5.48411214953271, -37.54985
5.492523364485981, -47.59868
5.500934579439252, -40.18169
5.509345794392524, -40.25982
5.517757009345795, -38.02349
5.526168224299066, -33.45318
5.534579439252337, -31.69048
5.5429906542056075, -31.80278
5.5514018691588785, -30.84087
5.559813084112149, -30.44048
5.568224299065421, -31.50005
5.576635514018692, -32.00298
5.585046728971963, -32.58403
5.593457943925234, -35.01568
5.601869158878505, -33.75103
5.610280373831776, -33.65825
5.618691588785047, -35.28911
5.6271028037383175, -37.4522
5.635514018691589, -39.68364
5.64392523364486, -37.55474
5.652336448598131, -38.16509
5.660747663551402, -41.77349
5.669158878504673, -43.74126
5.677570093457944, -43.94146
5.685981308411215, -42.07134
5.6943925233644865, -38.13091
5.702803738317757, -35.38677
5.711214953271028, -33.57036
5.719626168224299, -33.43364
5.72803738317757, -34.84966
5.736448598130841, -33.94146
5.744859813084112, -33.83892
5.753271028037384, -33.39458
5.761682242990655, -31.15825
5.770093457943926, -30.00103
5.7785046728971965, -31.5147
5.786915887850467, -30.17193
5.795327102803738, -30.13286
5.803738317757009, -31.81255
5.81214953271028, -31.81743
5.820560747663552, -32.07622
5.828971962616823, -29.92778
5.837383177570094, -29.4688
5.845794392523365, -32.80376
5.8542056074766355, -32.60845
5.8626168224299064, -32.03716
5.871028037383177, -29.98638
5.879439252336449, -29.99126
5.88785046728972, -29.82525
5.896261682242991, -31.39263
5.904672897196262, -35.28911
5.913084112149533, -33.3604
5.921495327102804, -32.39849
5.929906542056075, -34.37603
5.938317757009346, -36.32915
5.946728971962617, -36.39751
5.955140186915888, -36.00689
5.963551401869159, -33.29693
5.97196261682243, -33.78521
5.980373831775701, -35.71392
5.988785046728972, -37.03228
5.997196261682243, -37.79888
6.0056074766355145, -33.27251
6.014018691588785, -33.25786
6.022429906542056, -39.9229
6.030841121495327, -41.2022
6.039252336448598, -37.03228
6.047663551401869, -35.44536
6.05607476635514, -38.15532
6.064485981308412, -33.98052
6.072897196261683, -29.08306
6.081308411214954, -27.43267
6.0897196261682245, -26.10454
6.098130841121495, -25.64068
6.106542056074766, -26.3145
6.114953271028037, -26.13384
6.123364485981309, -27.07622
6.13177570093458, -26.16802
6.140186915887851, -25.5479
6.148598130841122, -25.63579
6.157009345794393, -27.3106
6.1654205607476635, -26.97857
6.173831775700934, -27.17876
6.182242990654205, -27.08599
6.190654205607477, -26.46099
6.199065420560748, -27.2813
6.207476635514019, -27.9063
6.21588785046729, -28.22368
6.224299065420561, -27.96489
6.232710280373832, -29.25884
6.241121495327103, -29.84966
6.249532710280374, -29.76665
6.257943925233645, -29.47368
6.266355140186916, -27.46196
6.274766355140187, -26.2315
6.283177570093458, -26.76372
6.291588785046729, -29.18071
6.3, -27.33501
