% Measurement ID: 3252
% Mode ID: 1
% Date and time: 2020-02-04 10:37:10
% Sample ID: PSE2-77-33
% Measurement type: ringdown
% Frequency [Hz]: 45186.0
% Quality factor: 2371861.5711999224
% Temperature [K]: 293.0
% Pressure [mBar]: 3.96e-08
% Notes: 
% 
%
% measurement data
% time [s], power [dBm]
0.0, 14.89627
0.0801068090787717, 15.17459
0.1602136181575434, 15.2283
0.24032042723631508, 15.2283
0.3204272363150868, 15.04275
0.4005340453938585, 14.99392
0.48064085447263016, 14.94509
0.5607476635514019, 14.79861
0.6408544726301736, 14.27127
0.7209612817089452, 13.46072
0.801068090787717, 14.27615
0.8811748998664887, 14.86209
0.9612817089452603, 14.98416
1.041388518024032, 14.95486
1.1214953271028039, 14.79373
1.2016021361815754, 14.75955
1.2817089452603472, 14.6863
1.361815754339119, 14.44705
1.4419225634178905, 14.11013
1.5220293724966623, 14.08084
1.602136181575434, 14.04666
1.6822429906542056, 14.01736
1.7623497997329773, 13.98318
1.842456608811749, 13.95388
1.9225634178905207, 13.9197
2.0026702269692924, 13.88552
2.082777036048064, 13.85134
2.162883845126836, 13.81716
2.2429906542056077, 13.78787
2.323097463284379, 13.75369
2.403204272363151, 13.71462
2.4833110814419226, 13.67556
2.5634178905206944, 13.64138
2.643524699599466, 13.60232
2.723631508678238, 13.56814
2.8037383177570097, 13.52908
2.883845126835781, 13.49002
2.9639519359145527, 13.46072
3.0440587449933245, 13.41189
3.1241655540720963, 13.38259
3.204272363150868, 13.34353
3.28437917222964, 13.30447
3.364485981308411, 13.26541
3.444592790387183, 13.22634
3.5246995994659547, 13.18728
3.6048064085447264, 13.1531
3.684913217623498, 13.11404
3.76502002670227, 13.07498
3.8451268357810413, 13.0408
3.925233644859813, 13.00173
4.005340453938585, 12.96267
4.085447263017357, 12.92849
4.165554072096128, 12.88943
4.2456608811749, 12.85037
4.325767690253672, 12.81619
4.405874499332444, 12.77712
4.4859813084112155, 12.73806
4.566088117489987, 12.699
4.646194926568758, 12.65505
4.72630173564753, 12.62087
4.806408544726302, 12.58181
4.886515353805073, 12.54275
4.966622162883845, 12.4988
5.046728971962617, 12.45974
5.126835781041389, 12.42556
5.2069425901201605, 12.3865
5.287049399198932, 12.34744
5.367156208277704, 12.30349
5.447263017356476, 12.26931
5.5273698264352475, 12.23025
5.607476635514019, 12.19119
5.68758344459279, 12.15212
5.767690253671562, 12.11306
5.847797062750334, 12.07888
5.9279038718291055, 12.03982
6.008010680907877, 12.00076
6.088117489986649, 11.96658
6.168224299065421, 11.92752
6.248331108144193, 11.88845
6.328437917222964, 11.84939
6.408544726301736, 11.81033
6.488651535380508, 11.77127
6.56875834445928, 11.7322
6.648865153538051, 11.68826
6.728971962616822, 11.65408
6.809078771695594, 11.61502
6.889185580774366, 11.57107
6.969292389853138, 11.53689
7.049399198931909, 11.49783
7.129506008010681, 11.45388
7.209612817089453, 11.41482
7.289719626168225, 11.37576
7.369826435246996, 11.3367
7.449933244325768, 11.29763
7.53004005340454, 11.25369
7.610146862483312, 11.21951
7.690253671562083, 11.18045
7.770360480640854, 11.14138
7.850467289719626, 11.10232
7.930574098798398, 11.06326
8.01068090787717, 11.02908
8.090787716955942, 10.99002
8.170894526034713, 10.95095
8.251001335113484, 10.91189
8.331108144192257, 10.87283
8.411214953271028, 10.83377
8.4913217623498, 10.7947
8.571428571428571, 10.75564
8.651535380507344, 10.7117
8.731642189586115, 10.67263
8.811748998664887, 10.62869
8.891855807743658, 10.58962
8.971962616822431, 10.54568
9.052069425901202, 10.50662
9.132176234979974, 10.46267
9.212283044058745, 10.42361
9.292389853137516, 10.38455
9.372496662216289, 10.34548
9.45260347129506, 10.30642
9.532710280373832, 10.26736
9.612817089452603, 10.2283
9.692923898531376, 10.18923
9.773030707610147, 10.15505
9.85313751668892, 10.11599
9.93324432576769, 10.07693
10.013351134846463, 10.03787
10.093457943925234, 9.998805
10.173564753004007, 9.959742
10.253671562082777, 9.915797
10.333778371161548, 9.871852
10.413885180240321, 9.827906
10.493991989319092, 9.793727
10.574098798397864, 9.754664
10.654205607476635, 9.710719
10.734312416555408, 9.671656
10.814419225634179, 9.632594
10.894526034712952, 9.593531
10.974632843791722, 9.554469
11.054739652870495, 9.515406
11.134846461949266, 9.471461
11.214953271028039, 9.432398
11.29506008010681, 9.388453
11.37516688918558, 9.349391
11.455273698264353, 9.310328
11.535380507343124, 9.271266
11.615487316421897, 9.22732
11.695594125500667, 9.193141
11.77570093457944, 9.154078
11.855807743658211, 9.115016
11.935914552736984, 9.07107
12.016021361815755, 9.032008
12.096128170894527, 8.992945
12.176234979973298, 8.958766
12.25634178905207, 8.91482
12.336448598130842, 8.875758
12.416555407209612, 8.836695
12.496662216288385, 8.797633
12.576769025367156, 8.748805
12.656875834445929, 8.709742
12.7369826435247, 8.67068
12.817089452603472, 8.621852
12.897196261682243, 8.582789
12.977303070761016, 8.543727
13.057409879839787, 8.499781
13.13751668891856, 8.455836
13.21762349799733, 8.416773
13.297730307076103, 8.377711
13.377837116154874, 8.343531
13.457943925233645, 8.299586
13.538050734312417, 8.255641
13.618157543391188, 8.221461
13.69826435246996, 8.187281
13.778371161548732, 8.143336
13.858477970627504, 8.104273
13.938584779706275, 8.065211
14.018691588785048, 8.021266
14.098798397863819, 7.982203
14.178905206942591, 7.938258
14.259012016021362, 7.894312
14.339118825100135, 7.85525
14.419225634178906, 7.816187
14.499332443257677, 7.772242
14.57943925233645, 7.738062
14.65954606141522, 7.694117
14.739652870493993, 7.645289
14.819759679572764, 7.606227
14.899866488651536, 7.562281
14.979973297730307, 7.518336
15.06008010680908, 7.479273
15.14018691588785, 7.440211
15.220293724966623, 7.401148
15.300400534045394, 7.366969
15.380507343124165, 7.318141
15.460614152202938, 7.283961
15.540720961281709, 7.244898
15.620827770360481, 7.205836
15.700934579439252, 7.166773
15.781041388518025, 7.127711
15.861148197596796, 7.088648
15.941255006675568, 7.044703
16.02136181575434, 7.000758
16.10146862483311, 6.956812
16.181575433911885, 6.91775
16.261682242990656, 6.878687
16.341789052069426, 6.834742
16.421895861148197, 6.79568
16.502002670226968, 6.751734
16.582109479305743, 6.707789
16.662216288384514, 6.663844
16.742323097463284, 6.615016
16.822429906542055, 6.575953
16.90253671562083, 6.536891
16.9826435246996, 6.492945
17.06275033377837, 6.449
17.142857142857142, 6.41482
17.222963951935917, 6.370875
17.303070761014688, 6.331812
17.38317757009346, 6.29275
17.46328437917223, 6.248805
17.543391188251, 6.214625
17.623497997329775, 6.180445
17.703604806408546, 6.141383
17.783711615487316, 6.097437
17.863818424566087, 6.058375
17.943925233644862, 6.019312
18.024032042723633, 5.975367
18.104138851802404, 5.931422
18.184245660881174, 5.892359
18.26435246995995, 5.848414
18.34445927903872, 5.804469
18.42456608811749, 5.765406
18.50467289719626, 5.726344
18.584779706275032, 5.687281
18.664886515353807, 5.638453
18.744993324432578, 5.604273
18.82510013351135, 5.555445
18.90520694259012, 5.516383
18.985313751668894, 5.472437
19.065420560747665, 5.428492
19.145527369826436, 5.38943
19.225634178905207, 5.35525
19.30574098798398, 5.306422
19.385847797062752, 5.272242
19.465954606141523, 5.23318
19.546061415220294, 5.194117
19.626168224299064, 5.159937
19.70627503337784, 5.120875
19.78638184245661, 5.072047
19.86648865153538, 5.032984
19.94659546061415, 4.993922
20.026702269692926, 4.945094
20.106809078771697, 4.910914
20.186915887850468, 4.871852
20.26702269692924, 4.832789
20.347129506008013, 4.788844
20.427236315086784, 4.744898
20.507343124165555, 4.700953
20.587449933244326, 4.657008
20.667556742323097, 4.613062
20.74766355140187, 4.574
20.827770360480642, 4.525172
20.907877169559413, 4.490992
20.987983978638184, 4.45193
21.068090787716958, 4.412867
21.14819759679573, 4.368922
21.2283044058745, 4.329859
21.30841121495327, 4.285914
21.388518024032045, 4.241969
21.468624833110816, 4.207789
21.548731642189587, 4.168727
21.628838451268358, 4.129664
21.70894526034713, 4.085719
21.789052069425903, 4.036891
21.869158878504674, 3.992945
21.949265687583445, 3.949
22.029372496662216, 3.909937
22.10947930574099, 3.870875
22.18958611481976, 3.822047
22.269692923898532, 3.778102
22.349799732977303, 3.734156
22.429906542056077, 3.695094
22.510013351134848, 3.651148
22.59012016021362, 3.607203
22.67022696929239, 3.558375
22.75033377837116, 3.519312
22.830440587449935, 3.48025
22.910547396528706, 3.441187
22.990654205607477, 3.402125
23.070761014686248, 3.35818
23.150867823765022, 3.319117
23.230974632843793, 3.284937
23.311081441922564, 3.240992
23.391188251001335, 3.206812
23.47129506008011, 3.162867
23.55140186915888, 3.128687
23.63150867823765, 3.084742
23.711615487316422, 3.04568
23.791722296395193, 3.0115
23.871829105473967, 2.972437
23.951935914552738, 2.923609
24.03204272363151, 2.884547
24.11214953271028, 2.850367
24.192256341789054, 2.806422
24.272363150867825, 2.757594
24.352469959946596, 2.718531
24.432576769025367, 2.679469
24.51268357810414, 2.635523
24.592790387182912, 2.596461
24.672897196261683, 2.552516
24.753004005340454, 2.513453
24.833110814419225, 2.474391
24.913217623498, 2.430445
24.99332443257677, 2.396266
25.07343124165554, 2.35232
25.153538050734312, 2.318141
25.233644859813086, 2.274195
25.313751668891857, 2.235133
25.39385847797063, 2.19607
25.4739652870494, 2.161891
25.554072096128174, 2.117945
25.634178905206944, 2.074
25.714285714285715, 2.025172
25.794392523364486, 1.986109
25.874499332443257, 1.947047
25.95460614152203, 1.898219
26.034712950600802, 1.859156
26.114819759679573, 1.820094
26.194926568758344, 1.781031
26.27503337783712, 1.741969
26.35514018691589, 1.702906
26.43524699599466, 1.663844
26.51535380507343, 1.624781
26.595460614152206, 1.585719
26.675567423230977, 1.546656
26.755674232309747, 1.497828
26.83578104138852, 1.458766
26.91588785046729, 1.424586
26.995994659546064, 1.385523
27.076101468624834, 1.346461
27.156208277703605, 1.302516
27.236315086782376, 1.263453
27.31642189586115, 1.229273
27.39652870493992, 1.185328
27.476635514018692, 1.146266
27.556742323097463, 1.10232
27.636849132176238, 1.058375
27.71695594125501, 1.019312
27.79706275033378, 0.98025
27.87716955941255, 0.9363047
27.95727636849132, 0.8923594
28.037383177570096, 0.8484141
28.117489986648867, 0.8044687
28.197596795727637, 0.7654062
28.27770360480641, 0.7165781
28.357810413885183, 0.6775156
28.437917222963954, 0.6286875
28.518024032042725, 0.5847422
28.598130841121495, 0.5407969
28.67823765020027, 0.5017344
28.75834445927904, 0.4626719
28.83845126835781, 0.4187266
28.918558077436582, 0.3845469
28.998664886515353, 0.3503672
29.078771695594128, 0.3064219
29.1588785046729, 0.2624766
29.23898531375167, 0.2185312
29.31909212283044, 0.1794687
29.399198931909215, 0.1355234
29.479305740987986, 0.09646094
29.559412550066757, 0.06228125
29.639519359145527, 0.01345312
29.719626168224302, -0.03049219
29.799732977303073, -0.06467188
29.879839786381844, -0.1086172
29.959946595460615, -0.1574453
30.040053404539385, -0.2013906
30.12016021361816, -0.2502188
30.20026702269693, -0.2892813
30.2803738317757, -0.3332266
30.360480640854473, -0.3771719
30.440587449933247, -0.4162344
30.520694259012018, -0.4552969
30.60080106809079, -0.4992422
30.68090787716956, -0.5383047
30.76101468624833, -0.58225
30.841121495327105, -0.6261953
30.921228304405876, -0.6701406
31.001335113484647, -0.7043203
31.081441922563418, -0.7433828
31.161548731642192, -0.7873281
31.241655540720963, -0.8215078
31.321762349799734, -0.8556875
31.401869158878505, -0.9093984
31.48197596795728, -0.9435781
31.56208277703605, -0.9875234
31.64218958611482, -1.021703
31.72229639519359, -1.070531
31.802403204272363, -1.109594
31.882510013351137, -1.163305
31.962616822429908, -1.20725
32.04272363150868, -1.256078
32.12283044058745, -1.295141
32.20293724966622, -1.353734
32.28304405874499, -1.402563
32.36315086782377, -1.441625
32.44325767690254, -1.470922
32.52336448598131, -1.51975
32.60347129506008, -1.563695
32.68357810413885, -1.597875
32.763684913217624, -1.636938
32.843791722296395, -1.680883
32.923898531375166, -1.715063
33.004005340453936, -1.754125
33.084112149532714, -1.793188
33.164218958611485, -1.83225
33.244325767690256, -1.871313
33.32443257676903, -1.910375
33.4045393858478, -1.959203
33.48464619492657, -1.998266
33.56475300400534, -2.047094
33.64485981308411, -2.086156
33.72496662216289, -2.134984
33.80507343124166, -2.183813
33.88518024032043, -2.222875
33.9652870493992, -2.271703
34.04539385847797, -2.310766
34.12550066755674, -2.349828
34.205607476635514, -2.388891
34.285714285714285, -2.437719
34.365821094793056, -2.481664
34.445927903871834, -2.530492
34.526034712950604, -2.564672
34.606141522029375, -2.603734
34.686248331108146, -2.642797
34.76635514018692, -2.691625
34.84646194926569, -2.730688
34.92656875834446, -2.774633
35.00667556742323, -2.823461
35.086782376502, -2.872289
35.16688918558078, -2.921117
35.24699599465955, -2.96018
35.32710280373832, -2.994359
35.40720961281709, -3.043188
35.48731642189586, -3.08225
35.56742323097463, -3.121313
35.647530040053404, -3.170141
35.727636849132175, -3.218969
35.80774365821095, -3.277563
35.887850467289724, -3.316625
35.967957276368494, -3.355688
36.048064085447265, -3.404516
36.128170894526036, -3.443578
36.20827770360481, -3.492406
36.28838451268358, -3.526586
36.36849132176235, -3.580297
36.44859813084112, -3.599828
36.5287049399199, -3.648656
36.60881174899867, -3.687719
36.68891855807744, -3.736547
36.76902536715621, -3.785375
36.84913217623498, -3.819555
36.92923898531375, -3.853734
37.00934579439252, -3.887914
37.089452603471294, -3.922094
37.169559412550065, -3.970922
37.24966622162884, -4.009984
37.329773030707614, -4.039281
37.409879839786385, -4.088109
37.489986648865155, -4.136938
37.570093457943926, -4.176
37.6502002670227, -4.224828
37.73030707610147, -4.278539
37.81041388518024, -4.322484
37.89052069425902, -4.361547
37.97062750333779, -4.400609
38.05073431241656, -4.45432
38.13084112149533, -4.498266
38.2109479305741, -4.547094
38.29105473965287, -4.591039
38.37116154873164, -4.625219
38.45126835781041, -4.674047
38.531375166889184, -4.708227
38.61148197596796, -4.761938
38.69158878504673, -4.786352
38.771695594125504, -4.825414
38.851802403204275, -4.869359
38.931909212283045, -4.918188
39.012016021361816, -4.952367
39.09212283044059, -4.996313
39.17222963951936, -5.054906
39.25233644859813, -5.103734
39.33244325767691, -5.142797
39.41255006675568, -5.181859
39.49265687583445, -5.23557
39.57276368491322, -5.26975
39.65287049399199, -5.308813
39.73297730307076, -5.342992
39.81308411214953, -5.386938
39.8931909212283, -5.430883
39.97329773030708, -5.484594
40.05340453938585, -5.513891
40.13351134846462, -5.543188
40.213618157543394, -5.601781
40.293724966622165, -5.650609
40.373831775700936, -5.689672
40.453938584779706, -5.7385
40.53404539385848, -5.777563
40.61415220293725, -5.816625
40.694259012016026, -5.86057
40.7743658210948, -5.884984
40.85447263017357, -5.924047
40.93457943925234, -5.972875
41.01468624833111, -6.031469
41.09479305740988, -6.075414
41.17489986648865, -6.119359
41.25500667556742, -6.163305
41.33511348464619, -6.217016
41.41522029372497, -6.256078
41.49532710280374, -6.285375
41.57543391188251, -6.339086
41.655540720961284, -6.373266
41.735647530040055, -6.412328
41.815754339118826, -6.470922
41.895861148197596, -6.509984
41.97596795727637, -6.558813
42.05607476635514, -6.588109
42.136181575433916, -6.636938
42.21628838451269, -6.676
42.29639519359146, -6.695531
42.37650200267023, -6.724828
42.456608811749, -6.754125
42.53671562082777, -6.802953
42.61682242990654, -6.846898
42.69692923898531, -6.881078
42.77703604806409, -6.929906
42.85714285714286, -6.968969
42.93724966622163, -6.9885
43.0173564753004, -7.037328
43.097463284379174, -7.076391
43.177570093457945, -7.125219
43.257676902536716, -7.174047
43.33778371161549, -7.222875
43.41789052069426, -7.271703
43.497997329773035, -7.301
43.578104138851806, -7.330297
43.65821094793058, -7.388891
43.73831775700935, -7.408422
43.81842456608812, -7.442602
43.89853137516689, -7.486547
43.97863818424566, -7.510961
44.05874499332443, -7.564672
44.1388518024032, -7.598852
44.21895861148198, -7.652563
44.29906542056075, -7.696508
44.37917222963952, -7.755102
44.45927903871829, -7.789281
44.539385847797064, -7.838109
44.619492656875835, -7.89182
44.699599465954606, -7.926
44.77970627503338, -7.974828
44.859813084112155, -8.018773
44.939919893190925, -8.043188
45.020026702269696, -8.072484
45.10013351134847, -8.121313
45.18024032042724, -8.170141
45.26034712950601, -8.209203
45.34045393858478, -8.258031
45.42056074766355, -8.316625
45.50066755674232, -8.355688
45.5807743658211, -8.399633
45.66088117489987, -8.443578
45.74098798397864, -8.482641
45.82109479305741, -8.531469
45.90120160213618, -8.599828
45.981308411214954, -8.638891
46.061415220293725, -8.692602
46.141522029372496, -8.731664
46.22162883845127, -8.756078
46.301735647530045, -8.770727
46.381842456608815, -8.814672
46.461949265687586, -8.858617
46.54205607476636, -8.912328
46.62216288384513, -8.966039
46.7022696929239, -9.000219
46.78237650200267, -9.049047
46.86248331108144, -9.088109
46.94259012016022, -9.146703
47.02269692923899, -9.171117
47.10280373831776, -9.190648
47.18291054739653, -9.224828
47.2630173564753, -9.263891
47.34312416555407, -9.322484
47.423230974632844, -9.381078
47.503337783711615, -9.434789
47.583444592790386, -9.483617
47.663551401869164, -9.517797
47.743658210947935, -9.566625
47.823765020026705, -9.620336
47.903871829105476, -9.669164
47.98397863818425, -9.708227
48.06408544726302, -9.757055
48.14419225634179, -9.796117
48.22429906542056, -9.820531
48.30440587449933, -9.864477
48.38451268357811, -9.898656
48.46461949265688, -9.932836
48.54472630173565, -9.976781
48.62483311081442, -10.00608
48.70493991989319, -10.02561
48.78504672897196, -10.05491
48.865153538050734, -10.09397
48.945260347129505, -10.12327
49.02536715620828, -10.15256
49.105473965287054, -10.18186
49.185580774365825, -10.2258
49.265687583444596, -10.27952
49.345794392523366, -10.27952
49.42590120160214, -10.30881
49.50600801068091, -10.34788
49.58611481975968, -10.38694
49.66622162883845, -10.42112
49.74632843791723, -10.4553
49.826435246996, -10.51877
49.90654205607477, -10.54319
49.98664886515354, -10.57248
50.06675567423231, -10.64573
50.14686248331108, -10.66526
50.22696929238985, -10.7092
50.307076101468624, -10.75803
50.387182910547395, -10.77268
50.46728971962617, -10.81663
50.547396528704944, -10.87522
50.627503337783715, -10.86545
50.707610146862486, -10.91428
50.78771695594126, -10.98264
50.86782376502003, -11.03147
50.9479305740988, -11.07053
51.02803738317757, -11.09006
51.10814419225635, -11.10959
51.18825100133512, -11.13889
51.26835781041389, -11.17795
51.34846461949266, -11.22678
51.42857142857143, -11.28049
51.5086782376502, -11.31467
51.58878504672897, -11.3635
51.66889185580774, -11.3928
51.748998664886514, -11.43186
51.82910547396529, -11.48557
51.90921228304406, -11.51975
51.989319092122834, -11.55881
52.069425901201605, -11.58323
52.149532710280376, -11.65159
52.22963951935915, -11.68577
52.30974632843792, -11.76389
52.38985313751669, -11.80295
52.46995994659546, -11.87131
52.55006675567424, -11.90549
52.63017356475301, -11.93967
52.71028037383178, -11.97873
52.79038718291055, -12.00803
52.87049399198932, -12.04709
52.95060080106809, -12.06663
53.03070761014686, -12.11545
53.11081441922563, -12.13498
53.19092122830441, -12.14475
53.27102803738318, -12.17405
53.35113484646195, -12.21311
53.431241655540724, -12.2717
53.511348464619495, -12.28635
53.591455273698266, -12.32053
53.67156208277704, -12.36448
53.75166889185581, -12.38401
53.83177570093458, -12.43284
53.911882510013356, -12.44748
53.99198931909213, -12.51096
54.0720961281709, -12.55491
54.15220293724967, -12.60862
54.23230974632844, -12.65745
54.31241655540721, -12.70627
54.39252336448598, -12.7551
54.47263017356475, -12.77952
54.55273698264352, -12.80393
54.6328437917223, -12.83811
54.71295060080107, -12.91135
54.79305740987984, -12.96995
54.873164218958614, -13.01877
54.953271028037385, -13.0676
55.033377837116156, -13.10178
55.11348464619493, -13.13108
55.1935914552737, -13.15061
55.273698264352475, -13.19455
55.353805073431246, -13.24827
55.43391188251002, -13.28245
55.51401869158879, -13.33616
55.59412550066756, -13.38987
55.67423230974633, -13.42405
55.7543391188251, -13.43381
55.83444592790387, -13.51194
55.91455273698264, -13.53147
55.99465954606142, -13.5803
56.07476635514019, -13.61936
56.15487316421896, -13.67795
56.23497997329773, -13.70725
56.315086782376504, -13.78538
56.395193591455275, -13.82932
56.475300400534046, -13.88303
56.55540720961282, -13.8928
56.63551401869159, -13.90256
56.715620827770366, -13.93186
56.795727636849136, -13.94163
56.87583444592791, -14.00022
56.95594125500668, -14.00998
57.03604806408545, -14.03928
57.11615487316422, -14.04905
57.19626168224299, -14.08811
57.27636849132176, -14.15647
57.35647530040054, -14.19553
57.43658210947931, -14.23459
57.51668891855808, -14.26877
57.59679572763685, -14.34202
57.67690253671562, -14.35666
57.757009345794394, -14.39084
57.837116154873165, -14.40549
57.917222963951936, -14.44944
57.99732977303071, -14.51291
58.077436582109485, -14.54709
58.157543391188256, -14.61545
58.237650200267026, -14.67405
58.3177570093458, -14.72288
58.39786381842457, -14.76194
58.47797062750334, -14.76194
58.55807743658211, -14.79612
58.63818424566088, -14.82053
58.71829105473965, -14.88889
58.79839786381843, -14.90842
58.8785046728972, -14.91819
58.95861148197597, -14.96702
59.03871829105474, -15.03538
59.11882510013351, -15.09885
59.198931909212284, -15.12815
59.279038718291055, -15.15745
59.359145527369826, -15.19163
59.439252336448604, -15.27952
59.519359145527375, -15.29416
59.599465954606146, -15.34299
59.67957276368492, -15.36741
59.75967957276369, -15.3967
59.83978638184246, -15.41135
59.91989319092123, -15.426
60.0, -15.43088
