% Measurement ID: 3739
% Mode ID: S
% Date and time: 2021-01-08 09:30:40
% Sample ID: DP80-43
% Measurement type: ringdown
% Frequency [Hz]: 1326345.7
% Quality factor: 38388919.82454737
% Temperature [K]: 293.0
% Pressure [mBar]: 5.1e-09
% Notes: 
% 
%
% measurement data
% time [s], power [dBm]
0.06, -53.2257995605469
0.12, -53.271671295166
0.18, -53.3412399291992
0.24, -53.3748779296875
0.3, -53.4803810119629
0.36, -53.5186042785645
0.42, -53.5698280334473
0.48, -53.6164627075195
0.54, -53.6921501159668
0.6, -53.7426071166992
0.66, -53.8205871582031
0.72, -53.8435211181641
0.78, -53.9268531799316
0.84, -53.9566688537598
0.9, -54.0178298950195
0.96, -54.1042175292969
1.02, -54.1493263244629
1.08, -54.2357139587402
1.14, -54.2693519592285
1.2, -54.3603286743164
1.26, -54.3939666748047
1.32, -54.4933547973633
1.38, -54.5078811645508
1.44, -54.6233215332031
1.5, -54.6798934936523
1.56, -54.7624626159668
1.62, -54.7869262695313
1.68, -54.8756065368652
1.74, -54.9321823120117
1.8, -54.9849319458008
1.86, -55.0567970275879
1.92, -55.0675010681152
1.98, -55.167652130127
2.04, -55.1844711303711
2.1, -55.299144744873
2.16, -55.288444519043
2.22, -55.3847694396973
2.28, -55.4703941345215
2.34, -55.5124435424805
2.4, -55.5751342773438
2.46, -55.6454696655273
2.52, -55.7234497070313
2.58, -55.7807846069336
2.64, -55.8450050354004
2.7, -55.9252777099609
2.76, -55.9956130981445
2.82, -55.9986724853516
2.88, -56.0865898132324
2.94, -56.1232872009277
3.0, -56.1806259155273
3.06, -56.1982078552246
3.12, -56.2968292236328
3.18, -56.3625755310059
3.24, -56.3686943054199
3.3, -56.4933090209961
3.36, -56.5399436950684
3.42, -56.6018676757813
3.48, -56.6668510437012
3.54, -56.7104301452637
3.6, -56.7662391662598
3.66, -56.8327484130859
3.72, -56.9114952087402
3.78, -56.969596862793
3.84, -57.0062942504883
3.9, -57.0842742919922
3.96, -57.0980339050293
4.02, -57.1867179870605
4.08, -57.2356452941895
4.14, -57.328914642334
4.2, -57.3518524169922
4.26, -57.4298324584961
4.32, -57.4726448059082
4.38, -57.5582695007324
4.44, -57.6049041748047
4.5, -57.6920585632324
4.56, -57.7799758911133
4.62, -57.8197288513184
4.68, -57.8678932189941
4.74, -57.9932746887207
4.8, -58.0207977294922
4.86, -58.0574913024902
4.92, -58.0995407104492
4.98, -58.1438827514648
5.04, -58.1920471191406
5.1, -58.2241554260254
5.16, -58.2876091003418
5.22, -58.3327140808105
5.28, -58.3908195495605
5.34, -58.4305725097656
5.4, -58.4978485107422
5.46, -58.5544242858887
5.52, -58.5613021850586
5.58, -58.6140556335449
5.64, -58.6981506347656
5.7, -58.7103843688965
5.76, -58.800594329834
5.82, -58.8082389831543
5.88, -58.905330657959
5.94, -58.9672584533691
6.0, -58.989429473877
6.06, -59.0276527404785
6.12, -59.1178665161133
6.18, -59.1530342102051
6.24, -59.2875862121582
6.3, -59.2921752929688
6.36, -59.401496887207
6.42, -59.427490234375
6.48, -59.4703025817871
6.54, -59.5192337036133
6.6, -59.5391082763672
6.66, -59.6285591125488
6.72, -59.658374786377
6.78, -59.7493515014648
6.84, -59.8036308288574
6.9, -59.8831405639648
6.96, -59.9290084838867
7.02, -59.9993438720703
7.08, -60.0803833007813
7.14, -60.1117286682129
7.2, -60.1843566894531
7.26, -60.2699813842773
7.32, -60.2546882629395
7.38, -60.2913856506348
7.44, -60.3189086914063
7.5, -60.3762474060059
7.56, -60.5023918151855
7.62, -60.5345001220703
7.68, -60.6025428771973
7.74, -60.6400032043457
7.8, -60.6805229187012
7.86, -60.7669105529785
7.92, -60.8349533081055
7.98, -60.8609466552734
8.04, -60.9610939025879
8.1, -61.0031433105469
8.16, -61.0574226379395
8.22, -61.1063537597656
8.28, -61.1468696594238
8.34, -61.1896820068359
8.4, -61.2661361694336
8.46, -61.3211784362793
8.52, -61.4037475585938
8.58, -61.4771385192871
8.64, -61.5566482543945
8.7, -61.6285133361816
8.76, -61.717960357666
8.82, -61.7951736450195
8.88, -61.8295783996582
8.94, -61.9259071350098
9.0, -62.0054130554199
9.06, -62.0344657897949
9.12, -62.113208770752
9.18, -62.1881332397461
9.24, -62.2278861999512
9.3, -62.2653465270996
9.36, -62.3226852416992
9.42, -62.3930206298828
9.48, -62.4090766906738
9.54, -62.5038757324219
9.6, -62.5191650390625
9.66, -62.6009674072266
9.72, -62.6147270202637
9.78, -62.6713027954102
9.84, -62.7225227355957
9.9, -62.7867431640625
9.96, -62.8631935119629
10.02, -62.9495811462402
10.08, -62.9434661865234
10.14, -63.0160942077637
10.2, -63.0680809020996
10.26, -63.1850509643555
10.32, -63.1781692504883
10.38, -63.2500343322754
10.44, -63.3058433532715
10.5, -63.399112701416
10.56, -63.4939117431641
10.62, -63.4862670898438
10.68, -63.5711288452148
10.74, -63.5650100708008
10.8, -63.6269378662109
10.86, -63.7140922546387
10.92, -63.7645492553711
10.98, -63.7905426025391
11.04, -63.8387069702148
11.1, -63.8463516235352
11.16, -63.8769302368164
11.22, -63.9174499511719
11.28, -63.986255645752
11.34, -64.0107192993164
11.4, -64.0351867675781
11.46, -64.1200485229492
11.52, -64.1957321166992
11.58, -64.2691268920898
11.64, -64.3088760375977
11.7, -64.3600997924805
11.76, -64.4021453857422
11.82, -64.4594879150391
11.88, -64.566520690918
11.94, -64.6200332641602
12.0, -64.7117767333984
12.06, -64.775993347168
12.12, -64.8402099609375
12.18, -64.9373016357422
12.24, -64.9472427368164
12.3, -65.043571472168
12.36, -65.1268997192383
12.42, -65.1750640869141
12.48, -65.2217025756836
12.54, -65.288215637207
12.6, -65.2843933105469
12.66, -65.3799514770508
12.72, -65.4074783325195
12.78, -65.4579315185547
12.84, -65.5519714355469
12.9, -65.6819381713867
12.96, -65.6719970703125
13.02, -65.7782669067383
13.08, -65.7660293579102
13.14, -65.9380493164063
13.2, -65.8975296020508
13.26, -65.9632720947266
13.32, -65.9686279296875
13.38, -66.142936706543
13.44, -66.1482849121094
13.5, -66.1513442993164
13.56, -66.2125015258789
13.62, -66.2904815673828
13.68, -66.2866592407227
13.74, -66.3516464233398
13.8, -66.43115234375
13.86, -66.4663238525391
13.92, -66.6024017333984
13.98, -66.5985794067383
14.04, -66.6887969970703
14.1, -66.7270202636719
14.16, -66.8179931640625
14.22, -66.8569869995117
14.28, -66.911262512207
14.34, -66.9364929199219
14.4, -66.9678421020508
14.46, -67.0244140625
14.52, -67.1077423095703
14.58, -67.1971893310547
14.64, -67.3095779418945
14.7, -67.3378601074219
14.76, -67.3929061889648
14.82, -67.3990249633789
14.88, -67.4907608032227
14.94, -67.609260559082
15.0, -67.6444320678711
15.06, -67.6107940673828
15.12, -67.7422866821289
15.18, -67.8233261108398
15.24, -67.905891418457
15.3, -67.9402923583984
15.36, -68.0037460327148
15.42, -68.1780548095703
15.48, -68.1971664428711
15.54, -68.1780548095703
15.6, -68.2048110961914
15.66, -68.3126068115234
15.72, -68.3806533813477
15.78, -68.4723892211914
15.84, -68.4532775878906
15.9, -68.5992965698242
15.96, -68.702507019043
16.02, -68.7155075073242
16.08, -68.7873687744141
16.14, -68.7399673461914
16.2, -68.9379806518555
16.26, -68.9517364501953
16.32, -68.9823150634766
16.38, -69.0977630615234
16.44, -69.1214599609375
16.5, -69.2292556762695
16.56, -69.2109069824219
16.62, -69.2613677978516
16.68, -69.2743606567383
16.74, -69.3875045776367
16.8, -69.429557800293
16.86, -69.4853668212891
16.92, -69.5495834350586
16.98, -69.5962219238281
17.04, -69.5648727416992
17.1, -69.6359710693359
17.16, -69.6199188232422
17.22, -69.6612014770508
17.28, -69.7193069458008
17.34, -69.8087539672852
17.4, -69.906608581543
17.46, -69.8813781738281
17.52, -69.9234313964844
17.58, -70.0090560913086
17.64, -70.1436080932617
17.7, -70.1436080932617
17.76, -70.2017135620117
17.82, -70.1848907470703
17.88, -70.2475814819336
17.94, -70.2353515625
18.0, -70.3033905029297
18.06, -70.31103515625
18.12, -70.360725402832
18.18, -70.3423767089844
18.24, -70.3416137695313
18.3, -70.4211273193359
18.36, -70.4356460571289
18.42, -70.6313629150391
18.48, -70.5740280151367
18.54, -70.6481857299805
18.6, -70.7758560180664
18.66, -70.7399215698242
18.72, -70.8454284667969
18.78, -70.9425201416016
18.84, -70.9180526733398
18.9, -70.9448089599609
18.96, -71.11376953125
19.02, -71.0319671630859
19.08, -71.0579605102539
19.14, -71.0105590820313
19.2, -71.1259994506836
19.26, -71.2261505126953
19.32, -71.1412887573242
19.38, -71.2842559814453
19.44, -71.2704925537109
19.5, -71.3385314941406
19.56, -71.4004592895508
19.62, -71.4516830444336
19.68, -71.5625381469727
19.74, -71.6626892089844
19.8, -71.6787414550781
19.86, -71.7773590087891
19.92, -71.7651290893555
19.98, -71.942497253418
20.04, -71.9730758666992
20.1, -71.9868392944336
20.16, -72.1641998291016
20.22, -72.2773513793945
20.28, -72.2949371337891
20.34, -72.3560943603516
20.4, -72.3285751342773
20.46, -72.419548034668
20.52, -72.425666809082
20.58, -72.5349884033203
20.64, -72.6756591796875
20.7, -72.6427841186523
20.76, -72.8033294677734
20.82, -72.9164810180664
20.88, -73.0464477539063
20.94, -73.1221313476563
21.0, -73.1909408569336
21.06, -73.2154006958008
21.12, -73.2727432250977
21.18, -73.4715118408203
21.24, -73.4470520019531
21.3, -73.5747222900391
21.36, -73.6068344116211
21.42, -73.7238006591797
21.48, -73.8996353149414
21.54, -74.0341873168945
21.6, -73.9011688232422
21.66, -73.9898529052734
21.72, -74.1091156005859
21.78, -74.1962661743164
21.84, -74.2436676025391
21.9, -74.1916809082031
21.96, -74.240608215332
22.02, -74.3415222167969
22.08, -74.6190414428711
22.14, -74.7344818115234
22.2, -74.7642974853516
22.26, -74.6786727905273
22.32, -74.7268371582031
22.38, -74.6075744628906
22.44, -74.6343307495117
22.5, -74.5815811157227
22.56, -74.8835601806641
22.62, -74.8965530395508
22.68, -74.8919677734375
22.74, -74.8766784667969
22.8, -74.9477767944336
22.86, -75.0945663452148
22.92, -74.9515991210938
22.98, -75.0785064697266
23.04, -74.9707107543945
23.1, -75.0624542236328
23.16, -74.9882965087891
23.22, -75.0571060180664
23.28, -75.0502243041992
23.34, -75.0502243041992
23.4, -75.0884475708008
23.46, -75.232177734375
23.52, -75.2214736938477
23.58, -75.174072265625
23.64, -75.3032760620117
23.7, -75.2337036132813
23.76, -75.3736114501953
23.82, -75.2726974487305
23.88, -75.2153549194336
23.94, -75.4508285522461
24.0, -75.4217758178711
24.06, -75.5731430053711
24.12, -75.6434783935547
24.18, -75.6151962280273
24.24, -75.5509719848633
24.3, -75.6962356567383
24.36, -75.8896560668945
24.42, -75.6457748413086
24.48, -75.7466888427734
24.54, -75.4745254516602
24.6, -75.6121368408203
24.66, -75.5654983520508
24.72, -75.5555648803711
24.78, -75.7917938232422
24.84, -75.8445434570313
24.9, -75.7742156982422
24.96, -75.6656494140625
25.02, -75.6320114135742
25.08, -75.8055572509766
25.14, -76.026496887207
25.2, -76.1664047241211
25.26, -76.3391876220703
25.32, -76.2367401123047
25.38, -76.4462127685547
25.44, -76.2826080322266
25.5, -76.5547790527344
25.56, -76.5494232177734
25.62, -76.6847381591797
25.68, -76.6740417480469
25.74, -76.7818374633789
25.8, -76.8880996704102
25.86, -77.0639343261719
25.92, -77.265007019043
25.98, -77.3857955932617
26.04, -77.498176574707
26.1, -77.4637756347656
26.16, -77.6938934326172
26.22, -77.7344131469727
26.28, -77.849853515625
26.34, -77.8162155151367
26.4, -77.8016891479492
26.46, -77.8957214355469
26.52, -77.7871627807617
26.58, -78.1013793945313
26.64, -78.2290496826172
26.7, -78.2030563354492
26.76, -78.2902069091797
26.82, -78.2206420898438
26.88, -78.4775161743164
26.94, -78.3483123779297
27.0, -78.3781280517578
27.06, -78.4224700927734
27.12, -78.3330230712891
27.18, -78.4377593994141
27.24, -78.4859237670898
27.3, -78.6220092773438
27.36, -78.7634429931641
27.42, -78.6044235229492
27.48, -78.7901992797852
27.54, -78.7817916870117
27.6, -78.5822525024414
27.66, -78.431640625
27.72, -78.4599304199219
27.78, -78.8421859741211
27.84, -78.9622116088867
27.9, -78.8429489135742
27.96, -79.0845336914063
28.02, -79.0203170776367
28.08, -79.2320861816406
28.14, -79.1625137329102
28.2, -79.3589935302734
28.26, -79.3452301025391
28.32, -79.3337631225586
28.38, -79.3781051635742
28.44, -79.2909545898438
28.5, -79.5669403076172
28.56, -79.7618865966797
28.62, -79.7282485961914
28.68, -79.6334533691406
28.74, -79.7657089233398
28.8, -79.5355911254883
28.86, -79.8758010864258
28.92, -79.9438400268555
28.98, -79.9400177001953
29.04, -79.9285507202148
29.1, -80.2182998657227
29.16, -80.3429183959961
29.22, -80.5906143188477
29.28, -80.2886352539063
29.34, -80.6877059936523
29.4, -80.7458114624023
29.46, -80.8635482788086
29.52, -80.8474884033203
29.58, -80.9422912597656
29.64, -81.3061981201172
29.7, -81.1456451416016
29.76, -81.1808166503906
29.82, -81.2335662841797
29.88, -81.3520660400391
29.94, -81.4522171020508
30.0, -81.110481262207
30.06, -81.2557373046875
30.12, -81.4438095092773
30.18, -81.5905914306641
30.24, -81.8948669433594
30.3, -81.7075653076172
30.36, -81.6265258789063
30.42, -81.4843292236328
30.48, -81.3742370605469
30.54, -81.5477828979492
30.6, -81.6792755126953
30.66, -81.6945648193359
30.72, -82.0049591064453
30.78, -82.1708526611328
30.84, -82.2901153564453
30.9, -82.0821685791016
30.96, -82.0737609863281
31.02, -82.5194702148438
31.08, -82.10205078125
31.14, -82.3895034790039
31.2, -81.8872222900391
31.26, -82.0515899658203
31.32, -82.1433334350586
31.38, -81.5500717163086
31.44, -81.7312622070313
31.5, -82.0737609863281
31.56, -81.6051177978516
31.62, -81.9996032714844
31.68, -82.2014312744141
31.74, -81.8497619628906
31.8, -81.671630859375
31.86, -81.6922760009766
31.92, -81.8398208618164
31.98, -81.9292678833008
32.04, -82.2029647827148
32.1, -82.1081619262695
32.16, -82.1846160888672
32.22, -82.4835357666016
32.28, -82.3122863769531
32.34, -82.8245086669922
32.4, -82.7335357666016
32.46, -82.9988174438477
32.52, -82.8466796875
32.58, -83.3000335693359
32.64, -83.1616592407227
32.7, -83.5354995727539
32.76, -83.4934539794922
32.82, -83.3894805908203
32.88, -83.6356506347656
32.94, -83.3489608764648
33.0, -83.4231185913086
33.06, -83.465934753418
33.12, -83.838249206543
33.18, -83.9483337402344
33.24, -83.6891708374023
33.3, -83.7189865112305
33.36, -83.5592041015625
33.42, -83.6945190429688
33.48, -83.8818283081055
33.54, -84.4253921508789
33.6, -84.1172943115234
33.66, -84.1096496582031
33.72, -84.3206558227539
33.78, -84.2327346801758
33.84, -84.0362548828125
33.9, -83.9414596557617
33.96, -84.1998596191406
34.02, -83.6593551635742
34.08, -84.2816619873047
34.14, -84.7036743164063
34.2, -84.5263061523438
34.26, -84.292366027832
34.32, -84.4108657836914
34.38, -84.559944152832
34.44, -84.4766159057617
34.5, -84.0492553710938
34.56, -84.0492553710938
34.62, -84.4276809692383
34.68, -84.4597930908203
34.74, -84.4078063964844
34.8, -84.5821151733398
34.86, -84.5974044799805
34.92, -84.766357421875
34.98, -85.19677734375
35.04, -85.1218566894531
35.1, -85.356559753418
35.16, -85.0675811767578
35.22, -85.333625793457
35.28, -85.3382110595703
35.34, -85.8221435546875
35.4, -86.0469131469727
35.46, -85.6570129394531
35.52, -85.8680191040039
35.58, -86.328254699707
35.64, -86.6202926635742
35.7, -86.3580703735352
35.76, -85.6187896728516
35.82, -86.4780960083008
35.88, -86.4337539672852
35.94, -86.3764190673828
36.0, -86.0553207397461
36.06, -86.4926223754883
36.12, -86.6577529907227
36.18, -86.3091354370117
36.24, -86.2609786987305
36.3, -85.5071716308594
36.36, -85.2136001586914
36.42, -85.3772048950195
36.48, -84.7847061157227
36.54, -85.3703231811523
36.6, -85.4536514282227
36.66, -85.1317977905273
36.72, -85.2197113037109
36.78, -85.0767517089844
36.84, -84.7074966430664
36.9, -84.3642272949219
36.96, -85.3557968139648
37.02, -85.5499801635742
37.08, -84.7510681152344
37.14, -84.7648315429688
37.2, -84.8068771362305
37.26, -85.5239868164063
37.32, -85.2877578735352
37.38, -85.1363830566406
37.44, -85.1019821166992
37.5, -85.3443298339844
37.56, -84.9865417480469
37.62, -85.2770538330078
37.68, -85.4100799560547
37.74, -85.2464752197266
37.8, -85.6134338378906
37.86, -85.443717956543
37.92, -85.5622177124023
37.98, -85.676887512207
38.04, -85.9635848999023
38.1, -85.711296081543
38.16, -85.5652694702148
38.22, -85.5958557128906
38.28, -85.5989074707031
38.34, -85.490348815918
38.4, -85.4880599975586
38.46, -86.4566879272461
38.52, -85.8771896362305
38.58, -85.6073226928711
38.64, -85.944465637207
38.7, -87.5109481811523
38.76, -85.4070205688477
38.82, -85.627197265625
38.88, -85.8038024902344
38.94, -85.6065521240234
39.0, -85.6065521240234
39.06, -88.3389129638672
39.12, -86.7724304199219
39.18, -86.639404296875
39.24, -86.7739639282227
39.3, -86.6317596435547
39.36, -86.7158584594727
39.42, -86.8985748291016
39.48, -86.5690689086914
39.54, -86.5736618041992
39.6, -85.6906509399414
39.66, -86.7823715209961
39.72, -86.9375686645508
39.78, -86.9146270751953
39.84, -87.3152313232422
39.9, -86.3175506591797
39.96, -86.4788589477539
40.02, -86.0216827392578
40.08, -85.9375915527344
40.14, -86.4750366210938
40.2, -86.3251953125
40.26, -86.4115829467773
40.32, -86.7678451538086
40.38, -86.1264190673828
40.44, -86.3213729858398
40.5, -87.0346603393555
40.56, -87.3855667114258
40.62, -87.7334213256836
40.68, -87.9398345947266
40.74, -89.8098220825195
40.8, -87.9535980224609
40.86, -87.3748626708984
40.92, -87.3748626708984
40.98, -90.8442001342773
41.04, -88.6768188476563
41.1, -91.4382247924805
41.16, -89.0743637084961
41.22, -88.1416625976563
41.28, -88.1416625976563
41.34, -91.3602447509766
41.4, -89.3029556274414
41.46, -91.6431121826172
41.52, -89.4130401611328
41.58, -91.2776794433594
41.64, -89.2356796264648
41.7, -90.0460586547852
41.76, -89.1485214233398
41.82, -89.5170135498047
41.88, -89.1454620361328
41.94, -89.2410278320313
42.0, -88.8763580322266
42.06, -91.510856628418
42.12, -88.8167266845703
42.18, -93.6086654663086
42.24, -89.2792510986328
42.3, -88.6944046020508
42.36, -88.8106079101563
42.42, -89.1722259521484
42.48, -89.1722259521484
42.54, -92.308235168457
42.6, -90.2677612304688
42.66, -93.2906341552734
42.72, -90.7952728271484
42.78, -93.8793029785156
42.84, -90.4856491088867
42.9, -91.3908233642578
42.96, -91.3487777709961
43.02, -94.3510055541992
43.08, -91.4718627929688
43.14, -93.6216659545898
43.2, -91.2876205444336
43.26, -93.5605010986328
43.32, -90.5169906616211
43.38, -91.6102447509766
43.44, -90.6423721313477
43.5, -94.3601760864258
43.56, -91.4282913208008
43.62, -95.38232421875
43.68, -91.8969345092773
43.74, -92.4252090454102
43.8, -91.1576538085938
43.86, -94.3059005737305
43.92, -91.5460205078125
43.98, -94.3448867797852
44.04, -91.0131607055664
44.1, -93.3961334228516
44.16, -90.179084777832
44.22, -93.7936782836914
44.28, -90.737174987793
44.34, -91.6905136108398
44.4, -90.8992462158203
44.46, -93.9343490600586
44.52, -90.4795303344727
44.58, -92.0131378173828
44.64, -90.8258590698242
44.7, -93.0727462768555
44.76, -89.5384216308594
44.82, -91.4221725463867
44.88, -89.4596786499023
44.94, -89.4742050170898
45.0, -89.213508605957
45.06, -88.6890563964844
45.12, -88.0636825561523
45.18, -88.6049575805664
45.24, -88.6171875
45.3, -89.7845916748047
45.36, -90.2968139648438
45.42, -92.0353088378906
45.48, -90.2968139648438
45.54, -92.9886474609375
45.6, -90.6729507446289
45.66, -90.4581298828125
45.72, -90.1981964111328
45.78, -89.4818496704102
45.84, -89.5720596313477
45.9, -89.8167037963867
45.96, -89.3687057495117
46.02, -91.8610000610352
46.08, -89.7379608154297
46.14, -92.3586959838867
46.2, -89.5927047729492
46.26, -90.4588928222656
46.32, -90.4588928222656
46.38, -93.3166275024414
46.44, -89.8358154296875
46.5, -92.6453857421875
46.56, -90.4925308227539
46.62, -93.2975082397461
46.68, -91.2088775634766
46.74, -94.4496231079102
46.8, -90.4856491088867
46.86, -90.4856491088867
46.92, -89.9359664916992
46.98, -90.7058258056641
47.04, -90.7792205810547
47.1, -90.3809127807617
47.16, -89.6401062011719
47.22, -92.1094665527344
47.28, -89.5712966918945
47.34, -90.9695816040039
47.4, -89.8977432250977
47.46, -93.5673828125
47.52, -89.7868881225586
47.58, -93.1285552978516
47.64, -89.8694534301758
47.7, -92.7875823974609
47.76, -90.4313659667969
47.82, -91.2310485839844
47.88, -90.062873840332
47.94, -93.2424697875977
48.0, -89.952018737793
48.06, -92.7363586425781
48.12, -90.2524719238281
48.18, -92.6461486816406
48.24, -90.4749450683594
48.3, -94.0627822875977
48.36, -91.9642105102539
48.42, -94.7057342529297
48.48, -91.2050552368164
48.54, -94.7531356811523
48.6, -90.0269470214844
48.66, -93.1652526855469
48.72, -90.6171417236328
48.78, -93.1744232177734
48.84, -91.6744613647461
48.9, -94.4412155151367
48.96, -91.6454086303711
49.02, -94.902214050293
49.08, -91.2302780151367
49.14, -94.3219528198242
49.2, -90.6102676391602
49.26, -92.8105163574219
49.32, -88.9856796264648
49.38, -91.6224746704102
49.44, -89.0850677490234
49.5, -89.399284362793
49.56, -89.3381195068359
49.62, -89.3557052612305
49.68, -88.4650497436523
49.74, -90.2142486572266
49.8, -88.4008331298828
49.86, -88.7203979492188
49.92, -88.3542022705078
49.98, -89.9596633911133
50.04, -88.9994430541992
50.1, -89.1110610961914
50.16, -88.9329299926758
50.22, -89.7685394287109
50.28, -89.3687057495117
50.34, -92.2203216552734
50.4, -89.6530990600586
50.46, -90.193603515625
50.52, -90.2104263305664
50.58, -91.4412841796875
50.64, -91.7188034057617
50.7, -95.3058776855469
50.76, -92.0261306762695
50.82, -95.0222396850586
50.88, -91.7088623046875
50.94, -95.8693161010742
51.0, -92.0353088378906
51.06, -94.774543762207
51.12, -90.9741668701172
51.18, -94.7538986206055
51.24, -91.3212585449219
51.3, -92.5062484741211
51.36, -90.7341156005859
51.42, -93.0230560302734
51.48, -90.7195892333984
51.54, -92.5429382324219
51.6, -90.841911315918
51.66, -94.5650634765625
51.72, -91.6721649169922
51.78, -92.601806640625
51.84, -91.2157516479492
51.9, -90.9550552368164
51.96, -91.8594741821289
52.02, -91.5819549560547
52.08, -91.1240158081055
52.14, -93.3296203613281
52.2, -90.1125717163086
52.26, -93.8456649780273
52.32, -90.2692947387695
52.38, -92.8472137451172
52.44, -90.4887084960938
52.5, -94.2065124511719
52.56, -91.5322647094727
52.62, -94.4213409423828
52.68, -91.4756851196289
52.74, -93.2218246459961
52.8, -91.6240005493164
52.86, -91.6377639770508
52.92, -91.6377639770508
52.98, -95.3234558105469
53.04, -90.9298248291016
53.1, -93.64306640625
53.16, -91.1362457275391
53.22, -93.8815994262695
53.28, -91.592658996582
53.34, -95.3058776855469
53.4, -91.4435806274414
53.46, -91.4435806274414
53.52, -90.3220443725586
53.58, -94.2875518798828
53.64, -90.4183731079102
53.7, -90.3457412719727
53.76, -90.2004852294922
53.82, -90.3977279663086
53.88, -89.7226715087891
53.94, -92.0077819824219
54.0, -88.7700881958008
54.06, -90.6538391113281
54.12, -88.3947219848633
54.18, -91.6270599365234
54.24, -88.4130630493164
54.3, -88.4130630493164
54.36, -89.0185546875
54.42, -92.2440185546875
54.48, -88.7662658691406
54.54, -89.4260406494141
54.6, -88.7142791748047
54.66, -91.4512252807617
54.72, -89.1171798706055
54.78, -90.9833450317383
54.84, -89.7012634277344
54.9, -90.3503341674805
54.96, -89.7845916748047
55.02, -91.7975463867188
55.08, -89.1240615844727
55.14, -89.8564605712891
55.2, -89.3167190551758
55.26, -89.5078430175781
55.32, -89.2341461181641
55.38, -89.7731246948242
55.44, -90.1270980834961
55.5, -91.9076385498047
55.56, -89.7693023681641
55.62, -91.883171081543
55.68, -89.4650268554688
55.74, -93.9549865722656
55.8, -90.4795303344727
55.86, -90.5231094360352
55.92, -89.3778762817383
55.98, -90.1507949829102
56.04, -90.9902267456055
56.1, -90.9542922973633
56.16, -91.0399169921875
56.22, -91.4290542602539
56.28, -91.9565658569336
56.34, -94.9786682128906
56.4, -91.4535140991211
56.46, -94.1629333496094
56.52, -92.2891235351563
56.58, -94.5474853515625
56.64, -91.5720138549805
56.7, -91.6071853637695
56.76, -91.3082580566406
56.82, -94.0123291015625
56.88, -91.1821136474609
56.94, -94.6529846191406
57.0, -91.2394561767578
57.06, -95.5803298950195
57.12, -92.7478332519531
57.18, -96.1690063476563
57.24, -93.2409362792969
57.3, -93.8540725708008
57.36, -92.0712432861328
57.42, -94.7837142944336
57.48, -92.1706237792969
57.54, -96.0375061035156
57.6, -93.1247329711914
57.66, -93.6415405273438
57.72, -94.16064453125
57.78, -98.6842346191406
57.84, -95.6376724243164
57.9, -98.2828674316406
57.96, -92.4427871704102
58.02, -96.2332229614258
58.08, -92.2638931274414
58.14, -96.3066177368164
58.2, -91.2226333618164
58.26, -93.6407775878906
58.32, -90.8923645019531
58.38, -93.5337448120117
58.44, -90.0796966552734
58.5, -92.9458389282227
58.56, -90.7471084594727
58.62, -93.7371063232422
58.68, -91.2287521362305
58.74, -92.558235168457
58.8, -91.7868423461914
58.86, -91.8082504272461
58.92, -90.5292282104492
58.98, -96.0665588378906
59.04, -92.9618911743164
59.1, -98.1483154296875
59.16, -93.4244232177734
59.22, -99.9365005493164
59.28, -93.9985656738281
59.34, -103.722351074219
59.4, -95.0467071533203
59.46, -99.288200378418
59.52, -94.9687271118164
59.58, -101.601600646973
59.64, -95.3005218505859
59.7, -100.379150390625
59.76, -94.3915252685547
59.82, -101.256042480469
59.88, -95.2928771972656
