% Measurement ID: 846
% Mode ID: 1
% Date and time: 2020-09-12 10:01:36
% Sample ID: SP77-83
% Measurement type: ringdown
% Frequency [Hz]: 1452882.0
% Quality factor: 13078185.476749867
% Temperature [K]: 293.0
% Pressure [mBar]: 7.82e-08
% Notes: 
% 
%
% measurement data
% time [s], power [dBm]
0.0, -93.61448
0.0801068090787717, -94.99631
0.1602136181575434, -95.97288
0.24032042723631508, -98.39963
0.3204272363150868, -99.51291
0.4005340453938585, -101.4709
0.48064085447263016, -104.6399
0.5607476635514019, -103.717
0.6408544726301736, -101.3586
0.7209612817089452, -95.89963
0.801068090787717, -95.08909
0.8811748998664887, -93.82444
0.9612817089452603, -93.0969
1.041388518024032, -95.2258
1.1214953271028039, -102.0227
1.2016021361815754, -98.37522
1.2817089452603472, -99.63498
1.361815754339119, -99.55686
1.4419225634178905, -97.46213
1.5220293724966623, -93.74143
1.602136181575434, -91.03147
1.6822429906542056, -91.051
1.7623497997329773, -90.3967
1.842456608811749, -90.67014
1.9225634178905207, -88.98069
2.0026702269692924, -88.42893
2.082777036048064, -88.8342
2.162883845126836, -89.79123
2.2429906542056077, -90.18674
2.323097463284379, -89.06858
2.403204272363151, -88.57541
2.4833110814419226, -88.70237
2.5634178905206944, -87.13498
2.643524699599466, -86.75413
2.723631508678238, -87.4133
2.8037383177570097, -86.52952
2.883845126835781, -86.55393
2.9639519359145527, -88.19944
3.0440587449933245, -89.97678
3.1241655540720963, -91.61741
3.204272363150868, -92.26682
3.28437917222964, -91.94455
3.364485981308411, -91.98362
3.444592790387183, -93.08225
3.5246995994659547, -95.75315
3.6048064085447264, -39.64963
3.684913217623498, -37.40354
3.76502002670227, -40.67014
3.8451268357810413, -37.28635
3.925233644859813, -37.12034
4.005340453938585, -40.96311
4.085447263017357, -37.301
4.165554072096128, -37.35471
4.2456608811749, -41.28538
4.325767690253672, -37.63303
4.405874499332444, -37.62327
4.4859813084112155, -40.6262
4.566088117489987, -38.73655
4.646194926568758, -37.99924
4.72630173564753, -38.8928
4.806408544726302, -42.39377
4.886515353805073, -39.57151
4.966622162883845, -39.01487
5.046728971962617, -39.18577
5.126835781041389, -41.19748
5.2069425901201605, -44.62522
5.287049399198932, -43.47776
5.367156208277704, -42.53049
5.447263017356476, -42.2717
5.5273698264352475, -42.5842
5.607476635514019, -43.71702
5.68758344459279, -45.36252
5.767690253671562, -47.01291
5.847797062750334, -47.73557
5.9279038718291055, -46.47092
6.008010680907877, -44.62522
6.088117489986649, -42.51096
6.168224299065421, -40.09397
6.248331108144193, -37.49631
6.328437917222964, -35.09397
6.408544726301736, -32.95041
6.488651535380508, -31.11936
6.56875834445928, -29.55686
6.648865153538051, -28.20432
6.728971962616822, -27.05198
6.809078771695594, -26.09983
6.889185580774366, -25.37717
6.969292389853138, -24.76682
7.049399198931909, -24.35178
7.129506008010681, -24.03928
7.209612817089453, -23.80979
7.289719626168225, -23.71213
7.369826435246996, -23.65842
7.449933244325768, -23.66819
7.53004005340454, -23.7512
7.610146862483312, -23.89768
7.690253671562083, -22.43284
7.770360480640854, -22.39866
7.850467289719626, -22.57444
7.930574098798398, -22.80881
8.01068090787717, -23.05784
8.090787716955942, -23.31174
8.170894526034713, -23.55588
8.251001335113484, -23.79026
8.331108144192257, -24.01487
8.411214953271028, -24.26389
8.4913217623498, -24.50803
8.571428571428571, -24.75705
8.651535380507344, -24.99631
8.731642189586115, -25.23069
8.811748998664887, -25.46995
8.891855807743658, -25.71409
8.971962616822431, -25.96311
9.052069425901202, -26.20237
9.132176234979974, -26.45139
9.212283044058745, -26.69065
9.292389853137516, -26.93967
9.372496662216289, -27.16916
9.45260347129506, -27.40842
9.532710280373832, -27.65745
9.612817089452603, -27.89182
9.692923898531376, -28.14084
9.773030707610147, -28.3801
9.85313751668892, -28.62912
9.93324432576769, -28.87815
10.013351134846463, -29.11741
10.093457943925234, -29.3469
10.173564753004007, -29.58127
10.253671562082777, -29.82053
10.333778371161548, -30.05979
10.413885180240321, -30.30393
10.493991989319092, -30.55784
10.574098798397864, -30.79709
10.654205607476635, -31.04612
10.734312416555408, -31.29026
10.814419225634179, -31.52463
10.894526034712952, -31.77366
10.974632843791722, -32.01291
11.054739652870495, -32.25217
11.134846461949266, -32.49631
11.214953271028039, -32.73557
11.29506008010681, -32.97483
11.37516688918558, -33.21897
11.455273698264353, -33.45823
11.535380507343124, -33.69748
11.615487316421897, -33.94163
11.695594125500667, -34.18577
11.77570093457944, -34.42502
11.855807743658211, -34.67893
11.935914552736984, -34.92307
12.016021361815755, -35.15745
12.096128170894527, -35.41135
12.176234979973298, -35.66526
12.25634178905207, -35.89963
12.336448598130842, -36.13401
12.416555407209612, -36.37815
12.496662216288385, -36.61741
12.576769025367156, -36.86155
12.656875834445929, -37.10569
12.7369826435247, -37.34983
12.817089452603472, -37.58909
12.897196261682243, -37.82834
12.977303070761016, -38.0676
13.057409879839787, -38.30686
13.13751668891856, -38.55588
13.21762349799733, -38.79514
13.297730307076103, -39.04416
13.377837116154874, -39.28342
13.457943925233645, -39.53245
13.538050734312417, -39.78147
13.618157543391188, -40.01096
13.69826435246996, -40.2551
13.778371161548732, -40.48948
13.858477970627504, -40.72873
13.938584779706275, -40.97288
14.018691588785048, -41.2219
14.098798397863819, -41.45139
14.178905206942591, -41.70041
14.259012016021362, -41.93967
14.339118825100135, -42.1887
14.419225634178906, -42.4426
14.499332443257677, -42.69651
14.57943925233645, -42.93088
14.65954606141522, -43.17991
14.739652870493993, -43.41916
14.819759679572764, -43.6633
14.899866488651536, -43.90745
14.979973297730307, -44.1467
15.06008010680908, -44.38596
15.14018691588785, -44.62034
15.220293724966623, -44.85471
15.300400534045394, -45.08909
15.380507343124165, -45.33323
15.460614152202938, -45.57248
15.540720961281709, -45.82151
15.620827770360481, -46.06565
15.700934579439252, -46.32932
15.781041388518025, -46.57834
15.861148197596796, -46.82737
15.941255006675568, -47.06663
16.02136181575434, -47.30588
16.10146862483311, -47.53538
16.181575433911885, -47.7844
16.261682242990656, -48.01877
16.341789052069426, -48.25803
16.421895861148197, -48.49241
16.502002670226968, -48.72678
16.582109479305743, -48.96604
16.662216288384514, -49.21506
16.742323097463284, -49.46409
16.822429906542055, -49.71799
16.90253671562083, -49.98655
16.9826435246996, -50.23069
17.06275033377837, -50.50901
17.142857142857142, -50.77756
17.222963951935917, -51.0217
17.303070761014688, -51.28538
17.38317757009346, -51.54416
17.46328437917223, -51.77366
17.543391188251, -52.00803
17.623497997329775, -52.24241
17.703604806408546, -52.45237
17.783711615487316, -52.68186
17.863818424566087, -52.8967
17.943925233644862, -53.13108
18.024032042723633, -53.36057
18.104138851802404, -53.61448
18.184245660881174, -53.85862
18.26435246995995, -54.07834
18.34445927903872, -54.32737
18.42456608811749, -54.55198
18.50467289719626, -54.79123
18.584779706275032, -55.07444
18.664886515353807, -55.30881
18.744993324432578, -55.57248
18.82510013351135, -55.78245
18.90520694259012, -56.01682
18.985313751668894, -56.20237
19.065420560747665, -56.44651
19.145527369826436, -56.7053
19.225634178905207, -56.92014
19.30574098798398, -57.12522
19.385847797062752, -57.35959
19.465954606141523, -57.56955
19.546061415220294, -57.79416
19.626168224299064, -58.07737
19.70627503337784, -58.37522
19.78638184245661, -58.61448
19.86648865153538, -58.84397
19.94659546061415, -59.15159
20.026702269692926, -59.46897
20.106809078771697, -59.71799
20.186915887850468, -60.01096
20.26702269692924, -60.30881
20.347129506008013, -60.5676
20.427236315086784, -60.78245
20.507343124165555, -61.00705
20.587449933244326, -61.21213
20.667556742323097, -61.3928
20.74766355140187, -61.66623
20.827770360480642, -61.88108
20.907877169559413, -62.11057
20.987983978638184, -62.37424
21.068090787716958, -62.62815
21.14819759679573, -62.83323
21.2283044058745, -63.00901
21.30841121495327, -63.17502
21.388518024032045, -63.47776
21.468624833110816, -63.62424
21.548731642189587, -64.0051
21.628838451268358, -64.24436
21.70894526034713, -64.47873
21.789052069425903, -64.801
21.869158878504674, -65.15745
21.949265687583445, -65.32834
22.029372496662216, -65.56272
22.10947930574099, -65.86545
22.18958611481976, -66.06565
22.269692923898532, -66.39768
22.349799732977303, -66.69553
22.429906542056077, -66.94455
22.510013351134848, -67.11545
22.59012016021362, -67.24729
22.67022696929239, -67.45237
22.75033377837116, -67.63303
22.830440587449935, -67.70627
22.910547396528706, -68.00901
22.990654205607477, -68.21897
23.070761014686248, -68.37034
23.150867823765022, -68.43381
23.230974632843793, -68.5803
23.311081441922564, -68.82444
23.391188251001335, -68.8928
23.47129506008011, -69.36643
23.55140186915888, -69.81565
23.63150867823765, -70.1135
23.711615487316422, -70.49436
23.791722296395193, -70.79709
23.871829105473967, -71.1926
23.951935914552738, -71.3928
24.03204272363151, -71.40256
24.11214953271028, -71.66623
24.192256341789054, -71.89084
24.272363150867825, -72.14963
24.352469959946596, -72.35471
24.432576769025367, -72.50608
24.51268357810414, -72.60373
24.592790387182912, -72.74534
24.672897196261683, -72.90647
24.753004005340454, -72.8967
24.833110814419225, -73.02366
24.913217623498, -73.33616
24.99332443257677, -73.45823
25.07343124165554, -73.59495
25.153538050734312, -73.68284
25.233644859813086, -73.90256
25.313751668891857, -74.37131
25.39385847797063, -74.49827
25.4739652870494, -74.74729
25.554072096128174, -75.02073
25.634178905206944, -76.09495
25.714285714285715, -76.42698
25.794392523364486, -76.90549
25.874499332443257, -77.41819
25.95460614152203, -78.41428
26.034712950600802, -78.86838
26.114819759679573, -79.95237
26.194926568758344, -80.47971
26.27503337783712, -80.67991
26.35514018691589, -81.60764
26.43524699599466, -81.78342
26.51535380507343, -81.3635
26.595460614152206, -81.17795
26.675567423230977, -81.10471
26.755674232309747, -81.07541
26.83578104138852, -81.20237
26.91588785046729, -80.69455
26.995994659546064, -80.7092
27.076101468624834, -80.83616
27.156208277703605, -80.98752
27.236315086782376, -81.71506
27.31642189586115, -81.39768
27.39652870493992, -80.70432
27.476635514018692, -80.83127
27.556742323097463, -81.48069
27.636849132176238, -82.46702
27.71695594125501, -82.78928
27.79706275033378, -83.93674
27.87716955941255, -84.34202
27.95727636849132, -84.12229
28.037383177570096, -84.08323
28.117489986648867, -84.60569
28.197596795727637, -85.09885
28.27770360480641, -88.90745
28.357810413885183, -89.56174
28.437917222963954, -89.67893
28.518024032042725, -89.57151
28.598130841121495, -88.76096
28.67823765020027, -90.59202
28.75834445927904, -91.30979
28.83845126835781, -91.69065
28.918558077436582, -94.31272
28.998664886515353, -93.46311
29.078771695594128, -94.78147
29.1588785046729, -91.89084
29.23898531375167, -89.79612
29.31909212283044, -89.9133
29.399198931909215, -92.4426
29.479305740987986, -91.28049
29.559412550066757, -90.40159
29.639519359145527, -90.35764
29.719626168224302, -90.41135
29.799732977303073, -90.0842
29.879839786381844, -89.58616
29.959946595460615, -89.84983
30.040053404539385, -90.12327
30.12016021361816, -90.67991
30.20026702269693, -90.44065
30.2803738317757, -90.79221
30.360480640854473, -92.05198
30.440587449933247, -91.97873
30.520694259012018, -92.25705
30.60080106809079, -92.65256
30.68090787716956, -92.86252
30.76101468624833, -92.61838
30.841121495327105, -92.31077
30.921228304405876, -92.24241
31.001335113484647, -92.97971
31.081441922563418, -93.36545
31.161548731642192, -94.29807
31.241655540720963, -98.88791
31.321762349799734, -98.15549
31.401869158878505, -97.34983
31.48197596795728, -94.85959
31.56208277703605, -93.67307
31.64218958611482, -91.26096
31.72229639519359, -91.72971
31.802403204272363, -92.91623
31.882510013351137, -94.15159
31.962616822429908, -91.35862
32.04272363150868, -89.6008
32.12283044058745, -90.61643
32.20293724966622, -91.33909
32.28304405874499, -90.42112
32.36315086782377, -92.02268
32.44325767690254, -93.01877
32.52336448598131, -92.23752
32.60347129506008, -91.66623
32.68357810413885, -92.15452
32.763684913217624, -91.96897
32.843791722296395, -90.97288
32.923898531375166, -89.53733
33.004005340453936, -88.50705
33.084112149532714, -88.25315
33.164218958611485, -87.73069
33.244325767690256, -88.61936
33.32443257676903, -88.88791
33.4045393858478, -89.176
33.48464619492657, -89.01487
33.56475300400534, -89.03928
33.64485981308411, -89.69358
33.72496662216289, -89.42014
33.80507343124166, -89.3469
33.88518024032043, -91.13889
33.9652870493992, -89.36155
34.04539385847797, -88.73655
34.12550066755674, -87.53049
34.205607476635514, -87.08127
34.285714285714285, -86.59299
34.365821094793056, -86.41233
34.445927903871834, -86.40745
34.526034712950604, -87.46213
34.606141522029375, -87.02268
34.686248331108146, -87.45237
34.76635514018692, -87.82346
34.84646194926569, -88.26291
34.92656875834446, -88.36545
35.00667556742323, -89.70823
35.086782376502, -90.37229
35.16688918558078, -93.83909
35.24699599465955, -94.72288
35.32710280373832, -93.01389
35.40720961281709, -92.56467
35.48731642189586, -92.23264
35.56742323097463, -92.99924
35.647530040053404, -93.11643
35.727636849132175, -92.28635
35.80774365821095, -91.7883
35.887850467289724, -90.86057
35.967957276368494, -89.6008
36.048064085447265, -89.72288
36.128170894526036, -90.06467
36.20827770360481, -88.4094
36.28838451268358, -86.3342
36.36849132176235, -86.051
36.44859813084112, -85.22092
36.5287049399199, -85.39182
36.60881174899867, -85.58713
36.68891855807744, -85.93381
36.76902536715621, -86.5344
36.84913217623498, -85.75803
36.92923898531375, -85.59202
37.00934579439252, -84.57151
37.089452603471294, -84.72776
37.169559412550065, -85.41135
37.24966622162884, -85.7385
37.329773030707614, -86.30491
37.409879839786385, -86.32444
37.489986648865155, -87.10569
37.570093457943926, -85.9387
37.6502002670227, -85.88498
37.73030707610147, -88.05295
37.81041388518024, -87.61838
37.89052069425902, -86.57834
37.97062750333779, -86.676
38.05073431241656, -87.17405
38.13084112149533, -86.72483
38.2109479305741, -86.0217
38.29105473965287, -85.30881
38.37116154873164, -85.51877
38.45126835781041, -85.54807
38.531375166889184, -86.72483
38.61148197596796, -88.57053
38.69158878504673, -87.90647
38.771695594125504, -88.02854
38.851802403204275, -88.58518
38.931909212283045, -85.86545
39.012016021361816, -85.31858
39.09212283044059, -85.10373
39.17222963951936, -85.19163
39.25233644859813, -84.69846
39.33244325767691, -84.24924
39.41255006675568, -83.70237
39.49265687583445, -83.75608
39.57276368491322, -82.69163
39.65287049399199, -81.71018
39.73297730307076, -81.71018
39.81308411214953, -83.02366
39.8931909212283, -82.64768
39.97329773030708, -82.3303
40.05340453938585, -82.24241
40.13351134846462, -82.67698
40.213618157543394, -82.99924
40.293724966622165, -83.03342
40.373831775700936, -82.8967
40.453938584779706, -82.16916
40.53404539385848, -82.14475
40.61415220293725, -82.85276
40.694259012016026, -83.39475
40.7743658210948, -83.19455
40.85447263017357, -84.07834
40.93457943925234, -84.00998
41.01468624833111, -84.22971
41.09479305740988, -84.84495
41.17489986648865, -86.20725
41.25500667556742, -87.39866
41.33511348464619, -87.21799
41.41522029372497, -86.52463
41.49532710280374, -85.40159
41.57543391188251, -85.35276
41.655540720961284, -85.31858
41.735647530040055, -84.42502
41.815754339118826, -83.84397
41.895861148197596, -83.01389
41.97596795727637, -83.20432
42.05607476635514, -83.29709
42.136181575433916, -83.26291
42.21628838451269, -82.63791
42.29639519359146, -82.53049
42.37650200267023, -82.09104
42.456608811749, -82.27659
42.53671562082777, -82.32541
42.61682242990654, -82.63791
42.69692923898531, -82.83811
42.77703604806409, -83.80002
42.85714285714286, -83.06272
42.93724966622163, -82.85276
43.0173564753004, -82.7258
43.097463284379174, -82.72092
43.177570093457945, -82.15452
43.257676902536716, -82.14475
43.33778371161549, -82.02756
43.41789052069426, -82.1301
43.497997329773035, -81.97873
43.578104138851806, -81.52952
43.65821094793058, -81.19748
43.73831775700935, -80.98752
43.81842456608812, -81.50998
43.89853137516689, -81.65647
43.97863818424566, -82.00803
44.05874499332443, -81.82248
44.1388518024032, -81.52952
44.21895861148198, -80.77268
44.29906542056075, -80.44553
44.37917222963952, -80.39182
44.45927903871829, -80.51389
44.539385847797064, -80.95334
44.619492656875835, -80.95334
44.699599465954606, -81.15354
44.77970627503338, -80.88498
44.859813084112155, -80.60178
44.939919893190925, -80.67014
45.020026702269696, -80.9094
45.10013351134847, -80.1135
45.18024032042724, -80.12327
45.26034712950601, -80.08909
45.34045393858478, -79.7717
45.42056074766355, -79.71799
45.50066755674232, -79.47873
45.5807743658211, -79.42991
45.66088117489987, -79.53733
45.74098798397864, -79.54221
45.82109479305741, -79.92795
45.90120160213618, -80.16233
45.981308411214954, -80.22092
46.061415220293725, -80.84592
46.141522029372496, -81.1633
46.22162883845127, -80.79709
46.301735647530045, -80.52854
46.381842456608815, -80.6262
46.461949265687586, -80.47483
46.54205607476636, -80.29905
46.62216288384513, -79.66428
46.7022696929239, -79.99143
46.78237650200267, -80.09885
46.86248331108144, -80.13791
46.94259012016022, -80.00608
47.02269692923899, -80.24534
47.10280373831776, -80.31858
47.18291054739653, -80.51877
47.2630173564753, -80.58713
47.34312416555407, -80.70432
47.423230974632844, -80.91428
47.503337783711615, -80.72873
47.583444592790386, -81.12424
47.663551401869164, -80.69944
47.743658210947935, -80.78733
47.823765020026705, -80.5676
47.903871829105476, -80.75803
47.98397863818425, -80.64084
48.06408544726302, -80.5969
48.14419225634179, -81.04612
48.22429906542056, -80.92893
48.30440587449933, -81.09006
48.38451268357811, -81.50998
48.46461949265688, -81.58323
48.54472630173565, -82.02756
48.62483311081442, -82.60862
48.70493991989319, -83.21409
48.78504672897196, -83.94651
48.865153538050734, -84.84495
48.945260347129505, -85.46506
49.02536715620828, -86.02659
49.105473965287054, -85.96799
49.185580774365825, -86.24631
49.265687583444596, -87.47678
49.345794392523366, -87.11057
49.42590120160214, -87.82346
49.50600801068091, -86.07541
49.58611481975968, -84.71311
49.66622162883845, -84.10764
49.74632843791723, -83.61448
49.826435246996, -83.53147
49.90654205607477, -83.63889
49.98664886515354, -84.26877
50.06675567423231, -83.91233
50.14686248331108, -84.22971
50.22696929238985, -83.67795
50.307076101468624, -83.6633
50.387182910547395, -84.72776
50.46728971962617, -84.76682
50.547396528704944, -86.21213
50.627503337783715, -86.92502
50.707610146862486, -87.301
50.78771695594126, -89.60569
50.86782376502003, -89.80588
50.9479305740988, -90.75803
51.02803738317757, -92.9553
51.10814419225635, -92.97483
51.18825100133512, -94.6594
51.26835781041389, -96.29514
51.34846461949266, -96.27561
51.42857142857143, -100.4406
51.5086782376502, -106.5198
51.58878504672897, -98.02854
51.66889185580774, -94.02463
51.748998664886514, -94.84983
51.82910547396529, -93.67307
51.90921228304406, -93.96116
51.989319092122834, -93.78049
52.069425901201605, -93.6926
52.149532710280376, -92.45725
52.22963951935915, -91.15354
52.30974632843792, -90.96799
52.38985313751669, -89.23459
52.46995994659546, -90.15256
52.55006675567424, -90.19163
52.63017356475301, -90.46018
52.71028037383178, -92.05686
52.79038718291055, -91.88596
52.87049399198932, -96.97873
52.95060080106809, -94.66916
53.03070761014686, -93.95627
53.11081441922563, -95.77756
53.19092122830441, -95.09885
53.27102803738318, -92.9553
53.35113484646195, -92.97483
53.431241655540724, -92.82346
53.511348464619495, -93.17991
53.591455273698266, -95.69944
53.67156208277704, -95.03049
53.75166889185581, -95.15745
53.83177570093458, -94.2883
53.911882510013356, -94.48362
53.99198931909213, -96.37815
54.0720961281709, -93.55588
54.15220293724967, -97.28147
54.23230974632844, -92.66721
54.31241655540721, -91.91526
54.39252336448598, -90.0842
54.47263017356475, -89.72288
54.55273698264352, -88.60959
54.6328437917223, -87.42307
54.71295060080107, -87.1594
54.79305740987984, -87.32053
54.873164218958614, -87.26682
54.953271028037385, -86.27073
55.033377837116156, -86.38791
55.11348464619493, -86.72483
55.1935914552737, -87.06174
55.273698264352475, -88.27268
55.353805073431246, -87.80393
55.43391188251002, -88.01389
55.51401869158879, -87.31565
55.59412550066756, -87.62327
55.67423230974633, -87.34495
55.7543391188251, -87.36936
55.83444592790387, -88.04319
55.91455273698264, -89.56174
55.99465954606142, -90.05979
56.07476635514019, -89.61057
56.15487316421896, -88.9758
56.23497997329773, -87.44748
56.315086782376504, -87.12034
56.395193591455275, -86.68088
56.475300400534046, -86.71506
56.55540720961282, -87.66721
56.63551401869159, -88.37522
56.715620827770366, -87.37913
56.795727636849136, -87.00803
56.87583444592791, -87.51584
56.95594125500668, -87.52561
57.03604806408545, -88.57541
57.11615487316422, -88.77073
57.19626168224299, -89.69846
57.27636849132176, -91.51487
57.35647530040054, -91.3635
57.43658210947931, -91.66135
57.51668891855808, -89.1467
57.59679572763685, -89.75217
57.67690253671562, -113.8894
57.757009345794394, -113.9474
57.837116154873165, -114.0043
57.917222963951936, -114.0602
57.99732977303071, -114.1151
58.077436582109485, -114.169
58.157543391188256, -114.2219
58.237650200267026, -114.2737
58.3177570093458, -114.3246
58.39786381842457, -114.3744
58.47797062750334, -114.4232
58.55807743658211, -114.471
58.63818424566088, -114.5178
58.71829105473965, -114.5386
58.79839786381843, -114.5571
58.8785046728972, -114.5732
58.95861148197597, -114.5871
59.03871829105474, -114.5985
59.11882510013351, -114.6077
59.198931909212284, -114.6145
59.279038718291055, -114.619
59.359145527369826, -114.6212
59.439252336448604, -114.6211
59.519359145527375, -114.6186
59.599465954606146, -114.6138
59.67957276368492, -114.6066
59.75967957276369, -114.5972
59.83978638184246, -114.5854
59.91989319092123, -114.5712
60.0, -114.5548
