% Measurement ID: 2955
% Mode ID: 1
% Date and time: 2020-02-11 14:20:54
% Sample ID: TOT23-48
% Measurement type: ringdown
% Frequency [Hz]: 72041.0
% Quality factor: 3931807.579243797
% Temperature [K]: 293.0
% Pressure [mBar]: 5.96e-08
% Notes: 
% 
%
% measurement data
% time [s], power [dBm]
0.0, 7.694117
0.16221628838451269, 7.669703
0.32443257676902537, 7.699
0.48664886515353806, 7.777125
0.6488651535380507, 7.777125
0.8110814419225634, 7.801539
0.9732977303070761, 7.830836
1.1355140186915889, 7.82107
1.2977303070761015, 7.811305
1.4599465954606141, 7.816187
1.6221628838451267, 7.899195
1.7843791722296396, 7.923609
1.9465954606141522, 7.943141
2.108811748998665, 8.016383
2.2710280373831777, 8.143336
2.4332443257676903, 8.065211
2.595460614152203, 7.679469
2.7576769025367156, 7.757594
2.9198931909212282, 7.786891
3.082109479305741, 7.786891
3.2443257676902535, 7.796656
3.4065420560747666, 7.752711
3.568758344459279, 7.777125
3.730974632843792, 7.762477
3.8931909212283045, 7.689234
4.0554072096128175, 7.615992
4.21762349799733, 7.611109
4.379839786381843, 7.601344
4.542056074766355, 7.513453
4.704272363150868, 7.489039
4.866488651535381, 7.435328
5.028704939919893, 7.381617
5.190921228304406, 7.288844
5.353137516688919, 7.26443
5.515353805073431, 7.200953
5.677570093457944, 7.152125
5.8397863818424565, 7.10818
6.002002670226969, 7.020289
6.164218958611482, 7.010523
6.326435246995994, 6.995875
6.488651535380507, 6.961695
6.6508678237650205, 7.371852
6.813084112149533, 7.376734
6.975300400534046, 7.332789
7.137516688918558, 7.176539
7.299732977303071, 7.044703
7.461949265687584, 6.453883
7.624165554072096, 6.434352
7.786381842456609, 6.434352
7.9485981308411215, 6.405055
8.110814419225635, 6.268336
8.273030707610147, 6.268336
8.43524699599466, 6.214625
8.597463284379172, 6.302516
8.759679572763686, 6.595484
8.921895861148197, 6.561305
9.08411214953271, 5.975367
9.246328437917223, 5.936305
9.408544726301736, 5.745875
9.570761014686248, 5.716578
9.732977303070761, 5.662867
9.895193591455273, 5.540797
10.057409879839787, 5.516383
10.219626168224298, 5.433375
10.381842456608812, 5.35525
10.544058744993325, 5.316187
10.706275033377837, 5.179469
10.86849132176235, 5.091578
11.030707610146862, 5.062281
11.192923898531376, 4.974391
11.355140186915888, 4.891383
11.517356475300401, 4.85232
11.679572763684913, 4.544703
11.841789052069426, -10.19651
12.004005340453938, -5.333227
12.166221628838452, -12.71604
12.328437917222963, -8.634008
12.490654205607477, -3.8635
12.652870493991989, -4.410375
12.815086782376502, -1.412328
12.977303070761014, 2.938258
13.139519359145527, 2.572047
13.301735647530041, -0.9240469
13.463951935914553, 0.6628672
13.626168224299066, -0.6945547
13.788384512683578, 1.7615
13.950600801068092, 2.274195
14.112817089452603, 2.220484
14.275033377837117, 2.337672
14.437249666221629, 2.376734
14.599465954606142, 2.606227
14.761682242990654, 2.454859
14.923898531375167, 2.518336
15.086114819759679, 2.615992
15.248331108144193, 2.440211
15.410547396528704, 2.435328
15.572763684913218, 2.391383
15.734979973297731, 2.620875
15.897196261682243, 2.489039
16.059412550066757, 2.298609
16.22162883845127, 2.054469
16.38384512683578, 2.459742
16.546061415220294, 2.435328
16.708277703604807, 2.381617
16.87049399198932, 2.249781
17.03271028037383, 2.235133
17.194926568758344, 2.161891
17.357142857142858, 2.069117
17.51935914552737, 1.961695
17.68157543391188, 1.971461
17.843791722296395, 1.907984
18.006008010680908, 1.854273
18.16822429906542, 1.771266
18.330440587449935, 1.693141
18.492656875834445, 1.615016
18.65487316421896, 1.541773
18.817089452603472, 1.48318
18.979305740987986, 1.390406
19.141522029372496, 1.307398
19.30373831775701, 1.234156
19.465954606141523, 1.156031
19.628170894526036, 1.068141
19.790387182910546, 0.98025
19.95260347129506, 0.9167734
20.114819759679573, 0.8581797
20.277036048064087, 0.745875
20.439252336448597, 0.6726328
20.60146862483311, 0.6091562
20.763684913217624, 0.5261484
20.925901201602137, 0.4431406
21.08811748998665, 0.3601328
21.25033377837116, 0.277125
21.412550066755674, 0.199
21.574766355140188, 0.1257578
21.7369826435247, 0.05251562
21.89919893190921, -0.01584375
22.061415220293725, -0.09396875
22.22363150867824, -0.1867422
22.385847797062752, -0.2502188
22.548064085447262, -0.3234609
22.710280373831775, -0.4015859
22.87249666221629, -0.3771719
23.034712950600802, -0.426
23.196929238985312, -0.6213125
23.359145527369826, -0.6994375
23.52136181575434, -0.7580313
23.683578104138853, -0.8849844
23.845794392523366, -0.9289297
24.008010680907876, -0.9875234
24.17022696929239, -1.124242
24.332443257676903, -1.182836
24.494659546061417, -1.275609
24.656875834445927, -1.348852
24.81909212283044, -1.383031
24.981308411214954, -1.480688
25.143524699599467, -1.578344
25.305740987983977, -1.632055
25.46795727636849, -1.71018
25.630173564753004, -1.802953
25.792389853137518, -1.895727
25.954606141522028, -1.964086
26.11682242990654, -2.037328
26.279038718291055, -2.130102
26.44125500667557, -2.213109
26.603471295060082, -2.247289
26.765687583444592, -2.354711
26.927903871829105, -2.442602
27.09012016021362, -2.476781
27.252336448598133, -2.608617
27.414552736982643, -2.662328
27.576769025367156, -2.716039
27.73898531375167, -2.823461
27.901201602136183, -2.857641
28.063417890520693, -2.979711
28.225634178905207, -3.038305
28.38785046728972, -3.150609
28.550066755674234, -3.189672
28.712283044058747, -3.311742
28.874499332443257, -3.355688
29.03671562082777, -3.438695
29.198931909212284, -3.541234
29.361148197596798, -3.604711
29.523364485981308, -3.70725
29.68558077436582, -3.775609
29.847797062750335, -3.848852
30.010013351134848, -3.926977
30.172229639519358, -4.024633
30.33444592790387, -4.088109
30.496662216288385, -4.21018
30.6588785046729, -4.249242
30.82109479305741, -4.337133
30.983311081441922, -4.381078
31.145527369826436, -4.498266
31.30774365821095, -4.532445
31.469959946595463, -4.64475
31.632176234979973, -4.757055
31.794392523364486, -4.771703
31.956608811749, -4.908422
32.11882510013351, -4.869359
32.28104138851803, -5.025609
32.44325767690254, -5.098852
32.60547396528705, -5.152563
32.76769025367156, -5.245336
32.929906542056074, -5.308813
33.09212283044059, -5.416234
33.2543391188251, -5.465063
33.416555407209614, -5.572484
33.57877169559413, -5.601781
33.74098798397864, -5.733617
33.903204272363155, -5.787328
34.06542056074766, -5.89475
34.227636849132175, -5.899633
34.38985313751669, -5.977758
34.5520694259012, -6.090063
34.714285714285715, -6.187719
34.87650200267023, -6.221898
35.03871829105474, -6.48557
35.200934579439256, -6.505102
35.36315086782376, -6.597875
35.525367156208276, -6.646703
35.68758344459279, -6.759008
35.8497997329773, -6.837133
36.012016021361816, -6.944555
36.17423230974633, -7.017797
36.33644859813084, -7.095922
36.49866488651536, -7.164281
36.66088117489987, -7.26682
36.82309746328438, -7.354711
36.98531375166889, -7.569555
37.147530040053404, -7.652563
37.30974632843792, -7.681859
37.47196261682243, -7.89182
37.634178905206944, -7.823461
37.79639519359146, -7.789281
37.95861148197597, -7.886938
38.12082777036048, -7.930883
38.28304405874499, -8.004125
38.445260347129505, -8.101781
38.60747663551402, -8.184789
38.76969292389853, -8.243383
38.931909212283045, -8.350805
39.09412550066756, -8.414281
39.25634178905207, -8.487523
39.418558077436586, -8.560766
39.58077436582109, -8.643773
39.742990654205606, -8.746313
39.90520694259012, -8.785375
40.06742323097463, -8.878148
40.22963951935915, -8.926977
40.39185580774366, -9.01975
40.55407209612817, -9.058813
40.71628838451269, -9.156469
40.87850467289719, -9.254125
41.04072096128171, -9.337133
41.20293724966622, -9.425023
41.365153538050734, -9.52268
41.52736982643525, -9.620336
41.68958611481976, -9.64475
41.851802403204275, -9.781469
42.01401869158879, -9.757055
42.1762349799733, -9.893773
42.33845126835781, -9.981664
42.50066755674232, -10.06467
42.662883845126835, -10.18674
42.82510013351135, -10.25022
42.98731642189586, -10.41623
43.149532710280376, -10.50413
43.31174899866489, -10.61643
43.4739652870494, -10.7092
43.63618157543391, -10.80686
43.79839786381842, -10.86057
43.960614152202936, -10.92893
44.12283044058745, -11.0217
44.28504672897196, -11.09006
44.44726301735648, -11.17307
44.60947930574099, -11.26584
44.771695594125504, -11.35373
44.93391188251002, -11.43674
45.096128170894524, -21.51975
45.25834445927904, -16.96409
45.42056074766355, -12.96995
45.582777036048064, -12.37913
45.74499332443258, -12.3303
45.90720961281709, -12.38889
46.069425901201605, -12.36448
46.23164218958612, -12.36448
46.393858477970625, -12.31565
46.55607476635514, -12.22776
46.71829105473965, -12.34006
46.880507343124165, -14.52756
47.04272363150868, -14.42991
47.20493991989319, -14.32248
47.367156208277706, -13.45823
47.52937249666222, -13.41428
47.69158878504673, -13.51682
47.85380507343124, -13.7219
48.01602136181575, -13.54123
48.178237650200266, -13.17014
48.34045393858478, -13.14573
48.50267022696929, -13.18479
48.66488651535381, -13.32639
48.82710280373832, -13.4094
48.989319092122834, -13.46799
49.15153538050734, -13.56077
49.313751668891854, -13.64866
49.47596795727637, -14.11252
49.63818424566088, -13.88303
49.800400534045394, -13.88791
49.96261682242991, -13.93674
50.12483311081442, -14.00998
50.287049399198935, -14.08811
50.44926568758345, -14.18577
50.611481975967955, -14.30784
50.77369826435247, -14.35666
50.93591455273698, -14.42991
51.098130841121495, -14.53733
51.26034712950601, -14.62522
51.42256341789052, -14.70823
51.584779706275036, -14.82541
51.74699599465955, -14.88889
51.909212283044056, -14.96213
52.07142857142857, -15.05979
52.23364485981308, -15.16233
52.395861148197596, -15.25998
52.55807743658211, -15.35276
52.72029372496662, -15.426
52.88251001335114, -15.44553
53.04472630173565, -15.56272
53.206942590120164, -15.67502
53.36915887850467, -15.73362
53.531375166889184, -15.84592
53.6935914552737, -15.9387
53.85580774365821, -16.00217
54.018024032042725, -16.09983
54.18024032042724, -16.1926
54.34245660881175, -16.25608
54.504672897196265, -16.32932
54.66688918558078, -16.42209
54.829105473965285, -16.51487
54.9913217623498, -16.56858
55.15353805073431, -16.62717
55.315754339118826, -16.71995
55.47797062750334, -16.76389
55.64018691588785, -16.8762
55.802403204272366, -16.96897
55.96461949265688, -17.03245
56.126835781041386, -17.1301
56.2890520694259, -17.28635
56.45126835781041, -17.36936
56.61348464619493, -17.42307
56.77570093457944, -17.52073
56.937917222963954, -17.63303
57.10013351134847, -17.68674
57.26234979973298, -17.71116
57.424566088117494, -17.7844
57.586782376502, -17.85764
57.748998664886514, -17.94553
57.91121495327103, -18.01877
58.07343124165554, -18.10666
58.235647530040055, -18.2092
58.39786381842457, -18.2678
58.56008010680908, -18.37034
58.722296395193595, -18.48264
58.8845126835781, -18.56077
59.046728971962615, -18.63401
59.20894526034713, -18.72678
59.37116154873164, -18.78049
59.533377837116156, -18.85373
59.69559412550067, -18.90256
59.85781041388518, -19.01975
60.020026702269696, -19.15647
60.18224299065421, -19.23948
60.344459279038716, -19.35178
60.50667556742323, -19.47385
60.66889185580774, -19.57639
60.83110814419226, -19.68381
60.99332443257677, -19.76194
61.155540720961284, -19.90842
61.3177570093458, -19.98166
61.47997329773031, -19.98655
61.64218958611482, -20.1135
61.80440587449933, -20.21116
61.966622162883844, -20.26975
62.12883845126836, -20.28928
62.29105473965287, -20.3967
62.453271028037385, -20.45041
62.6154873164219, -20.50413
62.77770360480641, -20.53342
62.939919893190925, -20.60666
63.10213618157543, -20.7092
63.264352469959945, -20.83616
63.42656875834446, -20.86057
63.58878504672897, -20.94358
63.751001335113486, -21.0217
63.913217623498, -21.051
64.07543391188251, -21.12424
64.23765020026703, -21.24143
64.39986648865154, -21.32932
64.56208277703605, -21.38303
64.72429906542057, -21.47092
64.88651535380508, -21.50998
65.0487316421896, -21.5637
65.2109479305741, -21.66623
65.3731642189586, -21.75413
65.53538050734312, -21.92014
65.69759679572763, -21.9592
65.85981308411215, -22.00803
66.02202937249666, -22.09104
66.18424566088117, -22.19358
66.34646194926569, -22.20334
66.5086782376502, -22.34006
66.67089452603471, -22.37913
66.83311081441923, -22.42307
66.99532710280374, -22.52561
67.15754339118826, -22.62815
67.31975967957277, -22.68186
67.48197596795728, -22.76975
67.6441922563418, -22.84299
67.80640854472631, -22.97483
67.96862483311081, -23.05784
68.13084112149532, -23.09202
68.29305740987984, -23.15061
68.45527369826435, -23.22873
68.61748998664886, -23.24827
68.77970627503338, -23.34104
68.94192256341789, -23.44358
69.1041388518024, -23.59006
69.26635514018692, -23.67307
69.42857142857143, -23.77561
69.59078771695594, -23.84397
69.75300400534046, -23.93674
69.91522029372497, -24.0051
70.07743658210948, -24.02463
70.239652870494, -24.03928
70.40186915887851, -24.05393
70.56408544726303, -24.09299
70.72630173564752, -24.21506
70.88851802403204, -24.2883
71.05073431241655, -24.35178
71.21295060080107, -24.41038
71.37516688918558, -24.46409
71.53738317757009, -24.54709
71.6995994659546, -24.60569
71.86181575433912, -24.71799
72.02403204272363, -24.85959
72.18624833110815, -24.84495
72.34846461949266, -24.90842
72.51068090787717, -25.02073
72.67289719626169, -25.16721
72.8351134846462, -25.20627
72.99732977303071, -25.27463
73.15954606141523, -25.35764
73.32176234979974, -25.35764
73.48397863818424, -25.46506
73.64619492656875, -25.46018
73.80841121495327, -25.52366
73.97062750333778, -25.58713
74.1328437917223, -25.7385
74.29506008010681, -25.82151
74.45727636849132, -25.92405
74.61949265687583, -26.01194
74.78170894526035, -26.10959
74.94392523364486, -26.16819
75.10614152202938, -26.29514
75.26835781041389, -26.40256
75.4305740987984, -26.42698
75.59279038718292, -26.47092
75.75500667556743, -26.44163
75.91722296395194, -26.49534
76.07943925233646, -26.51975
76.24165554072096, -26.58811
76.40387182910547, -26.66623
76.56608811748998, -26.69553
76.7283044058745, -26.72483
76.89052069425901, -26.8176
77.05273698264352, -26.95432
77.21495327102804, -26.96897
77.37716955941255, -26.9592
77.53938584779706, -27.11057
77.70160213618158, -27.19846
77.86381842456609, -27.26194
78.0260347129506, -27.39866
78.18825100133512, -27.50608
78.35046728971963, -27.57932
78.51268357810414, -27.65256
78.67489986648866, -27.75022
78.83711615487317, -27.84299
78.99933244325767, -28.09202
79.16154873164218, -28.1262
79.3237650200267, -28.23362
79.48598130841121, -28.21409
79.64819759679573, -28.28245
79.81041388518024, -28.42405
79.97263017356475, -28.48752
80.13484646194927, -28.51194
80.29706275033378, -28.58518
80.4592790387183, -28.6926
80.6214953271028, -28.68772
80.78371161548732, -28.62913
80.94592790387183, -28.62913
81.10814419225635, -28.64866
81.27036048064086, -28.64866
81.43257676902537, -28.80491
81.59479305740989, -28.88791
81.75700934579439, -28.99045
81.9192256341789, -29.13694
82.08144192256341, -29.16623
82.24365821094793, -29.176
82.40587449933244, -29.27366
82.56809078771695, -29.27366
82.73030707610147, -29.04905
82.89252336448598, -29.1467
83.0547396528705, -29.22971
83.21695594125501, -29.33225
83.37917222963952, -29.4592
83.54138851802404, -29.52756
83.70360480640855, -29.56663
83.86582109479306, -29.56174
84.02803738317758, -29.64475
84.19025367156209, -29.74729
84.3524699599466, -29.78635
84.5146862483311, -29.86448
84.67690253671562, -29.96702
84.83911882510013, -29.86448
85.00133511348464, -29.86448
85.16355140186916, -29.87913
85.32576769025367, -30.04026
85.48798397863818, -30.25998
85.6502002670227, -30.45041
85.81241655540721, -30.64084
85.97463284379172, -30.7092
86.13684913217624, -30.8801
86.29906542056075, -30.84104
86.46128170894526, -30.87522
86.62349799732978, -31.04123
86.78571428571429, -31.01682
86.9479305740988, -31.04123
87.11014686248332, -31.11936
87.27236315086782, -31.16819
87.43457943925233, -31.38303
87.59679572763685, -31.54905
87.75901201602136, -31.676
87.92122830440587, -31.72483
88.08344459279039, -31.63205
88.2456608811749, -31.68577
88.40787716955941, -31.85178
88.57009345794393, -31.99827
88.73230974632844, -32.11057
88.89452603471295, -32.19846
89.05674232309747, -32.25705
89.21895861148198, -32.40842
89.3811748998665, -32.50608
89.54339118825101, -32.45725
89.70560747663552, -32.50608
89.86782376502003, -32.43772
90.03004005340453, -32.38401
90.19225634178905, -32.54514
90.35447263017356, -32.44748
90.51668891855807, -32.60862
90.67890520694259, -32.63791
90.8411214953271, -32.68186
91.00333778371161, -32.89182
91.16555407209613, -32.98459
91.32777036048064, -33.12131
91.48998664886516, -33.27756
91.65220293724967, -33.31174
91.81441922563418, -33.29709
91.9766355140187, -33.39475
92.13885180240321, -33.41428
92.30106809078772, -33.49241
92.46328437917224, -33.7219
92.62550066755675, -33.66819
92.78771695594125, -33.81955
92.94993324432576, -33.96604
93.11214953271028, -33.99045
93.27436582109479, -34.43967
93.4365821094793, -34.54709
93.59879839786382, -34.59592
93.76101468624833, -34.85959
93.92323097463284, -34.78635
94.08544726301736, -34.98166
94.24766355140187, -35.04514
94.40987983978638, -35.05002
94.5720961281709, -34.89866
94.73431241655541, -35.0012
94.89652870493993, -35.08909
95.05874499332444, -35.09397
95.22096128170895, -34.9719
95.38317757009347, -35.02073
95.54539385847796, -35.28928
95.70761014686248, -35.51389
95.86982643524699, -35.50901
96.0320427236315, -35.57737
96.19425901201602, -35.60666
96.35647530040053, -35.67991
96.51869158878505, -35.58713
96.68090787716956, -35.48948
96.84312416555407, -35.66526
97.00534045393859, -35.47483
97.1675567423231, -35.38205
97.32977303070761, -35.2258
97.49198931909213, -35.63596
97.65420560747664, -35.58225
97.81642189586115, -35.86545
97.97863818424567, -35.82639
98.14085447263018, -35.74338
98.30307076101468, -35.78245
98.4652870493992, -35.81663
98.62750333778371, -35.98752
98.78971962616822, -35.96799
98.95193591455273, -36.051
99.11415220293725, -36.00217
99.27636849132176, -36.17795
99.43858477970628, -35.96799
99.60080106809079, -35.93381
99.7630173564753, -35.69944
99.92523364485982, -35.7385
100.08744993324433, -35.64084
100.24966622162884, -35.6262
100.41188251001336, -35.76291
100.57409879839787, -35.75315
100.73631508678238, -36.00217
100.8985313751669, -36.28538
101.0607476635514, -36.41233
101.22296395193591, -36.70041
101.38518024032042, -36.73948
101.54739652870494, -36.74924
101.70961281708945, -37.22776
101.87182910547396, -37.22776
102.03404539385848, -37.1008
102.19626168224299, -37.32053
102.3584779706275, -37.66721
102.52069425901202, -37.74045
102.68291054739653, -37.94553
102.84512683578104, -37.94553
103.00734312416556, -37.85764
103.16955941255007, -37.46213
103.33177570093459, -37.2717
103.4939919893191, -37.25217
103.65620827770361, -37.34006
103.81842456608811, -37.03733
103.98064085447263, -36.91526
104.14285714285714, -36.9885
104.30507343124165, -36.8176
104.46728971962617, -36.88596
104.62950600801068, -37.1594
104.79172229639519, -37.55002
104.9539385847797, -37.71116
105.11615487316422, -37.80881
105.27837116154873, -37.94065
105.44058744993325, -38.02854
105.60280373831776, -38.1262
105.76502002670227, -38.5803
105.92723631508679, -38.97092
106.0894526034713, -38.81955
106.25166889185581, -38.8635
106.41388518024033, -39.08323
106.57610146862484, -39.20041
106.73831775700934, -38.92698
106.90053404539385, -38.94651
107.06275033377837, -38.99045
107.22496662216288, -39.01487
107.3871829105474, -39.176
107.54939919893191, -38.79514
107.71161548731642, -38.78049
107.87383177570094, -38.90745
108.03604806408545, -39.42991
108.19826435246996, -39.22483
108.36048064085448, -39.46897
108.52269692923899, -39.63987
108.6849132176235, -39.28342
108.84712950600802, -39.1467
109.00934579439253, -39.48362
109.17156208277704, -39.3469
109.33377837116156, -39.47873
109.49599465954606, -39.65452
109.65821094793057, -39.77659
109.82042723631508, -39.80588
109.9826435246996, -39.92795
110.14485981308411, -39.66428
110.30707610146862, -39.71799
110.46929238985314, -39.96213
110.63150867823765, -39.44944
110.79372496662216, -39.49827
110.95594125500668, -39.53733
111.11815754339119, -39.33713
111.2803738317757, -39.19553
111.44259012016022, -39.24924
111.60480640854473, -38.87815
111.76702269692925, -38.96604
111.92923898531376, -39.20041
112.09145527369827, -39.55198
112.25367156208277, -39.3762
112.41588785046729, -39.47873
112.5781041388518, -39.46897
112.74032042723631, -39.59592
112.90253671562083, -39.44944
113.06475300400534, -39.36643
113.22696929238985, -39.04416
113.38918558077437, -39.46409
113.55140186915888, -39.69358
113.7136181575434, -39.09788
113.87583444592791, -38.93186
114.03805073431242, -39.04905
114.20026702269693, -38.77073
114.36248331108145, -38.67795
114.52469959946596, -38.69748
114.68691588785047, -38.81955
114.84913217623499, -38.80002
115.01134846461949, -38.77073
115.173564753004, -38.71702
115.33578104138851, -38.70237
115.49799732977303, -38.49241
115.66021361815754, -38.46799
115.82242990654206, -38.25803
115.98464619492657, -38.27756
116.14686248331108, -38.46311
116.3090787716956, -38.63401
116.47129506008011, -38.67307
116.63351134846462, -38.63889
116.79572763684914, -38.6926
116.95794392523365, -38.65842
117.12016021361816, -38.68772
117.28237650200268, -38.80491
117.44459279038719, -38.64377
117.6068090787717, -39.06858
117.7690253671562, -39.30784
117.93124165554072, -39.4885
118.09345794392523, -39.6301
118.25567423230974, -39.49827
118.41789052069426, -39.46897
118.58010680907877, -39.21018
118.74232309746328, -39.29319
118.9045393858478, -39.63987
119.06675567423231, -39.35178
119.22897196261682, -39.61545
119.39118825100134, -40.12815
119.55340453938585, -40.49924
119.71562082777037, -40.56272
119.87783711615488, -40.47483
120.04005340453939, -40.70432
120.2022696929239, -40.80198
120.36448598130842, -40.87522
120.52670226969292, -42.05686
120.68891855807743, -42.1887
120.85113484646195, -42.54026
121.01335113484646, -42.60373
121.17556742323097, -42.59885
121.33778371161549, -42.35471
121.5, -42.45725
