% Measurement ID: 2593
% Mode ID: 1
% Date and time: 2020-06-04 12:36:32
% Sample ID: TOT54-46
% Measurement type: ringdown
% Frequency [Hz]: 276131.0
% Quality factor: 10192898.081180125
% Temperature [K]: 293.0
% Pressure [mBar]: 3.24e-07
% Notes: 
% 
%
% measurement data
% time [s], power [dBm]
0.0, -62.04709
0.32643524699599463, -62.07151
0.6528704939919893, -65.3967
0.979305740987984, -62.13987
1.3057409879839785, -58.9758
1.632176234979973, -58.27268
1.958611481975968, -58.17502
2.2850467289719623, -58.56565
2.611481975967957, -57.92112
2.937917222963952, -57.71116
3.264352469959946, -57.34983
3.590787716955941, -17.82834
3.917222963951936, -14.51291
4.24365821094793, -14.73752
4.5700934579439245, -15.35276
4.89652870493992, -13.91233
5.222963951935914, -15.33323
5.5493991989319085, -13.57053
5.875834445927904, -15.77268
6.202269692923898, -12.10569
6.528704939919892, -12.17405
6.855140186915888, -12.56955
7.181575433911882, -8.858617
7.508010680907876, -7.100805
7.834445927903872, -5.948461
8.160881174899865, -4.45432
8.48731642189586, -2.57932
8.813751668891856, -0.5480703
9.140186915887849, 1.307398
9.466622162883844, 2.811305
9.79305740987984, 3.797633
10.119492656875833, 4.173609
10.445927903871828, 4.183375
10.772363150867823, 3.909938
11.098798397863817, 2.957789
11.425233644859812, 1.341578
11.751668891855807, -0.9435781
12.078104138851801, -1.212133
12.404539385847796, -1.446508
12.730974632843791, -1.685766
13.057409879839785, -1.929906
13.38384512683578, -2.169164
13.710280373831775, -2.403539
14.036715620827769, -2.64768
14.363150867823764, -2.89182
14.68958611481976, -3.135961
15.016021361815753, -3.36057
15.342456608811748, -3.609594
15.668891855807743, -3.848852
15.995327102803737, -4.092992
16.32176234979973, -4.337133
16.648197596795725, -4.576391
16.97463284379172, -4.815648
17.301068090787716, -5.050023
17.62750333778371, -5.294164
17.953938584779706, -5.538305
18.280373831775698, -5.782445
18.606809078771693, -6.026586
18.93324432576769, -6.270727
19.259679572763684, -6.500219
19.58611481975968, -6.749242
19.912550066755674, -6.9885
20.238985313751666, -7.227758
20.56542056074766, -7.471898
20.891855807743656, -7.716039
21.21829105473965, -7.96018
21.544726301735647, -8.20432
21.87116154873164, -8.448461
22.197596795727634, -8.692602
22.52403204272363, -8.931859
22.850467289719624, -9.176
23.17690253671562, -9.425023
23.503337783711615, -9.659398
23.829773030707607, -9.898656
24.156208277703602, -10.13791
24.482643524699597, -10.38205
24.809078771695592, -10.61643
25.135514018691588, -10.86545
25.461949265687583, -11.10959
25.788384512683574, -11.35373
26.11481975967957, -11.58323
26.441255006675565, -11.83225
26.76769025367156, -12.08127
27.094125500667555, -12.32541
27.42056074766355, -12.57444
27.746995994659542, -12.82346
28.073431241655538, -13.06272
28.399866488651533, -13.31174
28.726301735647528, -13.53635
29.052736982643523, -13.78537
29.37917222963952, -14.02463
29.70560747663551, -14.26877
30.032042723631506, -14.50315
30.3584779706275, -14.75705
30.684913217623496, -15.00608
31.01134846461949, -15.23557
31.337783711615486, -15.46995
31.664218958611478, -15.69455
31.990654205607473, -15.94846
32.31708945260347, -16.18284
32.64352469959946, -16.41721
32.96995994659546, -16.66135
33.29639519359145, -16.89573
33.62283044058745, -17.12034
33.94926568758344, -17.34983
34.27570093457943, -17.58909
34.60213618157543, -17.8137
34.92857142857142, -18.02854
35.25500667556742, -18.26291
35.581441922563414, -18.53635
35.90787716955941, -18.77561
36.234312416555404, -19.02463
36.560747663551396, -19.26877
36.887182910547395, -19.50803
37.21361815754339, -19.75705
37.540053404539385, -20.02073
37.86648865153538, -20.24534
38.19292389853137, -20.50412
38.51935914552737, -20.76291
38.84579439252336, -20.99729
39.17222963951936, -21.2219
39.49866488651535, -21.4758
39.82510013351135, -21.71018
40.15153538050734, -21.95432
40.47797062750333, -22.20334
40.80440587449933, -22.46213
41.13084112149532, -22.70139
41.45727636849132, -22.97971
41.78371161548731, -23.21409
42.110146862483305, -23.44846
42.4365821094793, -23.67795
42.763017356475295, -23.94162
43.089452603471294, -24.18088
43.415887850467286, -24.40549
43.74232309746328, -24.65452
44.068758344459276, -24.90842
44.39519359145527, -25.17698
44.72162883845127, -25.41623
45.04806408544726, -25.65061
45.37449933244326, -25.9387
45.70093457943925, -26.23166
46.02736982643524, -26.52463
46.35380507343124, -26.77854
46.68024032042723, -26.99827
47.00667556742323, -27.24729
47.33311081441922, -27.48166
47.65954606141521, -27.7551
47.98598130841121, -28.01389
48.312416555407204, -28.25315
48.6388518024032, -28.50705
48.965287049399194, -28.78049
49.29172229639519, -29.07834
49.618157543391185, -29.23459
49.944592790387176, -29.59104
50.271028037383175, -29.80588
50.59746328437917, -30.10373
50.923898531375166, -30.27952
51.25033377837116, -30.50901
51.57676902536715, -30.82639
51.90320427236315, -31.06565
52.22963951935914, -31.32932
52.55607476635514, -31.59299
52.88251001335113, -31.77366
53.20894526034712, -32.04709
53.53538050734312, -32.33518
53.86181575433911, -32.6428
54.18825100133511, -32.91135
54.5146862483311, -33.19944
54.8411214953271, -33.38498
55.16755674232309, -33.70237
55.493991989319085, -33.94163
55.82042723631508, -34.21506
56.146862483311075, -34.54221
56.473297730307074, -34.7717
56.799732977303066, -34.95237
57.12616822429906, -35.19163
57.452603471295056, -35.44553
57.77903871829105, -35.7678
58.10547396528705, -36.11936
58.43190921228304, -36.35373
58.75834445927904, -36.77366
59.08477970627503, -36.97873
59.41121495327102, -37.39866
59.73765020026702, -37.56467
60.06408544726301, -37.60373
60.39052069425901, -37.7551
60.716955941255, -38.01389
61.04339118825099, -38.40452
61.36982643524699, -38.5217
61.696261682242984, -38.87815
62.02269692923898, -39.09299
62.349132176234974, -39.37131
62.67556742323097, -39.69358
63.002002670226965, -40.08909
63.328437917222956, -40.40159
63.654873164218955, -40.86057
63.98130841121495, -41.21213
64.30774365821094, -41.44651
64.63417890520694, -41.72483
64.96061415220294, -42.08616
65.28704939919892, -42.31077
65.61348464619492, -42.45725
65.93991989319092, -42.69163
66.26635514018692, -42.85276
66.5927903871829, -42.76975
66.9192256341789, -42.87229
67.2456608811749, -43.09202
67.57209612817088, -43.07737
67.89853137516688, -43.33616
68.22496662216288, -44.14182
68.55140186915887, -44.45432
68.87783711615486, -44.84006
69.20427236315086, -44.96702
69.53070761014686, -45.28928
69.85714285714285, -45.75315
70.18357810413885, -45.92893
70.51001335113484, -46.1633
70.83644859813083, -46.54416
71.16288384512683, -47.01291
71.48931909212283, -47.32053
71.81575433911883, -47.48166
72.14218958611481, -47.65745
72.46862483311081, -47.75022
72.79506008010681, -47.8967
73.12149532710279, -47.93088
73.44793057409879, -47.66721
73.77436582109479, -47.96018
74.10080106809077, -48.15061
74.42723631508677, -48.16038
74.75367156208277, -48.45334
75.08010680907877, -48.35569
75.40654205607476, -48.27756
75.73297730307075, -48.51682
76.05941255006675, -49.21995
76.38584779706274, -49.32248
76.71228304405874, -49.19553
77.03871829105474, -49.46897
77.36515353805073, -50.05491
77.69158878504672, -50.57737
78.01802403204272, -51.06565
78.34445927903872, -50.96799
78.6708945260347, -50.0012
78.9973297730307, -49.79123
79.3237650200267, -50.27952
79.6502002670227, -50.49436
79.97663551401868, -51.12913
80.30307076101468, -51.53928
80.62950600801068, -51.71995
80.95594125500666, -51.83713
81.28237650200266, -52.55491
81.60881174899866, -52.79416
81.93524699599465, -53.15549
82.26168224299064, -53.41916
82.58811748998664, -54.10764
82.91455273698264, -54.53245
83.24098798397863, -54.55198
83.56742323097463, -54.05393
83.89385847797062, -53.90745
84.22029372496661, -52.64768
84.54672897196261, -52.28635
84.8731642189586, -52.4133
85.1995994659546, -53.38987
85.52603471295059, -53.92698
85.85246995994659, -54.16135
86.17890520694259, -53.70725
86.50534045393857, -52.98948
86.83177570093457, -51.8762
87.15821094793057, -50.95823
87.48464619492655, -51.14377
87.81108144192255, -51.32932
88.13751668891855, -51.23166
88.46395193591455, -52.00803
88.79038718291054, -52.25217
89.11682242990653, -51.90061
89.44325767690253, -52.05198
89.76969292389852, -53.12131
90.09612817089452, -53.9758
90.42256341789052, -54.84006
90.74899866488651, -53.14573
91.0754339118825, -52.53049
91.4018691588785, -53.2092
91.7283044058745, -52.5012
92.05473965287048, -52.62327
92.38117489986648, -52.7258
92.70761014686248, -53.16038
93.03404539385848, -52.76487
93.36048064085446, -51.89084
93.68691588785046, -52.20823
94.01335113484646, -51.96897
94.33978638184244, -51.85178
94.66622162883844, -52.11545
94.99265687583444, -52.76487
95.31909212283043, -52.14963
95.64552736982643, -52.26682
95.97196261682242, -53.6633
96.29839786381842, -53.88791
96.62483311081441, -54.69358
96.9512683578104, -54.10764
97.2777036048064, -54.24436
97.60413885180239, -54.88889
97.93057409879839, -55.82151
98.25700934579439, -56.57346
98.58344459279039, -55.25022
98.90987983978637, -55.98264
99.23631508678237, -58.57541
99.56275033377837, -61.53928
99.88918558077435, -62.11545
100.21562082777035, -63.91233
100.54205607476635, -62.7844
100.86849132176233, -62.45237
101.19492656875833, -60.15256
101.52136181575433, -59.36155
101.84779706275033, -61.63694
102.17423230974632, -62.88694
102.50066755674231, -61.25608
102.82710280373831, -60.68967
103.1535380507343, -59.84006
103.4799732977303, -60.26487
103.8064085447263, -60.78245
104.1328437917223, -61.37815
104.45927903871828, -61.11448
104.78571428571428, -60.76291
105.11214953271028, -59.04905
105.43858477970626, -58.00413
105.76502002670226, -60.89963
106.09145527369826, -59.88401
106.41789052069424, -60.91916
106.74432576769024, -60.87522
107.07076101468624, -59.87913
107.39719626168224, -59.33225
107.72363150867822, -58.2678
108.05006675567422, -58.19455
108.37650200267022, -57.9553
108.7029372496662, -57.02756
109.0293724966622, -57.98459
109.3558077436582, -58.10666
109.6822429906542, -56.14866
110.00867823765019, -56.03635
110.33511348464619, -56.1633
110.66154873164218, -56.11936
110.98798397863817, -56.48557
111.31441922563417, -57.79905
111.64085447263017, -59.06858
111.96728971962617, -57.77463
112.29372496662215, -59.23948
112.62016021361815, -61.23166
112.94659546061415, -60.19651
113.27303070761013, -59.39573
113.59946595460613, -58.28245
113.92590120160213, -59.46228
114.25233644859811, -59.4477
114.57877169559411, -59.43349
114.90520694259011, -59.41963
115.23164218958611, -59.40614
115.5580774365821, -59.39302
115.8845126835781, -59.38026
116.2109479305741, -59.36786
116.53738317757008, -59.35583
116.86381842456608, -59.34416
117.19025367156208, -59.33285
117.51668891855807, -59.32191
117.84312416555406, -59.31133
118.16955941255006, -59.30111
118.49599465954606, -59.29126
118.82242990654204, -59.28177
119.14886515353804, -59.27265
119.47530040053404, -59.26389
119.80173564753002, -59.25401
120.12817089452602, -59.24441
120.45460614152202, -59.2351
120.78104138851802, -59.22608
121.107476635514, -59.21734
121.43391188251, -59.20889
121.760347129506, -59.20072
122.08678237650199, -59.19284
122.41321762349799, -59.18524
122.73965287049398, -59.17793
123.06608811748998, -59.17091
123.39252336448597, -59.16417
123.71895861148197, -59.15771
124.04539385847796, -59.15154
124.37182910547395, -59.14566
124.69826435246995, -59.14006
125.02469959946595, -59.13475
125.35113484646195, -59.12973
125.67757009345793, -59.12499
126.00400534045393, -59.12053
126.33044058744993, -59.11636
126.65687583444591, -59.11248
126.98331108144191, -59.10888
127.30974632843791, -59.10557
127.6361815754339, -59.10255
127.9626168224299, -59.09981
128.28905206942588, -59.09735
128.61548731642188, -59.09518
128.94192256341788, -59.0933
129.26835781041387, -59.0917
129.59479305740987, -59.09039
129.92122830440587, -59.08936
130.24766355140187, -59.08862
130.57409879839784, -59.08816
130.90053404539384, -59.08799
131.22696929238984, -59.08811
131.55340453938584, -59.09333
131.87983978638184, -59.09909
132.20627503337784, -59.1054
132.53271028037383, -59.11225
132.8591455273698, -59.11966
133.1855807743658, -59.1276
133.5120160213618, -59.1361
133.8384512683578, -59.14513
134.1648865153538, -59.15472
134.4913217623498, -59.16485
134.8177570093458, -59.17553
135.14419225634177, -59.18675
135.47062750333777, -59.19852
135.79706275033377, -59.21083
136.12349799732976, -59.22369
136.44993324432576, -59.2371
136.77636849132176, -59.25105
137.10280373831773, -59.26555
137.42923898531373, -59.28059
137.75567423230973, -59.29618
138.08210947930573, -59.31232
138.40854472630173, -59.329
138.73497997329773, -59.34623
139.06141522029372, -59.36401
139.3878504672897, -59.38233
139.7142857142857, -59.40119
140.0407209612817, -59.4206
140.3671562082777, -59.44056
140.6935914552737, -59.46107
141.0200267022697, -59.48211
141.3464619492657, -59.50371
141.67289719626166, -59.52585
141.99933244325766, -59.54854
142.32576769025366, -59.57177
142.65220293724965, -59.59555
142.97863818424565, -59.61988
143.30507343124165, -59.64475
143.63150867823765, -59.66555
143.95794392523362, -59.68666
144.28437917222962, -59.70807
144.61081441922562, -59.72979
144.93724966622162, -59.7518
145.26368491321762, -59.77412
145.59012016021362, -59.79675
145.91655540720961, -59.81968
146.24299065420558, -59.84291
146.56942590120158, -59.86644
146.89586114819758, -59.89027
147.22229639519358, -59.91441
147.54873164218958, -59.93886
147.87516688918558, -59.9636
148.20160213618155, -59.98865
148.52803738317755, -60.014
148.85447263017355, -60.03966
149.18090787716955, -60.06562
149.50734312416554, -60.09188
149.83377837116154, -60.11844
150.16021361815754, -60.14531
150.4866488651535, -60.17248
150.8130841121495, -60.19996
151.1395193591455, -60.22773
151.4659546061415, -60.25581
151.7923898531375, -60.2842
152.1188251001335, -60.31289
152.4452603471295, -60.34188
152.77169559412548, -60.37117
153.09813084112147, -60.40077
153.42456608811747, -60.43067
153.75100133511347, -60.46087
154.07743658210947, -60.49137
154.40387182910547, -60.52218
154.73030707610147, -60.5533
155.05674232309744, -60.58471
155.38317757009344, -60.61643
155.70961281708944, -60.65232
156.03604806408543, -60.68872
156.36248331108143, -60.72562
156.68891855807743, -60.76303
157.01535380507343, -60.80095
157.3417890520694, -60.83937
157.6682242990654, -60.87831
157.9946595460614, -60.91774
158.3210947930574, -60.95769
158.6475300400534, -60.99814
158.9739652870494, -61.0391
159.3004005340454, -61.08056
159.62683578104136, -61.12253
159.95327102803736, -61.16501
160.27970627503336, -61.208
160.60614152202936, -61.25149
160.93257676902536, -61.29549
161.25901201602136, -61.34
161.58544726301733, -61.38501
161.91188251001333, -61.43053
162.23831775700933, -61.47655
162.56475300400533, -61.52309
162.89118825100132, -61.57013
163.21762349799732, -61.61767
163.54405874499332, -61.66573
163.8704939919893, -61.71429
164.1969292389853, -61.76335
164.5233644859813, -61.81293
164.8497997329773, -61.86301
165.1762349799733, -61.91359
165.5026702269693, -61.96469
165.82910547396529, -62.01629
166.15554072096126, -62.06839
166.48197596795725, -62.12101
166.80841121495325, -62.17413
167.13484646194925, -62.22776
167.46128170894525, -62.27746
167.78771695594125, -62.32742
168.11415220293725, -62.37765
168.44058744993322, -62.42815
168.76702269692922, -62.47892
169.09345794392522, -62.52995
169.41989319092121, -62.58125
169.7463284379172, -62.63281
170.0727636849132, -62.68465
170.3991989319092, -62.73675
170.72563417890518, -62.78911
171.05206942590118, -62.84175
171.37850467289718, -62.89465
171.70493991989318, -62.94782
172.03137516688918, -63.00125
172.35781041388518, -63.05495
172.68424566088117, -63.10892
173.01068090787714, -63.16316
173.33711615487314, -63.21766
173.66355140186914, -63.27243
173.98998664886514, -63.32747
174.31642189586114, -63.38277
174.64285714285714, -63.43834
174.9692923898531, -63.49418
175.2957276368491, -63.55028
175.6221628838451, -63.60666
175.9485981308411, -63.66329
176.2750333778371, -63.7202
176.6014686248331, -63.77737
176.9279038718291, -63.83481
177.25433911882507, -63.89252
177.58077436582107, -63.95049
177.90720961281707, -64.00873
178.23364485981307, -64.06724
178.56008010680907, -64.12601
178.88651535380507, -64.18505
179.21295060080107, -64.24436
179.53938584779704, -64.30565
179.86582109479303, -64.3673
180.19225634178903, -64.42931
180.51869158878503, -64.49167
180.84512683578103, -64.55439
181.17156208277703, -64.61747
181.49799732977303, -64.68091
181.824432576769, -64.7447
182.150867823765, -64.80885
182.477303070761, -64.87336
182.803738317757, -64.93823
183.130173564753, -65.00345
183.456608811749, -65.06903
183.783044058745, -65.13497
184.10947930574096, -65.20126
184.43591455273696, -65.26791
184.76234979973296, -65.33492
185.08878504672896, -65.40229
185.41522029372496, -65.47002
185.74165554072096, -65.5381
186.06809078771695, -65.60654
186.39452603471292, -65.67533
186.72096128170892, -65.74449
187.04739652870492, -65.814
187.37383177570092, -65.88386
187.70026702269692, -65.95409
188.02670226969292, -66.02467
188.3531375166889, -66.09561
188.6795727636849, -66.16691
189.0060080106809, -66.23857
189.33244325767689, -66.31058
189.65887850467288, -66.38295
189.98531375166888, -66.45568
190.31174899866488, -66.52876
190.63818424566085, -66.6022
190.96461949265685, -66.676
191.29105473965285, -66.75279
191.61748998664885, -66.83007
191.94392523364485, -66.90786
192.27036048064085, -66.98615
192.59679572763685, -67.06493
192.92323097463282, -67.14422
193.24966622162881, -67.224
193.5761014686248, -67.30429
193.9025367156208, -67.38507
194.2289719626168, -67.46635
194.5554072096128, -67.54813
194.8818424566088, -67.63042
195.20827770360478, -67.7132
195.53471295060078, -67.79648
195.86114819759678, -67.88026
196.18758344459278, -67.96454
196.51401869158877, -68.04932
196.84045393858477, -68.1346
197.16688918558077, -68.22038
197.49332443257674, -68.30666
197.81975967957274, -68.39344
198.14619492656874, -68.48072
198.47263017356474, -68.56849
198.79906542056074, -68.65677
199.12550066755674, -68.74555
199.4519359145527, -68.83482
199.7783711615487, -68.9246
200.1048064085447, -69.01487
200.4312416555407, -69.10565
200.7576769025367, -69.19692
201.0841121495327, -69.2887
201.4105473965287, -69.38097
201.73698264352467, -69.47374
202.06341789052067, -69.56701
202.38985313751667, -69.66079
202.71628838451267, -69.75506
203.04272363150866, -69.84983
203.36915887850466, -69.93628
203.69559412550066, -70.02278
204.02202937249663, -70.10931
204.34846461949263, -70.19587
204.67489986648863, -70.28247
205.00133511348463, -70.3691
205.32777036048063, -70.45577
205.65420560747663, -70.54248
205.98064085447263, -70.62922
206.3070761014686, -70.716
206.6335113484646, -70.80281
206.9599465954606, -70.88966
207.2863818424566, -70.97655
207.6128170894526, -71.06347
207.9392523364486, -71.15043
208.2656875834446, -71.23742
208.59212283044056, -71.32444
208.91855807743656, -71.41151
209.24499332443256, -71.49861
209.57142857142856, -71.58574
209.89786381842455, -71.67291
210.22429906542055, -71.76012
210.55073431241655, -71.84736
210.87716955941252, -71.93464
211.20360480640852, -72.02195
211.53004005340452, -72.1093
211.85647530040052, -72.19668
212.18291054739652, -72.2841
212.50934579439252, -72.37156
212.8357810413885, -72.45905
213.16221628838449, -72.54657
213.48865153538048, -72.63414
213.81508678237648, -72.72174
214.14152202937248, -72.80937
214.46795727636848, -72.89704
214.79439252336448, -72.98474
215.12082777036045, -73.07248
215.44726301735645, -73.15265
215.77369826435245, -73.23246
216.10013351134845, -73.31189
216.42656875834444, -73.39097
216.75300400534044, -73.46968
217.07943925233644, -73.54802
217.4058744993324, -73.626
217.7323097463284, -73.70362
218.0587449933244, -73.78087
218.3851802403204, -73.85775
218.7116154873164, -73.93427
219.0380507343124, -74.01043
219.3644859813084, -74.08622
219.69092122830438, -74.16165
220.01735647530037, -74.23671
220.34379172229637, -74.3114
220.67022696929237, -74.38573
220.99666221628837, -74.4597
221.32309746328437, -74.5333
221.64953271028037, -74.60654
221.97596795727634, -74.67941
222.30240320427234, -74.75192
222.62883845126834, -74.82407
222.95527369826434, -74.89584
223.28170894526033, -74.96726
223.60814419225633, -75.03831
223.93457943925233, -75.10899
224.2610146862483, -75.17931
224.5874499332443, -75.24927
224.9138851802403, -75.31886
225.2403204272363, -75.38808
225.5667556742323, -75.45694
225.8931909212283, -75.52544
226.21962616822427, -75.59357
226.54606141522027, -75.66133
226.87249666221626, -75.72873
227.19893190921226, -75.79964
227.52536715620826, -75.87038
227.85180240320426, -75.94097
228.17823765020026, -76.0114
228.50467289719623, -76.08168
228.83110814419223, -76.1518
229.15754339118823, -76.22177
229.48397863818423, -76.29158
229.81041388518022, -76.36123
230.13684913217622, -76.43073
230.46328437917222, -76.50007
230.7897196261682, -76.56926
231.1161548731642, -76.63829
231.4425901201602, -76.70717
231.7690253671562, -76.77588
232.0954606141522, -76.84445
232.4218958611482, -76.91285
232.74833110814419, -76.98111
233.07476635514016, -77.0492
233.40120160213615, -77.11714
233.72763684913215, -77.18492
234.05407209612815, -77.25255
234.38050734312415, -77.32002
234.70694259012015, -77.38734
235.03337783711615, -77.4545
235.35981308411212, -77.52151
235.68624833110812, -77.58835
236.01268357810412, -77.65505
236.33911882510012, -77.72158
236.6655540720961, -77.78796
236.9919893190921, -77.85419
237.3184245660881, -77.92026
237.64485981308408, -77.98617
237.97129506008008, -78.05193
238.29773030707608, -78.11753
238.62416555407208, -78.18298
238.95060080106808, -78.24827
239.27703604806408, -78.29278
239.60347129506005, -78.33605
239.92990654205605, -78.37808
240.25634178905204, -78.41887
240.58277703604804, -78.45842
240.90921228304404, -78.49672
241.23564753004004, -78.53379
241.56208277703604, -78.56961
241.888518024032, -78.60419
242.214953271028, -78.63754
242.541388518024, -78.66964
242.86782376502, -78.70049
243.194259012016, -78.73011
243.520694259012, -78.75849
243.847129506008, -78.78562
244.17356475300397, -78.81152
244.5, -78.83617
