% Measurement ID: 1410
% Mode ID: 1
% Date and time: 2019-05-28 06:06:50
% Sample ID: SP40-34
% Measurement type: ringdown
% Frequency [Hz]: 1463935.7
% Quality factor: 4838647.733684611
% Temperature [K]: 293.0
% Pressure [mBar]: 3.4e-06
% Notes: 
% 
%
% measurement data
% time [s], power [dBm]
0.012, -88.6723175048828
0.024, -88.2636947631836
0.036, -87.8197860717773
0.048, -87.3626556396484
0.06, -86.9165496826172
0.072, -86.4954376220703
0.084, -86.1139984130859
0.096, -85.7810745239258
0.108, -85.4988632202148
0.12, -85.2695617675781
0.132, -85.0909729003906
0.144, -84.9572143554688
0.156, -84.8594665527344
0.168, -84.7918548583984
0.18, -84.7462844848633
0.192, -84.7154159545898
0.204, -84.6904296875
0.216, -84.6676483154297
0.228, -84.6455993652344
0.24, -84.6220779418945
0.252, -84.6000289916992
0.264, -84.5838623046875
0.276, -84.5779876708984
0.288, -84.5787200927734
0.3, -84.5890121459961
0.312, -84.6220779418945
0.324, -84.6816101074219
0.336, -84.7720108032227
0.348, -84.8932723999023
0.36, -85.0454025268555
0.372, -85.2261962890625
0.384, -85.4319839477539
0.396, -85.6576080322266
0.408, -85.9008712768555
0.42, -86.1595687866211
0.432, -86.4300231933594
0.444, -86.7137069702148
0.456, -87.007682800293
0.468, -87.3126831054688
0.48, -87.6265029907227
0.492, -87.9491348266602
0.504, -88.2791213989258
0.516, -88.6142578125
0.528, -88.9515914916992
0.54, -89.2845153808594
0.552, -89.5990676879883
0.564, -89.8812866210938
0.576, -90.1091156005859
0.588, -90.2605133056641
0.6, -90.2913818359375
0.612, -90.18408203125
0.624, -90.0216598510742
0.636, -89.8254318237305
0.648, -89.6203842163086
0.66, -89.4241561889648
0.672, -89.2470397949219
0.684, -89.0949020385742
0.696, -88.9677581787109
0.708, -88.8604583740234
0.72, -88.7656555175781
0.732, -88.6759872436523
0.744, -88.5833892822266
0.756, -88.4797592163086
0.768, -88.3607025146484
0.78, -88.2232666015625
0.792, -88.0645217895508
0.804, -87.8852005004883
0.816, -87.688232421875
0.828, -87.4765777587891
0.84, -87.2560958862305
0.852, -87.0312042236328
0.864, -86.8099899291992
0.876, -86.5961227416992
0.888, -86.3991546630859
0.9, -86.226448059082
0.912, -86.083137512207
0.924, -85.974365234375
0.936, -85.90380859375
0.948, -85.8758850097656
0.96, -85.8744125366211
0.972, -85.8876419067383
0.984, -85.9398193359375
0.996, -86.0272827148438
1.008, -86.1441345214844
1.02, -86.2852401733398
1.032, -86.440315246582
1.044, -86.6049423217773
1.056, -86.7717666625977
1.068, -86.9371337890625
1.08, -87.0988159179688
1.092, -87.2568283081055
1.104, -87.4119033813477
1.116, -87.5669708251953
1.128, -87.720573425293
1.14, -87.8712387084961
1.152, -88.0152816772461
1.164, -88.1505126953125
1.176, -88.2717742919922
1.188, -88.3805465698242
1.2, -88.4790267944336
1.212, -88.5716323852539
1.224, -88.6642303466797
1.236, -88.75830078125
1.248, -88.8531112670898
1.26, -88.9412994384766
1.272, -89.0118560791016
1.284, -89.0353775024414
1.296, -88.9582061767578
1.308, -88.8090133666992
1.32, -88.5907363891602
1.332, -88.3121948242188
1.344, -87.9917678833008
1.356, -87.6470794677734
1.368, -87.2987213134766
1.38, -86.9628524780273
1.392, -86.651237487793
1.404, -86.3734359741211
1.416, -86.1316375732422
1.428, -85.9251251220703
1.44, -85.7502059936523
1.452, -85.6032180786133
1.464, -85.4812240600586
1.476, -85.3827438354492
1.488, -85.3092498779297
1.5, -85.2629470825195
1.512, -85.2453079223633
1.524, -85.2453079223633
1.536, -85.261474609375
1.548, -85.3129196166992
1.56, -85.3967056274414
1.572, -85.509147644043
1.584, -85.6436462402344
1.596, -85.7913665771484
1.608, -85.942024230957
1.62, -86.0875473022461
1.632, -86.221305847168
1.644, -86.3381576538086
1.656, -86.435905456543
1.668, -86.5108642578125
1.68, -86.5645217895508
1.692, -86.5909729003906
1.704, -86.5579071044922
1.716, -86.4932327270508
1.728, -86.3962173461914
1.74, -86.2734832763672
1.752, -86.1316375732422
1.764, -85.9817123413086
1.776, -85.83251953125
1.788, -85.6928863525391
1.8, -85.5730895996094
1.812, -85.4804840087891
1.824, -85.4202194213867
1.836, -85.3974380493164
1.848, -85.3974380493164
1.86, -85.4165496826172
1.872, -85.4812240600586
1.884, -85.5929336547852
1.896, -85.7538833618164
1.908, -85.9618682861328
1.92, -86.2176284790039
1.932, -86.5182189941406
1.944, -86.8577575683594
1.956, -87.2296371459961
1.968, -87.6250305175781
1.98, -88.0358581542969
1.992, -88.4488983154297
2.004, -88.8589935302734
2.016, -89.2499771118164
2.028, -89.6071548461914
2.04, -89.9106826782227
2.052, -90.1392517089844
2.064, -90.2759475708008
2.076, -90.2605133056641
2.088, -90.1304321289063
2.1, -89.9503707885742
2.112, -89.7438507080078
2.124, -89.5314559936523
2.136, -89.3264083862305
2.148, -89.1309127807617
2.16, -88.9457092285156
2.172, -88.7649154663086
2.184, -88.5848617553711
2.196, -88.4033279418945
2.208, -88.224006652832
2.22, -88.0534973144531
2.232, -87.8984298706055
2.244, -87.7712860107422
2.256, -87.6823577880859
2.268, -87.6367874145508
2.28, -87.6316452026367
2.292, -87.6397323608398
2.304, -87.6897048950195
2.316, -87.7808380126953
2.328, -87.9013671875
2.34, -88.0351257324219
2.352, -88.1659469604492
2.364, -88.2754516601563
2.376, -88.3489456176758
2.388, -88.3504104614258
2.4, -88.2791213989258
2.412, -88.1696166992188
2.424, -88.0351257324219
2.436, -87.8896102905273
2.448, -87.7514419555664
2.46, -87.6353225708008
2.472, -87.5515365600586
2.484, -87.507438659668
2.496, -87.5022964477539
2.508, -87.5081787109375
2.52, -87.5515365600586
2.532, -87.6345825195313
2.544, -87.7507019042969
2.556, -87.8918151855469
2.568, -88.0520324707031
2.58, -88.224739074707
2.592, -88.4062652587891
2.604, -88.5973510742188
2.616, -88.8016662597656
2.628, -89.0184707641602
2.64, -89.2345428466797
2.652, -89.3168563842773
2.664, -88.8178329467773
2.676, -87.6507568359375
2.688, -85.7017059326172
2.7, -83.0728378295898
2.712, -79.943473815918
2.724, -76.5370407104492
2.736, -73.0483016967773
2.748, -69.6271743774414
2.76, -66.3780136108398
2.772, -63.3640403747559
2.784, -60.6337547302246
2.796, -58.1827392578125
2.808, -56.027904510498
2.82, -54.1655769348145
2.832, -52.5810546875
2.844, -51.2552299499512
2.856, -50.1675224304199
2.868, -49.2811889648438
2.88, -48.5705070495605
2.892, -48.0038681030273
2.904, -47.553352355957
2.916, -47.1939697265625
2.928, -46.9051399230957
2.94, -46.6736335754395
2.952, -46.4847564697266
2.964, -46.3318901062012
2.976, -46.209888458252
2.988, -46.1121406555176
3.0, -46.0298309326172
3.012, -45.9578056335449
3.024, -45.8901901245117
3.036, -45.824047088623
3.048, -45.7571678161621
3.06, -45.6924934387207
3.072, -45.6307601928711
3.084, -45.5771102905273
3.096, -45.5308074951172
3.108, -45.4903869628906
3.12, -45.4543762207031
3.132, -45.4176292419434
3.144, -45.3764724731445
3.156, -45.325023651123
3.168, -45.2618217468262
3.18, -45.1868591308594
3.192, -45.1016044616699
3.204, -45.0104713439941
3.216, -44.9164009094238
3.228, -44.820858001709
3.24, -44.7238464355469
3.252, -44.6253662109375
3.264, -44.5268859863281
3.276, -44.4269332885742
3.288, -44.3262481689453
3.3, -44.2285003662109
3.312, -44.1344299316406
3.324, -44.0477066040039
3.336, -43.9705390930176
3.348, -43.9029235839844
3.36, -43.8433952331543
3.372, -43.7890090942383
3.384, -43.7346229553223
3.396, -43.6765632629395
3.408, -43.6089477539063
3.42, -43.5295753479004
3.432, -43.4355049133301
3.444, -43.3282012939453
3.456, -43.2076721191406
3.468, -43.0805282592773
3.48, -42.9504470825195
3.492, -42.8240356445313
3.504, -42.7071800231934
3.516, -42.6057586669922
3.528, -42.5219764709473
3.54, -42.4565696716309
3.552, -42.4065933227539
3.564, -42.3683776855469
3.576, -42.3367729187012
3.588, -42.3051719665527
3.6, -42.2706298828125
3.612, -42.2316780090332
3.624, -42.1868476867676
3.636, -42.1405448913574
3.648, -42.0942459106445
3.66, -42.0516166687012
3.672, -42.0141372680664
3.684, -41.983268737793
3.696, -41.9575462341309
3.708, -41.9347648620605
3.72, -41.9105110168457
3.732, -41.8833160400391
3.744, -41.8502464294434
3.756, -41.8105583190918
3.768, -41.7642593383789
3.78, -41.7128143310547
3.792, -41.6554870605469
3.804, -41.5952224731445
3.816, -41.5342216491699
3.828, -41.4739570617676
3.84, -41.4195747375488
3.852, -41.3762130737305
3.864, -41.3482856750488
3.876, -41.3379936218262
3.888, -41.3387298583984
3.9, -41.3497543334961
3.912, -41.3806228637695
3.924, -41.4269218444824
3.936, -41.4820442199707
3.948, -41.5371627807617
3.96, -41.5834655761719
3.972, -41.6158027648926
3.984, -41.6275596618652
3.996, -41.6113929748535
4.008, -41.5871391296387
4.02, -41.559211730957
4.032, -41.5327529907227
4.044, -41.5099716186523
4.056, -41.4930648803711
4.068, -41.4798393249512
4.08, -41.4724884033203
4.092, -41.4695472717285
4.104, -41.4695472717285
4.116, -41.4739570617676
4.128, -41.4864540100098
4.14, -41.5107040405273
4.152, -41.5481872558594
4.164, -41.5996322631836
4.176, -41.6628379821777
4.188, -41.7333908081055
4.2, -41.8061485290527
4.212, -41.8737640380859
4.224, -41.9296188354492
4.236, -41.9700393676758
4.248, -41.9928245544434
4.26, -41.9847373962402
4.272, -41.9590148925781
4.284, -41.9230041503906
4.296, -41.8796424865723
4.308, -41.8296661376953
4.32, -41.773078918457
4.332, -41.7106094360352
4.344, -41.642993927002
4.356, -41.5724411010742
4.368, -41.5011520385742
4.38, -41.4328002929688
4.392, -41.3703308105469
4.404, -41.3181533813477
4.416, -41.2784652709961
4.428, -41.252742767334
4.44, -41.2387771606445
4.452, -41.2321624755859
4.464, -41.2292251586914
4.476, -41.2262840270996
4.488, -41.218936920166
4.5, -41.2071762084961
4.512, -41.1924781799316
4.524, -41.1792488098145
4.536, -41.1726341247559
4.548, -41.1726341247559
4.56, -41.1777801513672
4.572, -41.1998252868652
4.584, -41.2402496337891
4.596, -41.3005142211914
4.608, -41.3776817321777
4.62, -41.4688148498535
4.632, -41.5709686279297
4.644, -41.6834144592285
4.656, -41.8024749755859
4.668, -41.928882598877
4.68, -42.0626411437988
4.692, -42.2044868469238
4.704, -42.3529434204102
4.716, -42.5080146789551
4.728, -42.6667594909668
4.74, -42.826976776123
4.752, -42.986457824707
4.764, -43.1444702148438
4.776, -43.3010101318359
4.788, -43.4590225219727
4.8, -43.6221771240234
4.812, -43.7926826477051
4.824, -43.9764175415039
4.836, -44.1763191223145
4.848, -44.3953323364258
4.86, -44.6363906860352
4.872, -44.9024353027344
4.884, -45.2008209228516
4.896, -45.5374221801758
4.908, -45.9188537597656
4.92, -46.3554077148438
4.932, -46.852222442627
4.944, -47.4137153625488
4.956, -48.0347366333008
4.968, -48.7160224914551
4.98, -49.4472846984863
4.992, -50.2182312011719
5.004, -51.0215187072754
5.016, -51.850528717041
5.028, -52.702320098877
5.04, -53.5871810913086
5.052, -54.5029144287109
5.064, -55.4487762451172
5.076, -56.4152183532715
5.088, -57.3845977783203
5.1, -58.3356056213379
5.112, -59.2373733520508
5.124, -60.0810813903809
5.136, -60.8505592346191
5.148, -61.5436058044434
5.16, -62.1572761535645
5.172, -62.675407409668
5.184, -63.0583076477051
5.196, -63.1464996337891
5.208, -62.7613945007324
5.22, -62.1102409362793
5.232, -61.2621231079102
5.244, -60.3000907897949
5.256, -59.2969017028809
5.268, -58.2885704040527
5.28, -57.3096351623535
5.292, -56.3747978210449
5.304, -55.4943428039551
5.316, -54.6704788208008
5.328, -53.9061431884766
5.34, -53.207218170166
5.352, -52.5685615539551
5.364, -51.9982490539551
5.376, -51.4955520629883
5.388, -51.0604705810547
5.4, -50.687858581543
5.412, -50.36962890625
5.424, -50.0969696044922
5.436, -49.852970123291
5.448, -49.6258735656738
5.46, -49.4031867980957
5.472, -49.177562713623
5.484, -48.9409141540527
5.496, -48.6910362243652
5.508, -48.4293975830078
5.52, -48.1611442565918
5.532, -47.892894744873
5.544, -47.6319923400879
5.556, -47.3857879638672
5.568, -47.1601638793945
5.58, -46.960994720459
5.592, -46.7875480651855
5.604, -46.6398277282715
5.616, -46.5141525268555
5.628, -46.406852722168
5.64, -46.3105735778809
5.652, -46.2216491699219
5.664, -46.1393356323242
5.676, -46.0592269897461
5.688, -45.9842643737793
5.7, -45.9181175231934
5.712, -45.8637351989746
5.724, -45.8233108520508
5.736, -45.7983245849609
5.748, -45.7850952148438
5.76, -45.781421661377
5.772, -45.7799530029297
5.784, -45.7770118713379
5.796, -45.769660949707
5.808, -45.7542266845703
5.82, -45.7336502075195
5.832, -45.710132598877
5.844, -45.6888198852539
5.856, -45.6755905151367
5.868, -45.6733856201172
5.88, -45.6748542785645
5.892, -45.6910247802734
5.904, -45.7270355224609
5.916, -45.7836265563965
5.928, -45.8629989624023
5.94, -45.962215423584
5.952, -46.0812759399414
5.964, -46.2172393798828
5.976, -46.3656959533691
5.988, -46.5207672119141
6.0, -46.6765747070313
6.012, -46.8257675170898
6.024, -46.9587898254395
6.036, -47.0682945251465
6.048, -47.1491394042969
6.06, -47.1991119384766
6.072, -47.208667755127
6.084, -47.179271697998
6.096, -47.137378692627
6.108, -47.0932846069336
6.12, -47.0580062866211
6.132, -47.0440406799316
6.144, -47.0440406799316
6.156, -47.0594749450684
6.168, -47.1153297424316
6.18, -47.2160186767578
6.192, -47.3637390136719
6.204, -47.5577621459961
6.216, -47.7914733886719
6.228, -48.0516395568848
6.24, -48.3272399902344
6.252, -48.6035766601563
6.264, -48.8666839599609
6.276, -49.1070098876953
6.288, -49.3179359436035
6.3, -49.4987297058105
6.312, -49.6493911743164
6.324, -49.7728614807129
6.336, -49.8720779418945
6.348, -49.9470405578613
6.36, -49.9984855651855
6.372, -50.0256805419922
6.384, -50.0080413818359
6.396, -49.9683532714844
6.408, -49.920581817627
6.42, -49.8750190734863
6.432, -49.8426818847656
6.444, -49.8338623046875
6.456, -49.8345947265625
6.468, -49.8573799133301
6.48, -49.9124984741211
6.492, -49.996280670166
6.504, -50.1021118164063
6.516, -50.2233772277832
6.528, -50.3519897460938
6.54, -50.4820747375488
6.552, -50.6084823608398
6.564, -50.7268104553223
6.576, -50.8333740234375
6.588, -50.923770904541
6.6, -50.9921226501465
6.612, -51.0340118408203
6.624, -51.0200500488281
6.636, -50.961254119873
6.648, -50.8715896606445
6.66, -50.7606163024902
6.672, -50.6371459960938
6.684, -50.51220703125
6.696, -50.3997611999512
6.708, -50.3056907653809
6.72, -50.2373428344727
6.732, -50.1939811706543
6.744, -50.1734008789063
6.756, -50.1704635620117
6.768, -50.1704635620117
6.78, -50.1770782470703
6.792, -50.1785469055176
6.804, -50.1579666137695
6.816, -50.1168098449707
6.828, -50.0528717041016
6.84, -49.9654159545898
6.852, -49.8595848083496
6.864, -49.7390556335449
6.876, -49.6111755371094
6.888, -49.4832954406738
6.9, -49.3612976074219
6.912, -49.2525253295898
6.924, -49.1599235534668
6.936, -49.0886344909668
6.948, -49.0386581420898
6.96, -49.0092620849609
6.972, -48.9982376098633
6.984, -48.9982376098633
6.996, -49.0019111633301
7.008, -49.0166130065918
7.02, -49.0371894836426
7.032, -49.0614433288574
7.044, -49.0879020690918
7.056, -49.1143569946289
7.068, -49.1422843933105
7.08, -49.1716842651367
7.092, -49.206226348877
7.104, -49.244441986084
7.116, -49.2892723083496
7.128, -49.3407173156738
7.14, -49.3973083496094
7.152, -49.4568405151367
7.164, -49.5193099975586
7.176, -49.5817794799805
7.188, -49.6420440673828
7.2, -49.6956939697266
7.212, -49.7397880554199
7.224, -49.7706565856934
7.236, -49.7713928222656
7.248, -49.7375831604004
7.26, -49.6787910461426
7.272, -49.5957412719727
7.284, -49.4943199157715
7.296, -49.3789367675781
7.308, -49.2576713562012
7.32, -49.1364059448242
7.332, -49.0195503234863
7.344, -48.9122505187988
7.356, -48.816707611084
7.368, -48.7351303100586
7.38, -48.6653137207031
7.392, -48.6035766601563
7.404, -48.5484580993652
7.416, -48.4955406188965
7.428, -48.4418907165527
7.44, -48.3867721557617
7.452, -48.3301811218262
7.464, -48.2735900878906
7.476, -48.2192039489746
7.488, -48.1699638366699
7.5, -48.1280746459961
7.512, -48.0957374572754
7.524, -48.0744247436523
7.536, -48.0634002685547
7.548, -48.0611953735352
7.56, -48.0626640319824
7.572, -48.0700149536133
7.584, -48.0817718505859
7.596, -48.0950012207031
7.608, -48.106761932373
7.62, -48.1148452758789
7.632, -48.1177825927734
7.644, -48.1126403808594
7.656, -48.1052894592285
7.668, -48.0986747741699
7.68, -48.0957374572754
7.692, -48.0957374572754
7.704, -48.0972061157227
7.716, -48.1052894592285
7.728, -48.119987487793
7.74, -48.1413040161133
7.752, -48.1640853881836
7.764, -48.1868667602539
7.776, -48.2037734985352
7.788, -48.212589263916
7.8, -48.2000961303711
7.812, -48.178050994873
7.824, -48.1479148864746
7.836, -48.1104354858398
7.848, -48.0678100585938
7.86, -48.0185661315918
7.872, -47.9627113342285
7.884, -47.8987731933594
7.896, -47.8282203674316
7.908, -47.7547264099121
7.92, -47.6827011108398
7.932, -47.6209678649902
7.944, -47.5790748596191
7.956, -47.565113067627
7.968, -47.565113067627
7.98, -47.5871620178223
7.992, -47.6488952636719
8.004, -47.7517852783203
8.016, -47.892894744873
8.028, -48.064868927002
8.04, -48.2581558227539
8.052, -48.4624710083008
8.064, -48.6675186157227
8.076, -48.8666839599609
8.088, -49.0540924072266
8.1, -49.2268028259277
8.112, -49.3840789794922
8.124, -49.5215148925781
8.136, -49.6368980407715
8.148, -49.7250900268555
8.16, -49.781681060791
8.172, -49.7787399291992
8.184, -49.7155380249023
8.196, -49.6148490905762
8.208, -49.4847679138184
8.22, -49.3341026306152
8.232, -49.173152923584
8.244, -49.013671875
8.256, -48.8622741699219
8.268, -48.7248420715332
8.28, -48.602108001709
8.292, -48.4918670654297
8.304, -48.3904457092285
8.316, -48.2934341430664
8.328, -48.1978912353516
8.34, -48.102352142334
8.352, -48.0068092346191
8.364, -47.9149436950684
8.376, -47.8296890258789
8.388, -47.7561950683594
8.4, -47.6973991394043
8.412, -47.6562423706055
8.424, -47.6334609985352
8.436, -47.6275825500488
8.448, -47.6283149719238
8.46, -47.636402130127
8.472, -47.6547737121582
8.484, -47.6819686889648
8.496, -47.7157745361328
8.508, -47.7554588317871
8.52, -47.8032302856445
8.532, -47.8634948730469
8.544, -47.9384613037109
8.556, -48.0325317382813
8.568, -48.1501197814941
8.58, -48.2890243530273
8.592, -48.4507102966309
8.604, -48.6307716369629
8.616, -48.8247947692871
8.628, -49.0246963500977
8.64, -49.2238655090332
8.652, -49.4134788513184
8.664, -49.5876579284668
8.676, -49.744197845459
8.688, -49.8779563903809
8.7, -49.991870880127
8.712, -50.0866775512695
8.724, -50.1689910888672
8.736, -50.2424850463867
8.748, -50.3123054504395
8.76, -50.3821220397949
8.772, -50.4548835754395
8.784, -50.5298461914063
8.796, -50.6055450439453
8.808, -50.6775665283203
8.82, -50.7393035888672
8.832, -50.7826652526855
8.844, -50.7958946228027
8.856, -50.7576751708984
8.868, -50.687858581543
8.88, -50.5886421203613
8.892, -50.4651718139648
8.904, -50.3255348205566
8.916, -50.1844253540039
8.928, -50.0536079406738
8.94, -49.9485130310059
8.952, -49.8801612854004
8.964, -49.8603172302246
8.976, -49.8610534667969
8.988, -49.8941268920898
9.0, -49.9815826416016
9.012, -50.1204872131348
9.024, -50.2998123168945
9.036, -50.5077972412109
9.048, -50.7268104553223
9.06, -50.9362640380859
9.072, -51.1155891418457
9.084, -51.2456741333008
9.096, -51.3191680908203
9.108, -51.2993240356445
9.12, -51.2287712097168
9.132, -51.1391067504883
9.144, -51.0501823425293
9.156, -50.9774208068848
9.168, -50.9340591430664
9.18, -50.9259757995605
9.192, -50.9289169311523
9.204, -50.9663963317871
9.216, -51.0472412109375
9.228, -51.1670341491699
9.24, -51.3154945373535
9.252, -51.4786491394043
9.264, -51.6388664245605
9.276, -51.775562286377
9.288, -51.8703689575195
9.3, -51.8990325927734
9.312, -51.8270072937012
9.324, -51.7108879089355
9.336, -51.5683097839355
9.348, -51.4147109985352
9.36, -51.2677230834961
9.372, -51.1427841186523
9.384, -51.0501823425293
9.396, -50.995059967041
9.408, -50.9744834899902
9.42, -50.973747253418
9.432, -50.9788932800293
9.444, -50.9965324401855
9.456, -51.0046157836914
9.468, -50.9649276733398
9.48, -50.8870239257813
9.492, -50.7723731994629
9.504, -50.6261215209961
9.516, -50.4629669189453
9.528, -50.2924613952637
9.54, -50.1293067932129
9.552, -49.9808502197266
9.564, -49.8551750183105
9.576, -49.7544860839844
9.588, -49.676586151123
9.6, -49.617790222168
9.612, -49.5744285583496
9.624, -49.5413551330566
9.636, -49.513427734375
9.648, -49.4877052307129
9.66, -49.4619827270508
9.672, -49.4355239868164
9.684, -49.4098014831543
9.696, -49.3892250061035
9.708, -49.3782005310059
9.72, -49.3774642944336
9.732, -49.3811416625977
9.744, -49.4017181396484
9.756, -49.4450798034668
9.768, -49.5104904174805
9.78, -49.5957412719727
9.792, -49.6956939697266
9.804, -49.8022575378418
9.816, -49.9051513671875
9.828, -49.995548248291
9.84, -50.0697746276855
9.852, -50.1263656616211
9.864, -50.1689910888672
9.876, -50.2035331726074
9.888, -50.2388114929199
9.9, -50.2829055786133
9.912, -50.3417015075684
9.924, -50.4188690185547
9.936, -50.5129432678223
9.948, -50.6224479675293
9.96, -50.7393035888672
9.972, -50.8546867370605
9.984, -50.9597854614258
9.996, -51.0457725524902
10.008, -51.1060371398926
10.02, -51.1369018554688
10.032, -51.1141204833984
10.044, -51.0729637145996
10.056, -51.0259284973145
10.068, -50.9818305969238
10.08, -50.9531707763672
10.092, -50.9465560913086
10.104, -50.9487609863281
10.116, -50.9752159118652
10.128, -51.0384216308594
10.14, -51.137638092041
10.152, -51.2669868469238
10.164, -51.4220581054688
10.176, -51.5888900756836
10.188, -51.7549858093262
10.2, -51.9063835144043
10.212, -52.0283813476563
10.224, -52.1106948852539
10.236, -52.1459732055664
10.248, -52.1048164367676
10.26, -52.0349960327148
10.272, -51.9468040466309
10.284, -51.8519973754883
10.296, -51.7608642578125
10.308, -51.6792869567871
10.32, -51.6138763427734
10.332, -51.5675773620605
10.344, -51.5411186218262
10.356, -51.5330352783203
10.368, -51.5330352783203
10.38, -51.5381774902344
10.392, -51.548469543457
10.404, -51.5514068603516
10.416, -51.5212745666504
10.428, -51.4588050842285
10.44, -51.3588562011719
10.452, -51.2214202880859
10.464, -51.0509147644043
10.476, -50.8561592102051
10.488, -50.6503753662109
10.5, -50.4475326538086
10.512, -50.2608604431152
10.524, -50.1013793945313
10.536, -49.978645324707
10.548, -49.8978004455566
10.56, -49.8595848083496
10.572, -49.8559074401855
10.584, -49.8617897033691
10.596, -49.9000053405762
10.608, -49.9676208496094
10.62, -50.0558128356934
10.632, -50.1520881652832
10.644, -50.2468948364258
10.656, -50.3262672424316
10.668, -50.3806533813477
10.68, -50.3960876464844
10.692, -50.3571357727051
10.704, -50.2968711853027
10.716, -50.226318359375
10.728, -50.155029296875
10.74, -50.0932922363281
10.752, -50.0469932556152
10.764, -50.0168609619141
10.776, -49.9999580383301
10.788, -49.9867286682129
10.8, -49.9676208496094
10.812, -49.9301376342773
10.824, -49.8661994934082
10.836, -49.7721252441406
10.848, -49.6508636474609
10.86, -49.5104904174805
10.872, -49.3576240539551
10.884, -49.2047538757324
10.896, -49.0585021972656
10.908, -48.9240112304688
10.92, -48.8027458190918
10.932, -48.6954460144043
10.944, -48.5991668701172
10.956, -48.5131797790527
10.968, -48.4360122680664
10.98, -48.3706016540527
10.992, -48.3198928833008
11.004, -48.2860832214355
11.016, -48.2721214294434
11.028, -48.2713851928711
11.04, -48.278736114502
11.052, -48.3051948547363
11.064, -48.3492889404297
11.076, -48.4036750793457
11.088, -48.4587936401367
11.1, -48.5050964355469
11.112, -48.530818939209
11.124, -48.4955406188965
11.136, -48.4242515563965
11.148, -48.316951751709
11.16, -48.1802520751953
11.172, -48.0193023681641
11.184, -47.8363037109375
11.196, -47.6393394470215
11.208, -47.4320869445801
11.22, -47.2182235717773
11.232, -47.0043563842773
11.244, -46.7934303283691
11.256, -46.5920562744141
11.268, -46.4009742736816
11.28, -46.2253227233887
11.292, -46.0658416748047
11.304, -45.923999786377
11.316, -45.8005294799805
11.328, -45.693962097168
11.34, -45.6043014526367
11.352, -45.5293388366699
11.364, -45.4683380126953
11.376, -45.4198341369629
11.388, -45.3838195800781
11.4, -45.3603019714355
11.412, -45.3470726013184
11.424, -45.3448677062988
11.436, -45.3456039428711
11.448, -45.3522186279297
11.46, -45.3661804199219
11.472, -45.3845558166504
11.484, -45.4058685302734
11.496, -45.4264450073242
11.508, -45.4418792724609
11.52, -45.4374694824219
11.532, -45.4102783203125
11.544, -45.3595657348633
11.556, -45.2846031188965
11.568, -45.1853866577148
11.58, -45.0670623779297
11.592, -44.9355087280273
11.604, -44.7995452880859
11.616, -44.6687278747559
11.628, -44.5533409118652
11.64, -44.4614753723145
11.652, -44.3982696533203
11.664, -44.3652000427246
11.676, -44.358585357666
11.688, -44.3600540161133
11.7, -44.3769569396973
11.712, -44.4085578918457
11.724, -44.4460411071777
11.736, -44.4813194274902
11.748, -44.5077743530273
11.76, -44.5232086181641
11.772, -44.5290908813477
11.784, -44.5298233032227
11.796, -44.5320281982422
11.808, -44.539379119873
11.82, -44.5570182800293
11.832, -44.5878829956055
11.844, -44.6305122375488
11.856, -44.681957244873
11.868, -44.7356071472168
11.88, -44.782642364502
11.892, -44.8120384216309
11.904, -44.7877883911133
11.916, -44.7245826721191
11.928, -44.6290397644043
11.94, -44.5085105895996
11.952, -44.3718147277832
11.964, -44.2307052612305
11.976, -44.0947418212891
11.988, -43.9720077514648
12.0, -43.8691177368164
12.012, -43.7890090942383
12.024, -43.7309494018555
12.036, -43.6934661865234
12.048, -43.6728897094727
12.06, -43.6655387878418
12.072, -43.6648025512695
12.084, -43.6662750244141
12.096, -43.6728897094727
12.108, -43.6795043945313
12.12, -43.6795043945313
12.132, -43.6648025512695
12.144, -43.6361427307129
12.156, -43.590576171875
12.168, -43.5288391113281
12.18, -43.4531440734863
12.192, -43.3708305358887
12.204, -43.2863121032715
12.216, -43.2084083557129
12.228, -43.1422653198242
12.24, -43.0944938659668
12.252, -43.0687713623047
12.264, -43.0636253356934
12.276, -43.0643615722656
12.288, -43.0797958374023
12.3, -43.1099281311035
12.312, -43.1488800048828
12.324, -43.1893005371094
12.336, -43.2231063842773
12.348, -43.2436866760254
12.36, -43.2297210693359
12.372, -43.1915054321289
12.384, -43.1371192932129
12.396, -43.0687713623047
12.408, -42.9945411682129
12.42, -42.9188423156738
12.432, -42.8490257263184
12.444, -42.789493560791
12.456, -42.7439270019531
12.468, -42.7152671813965
12.48, -42.7042427062988
12.492, -42.7035064697266
12.504, -42.7093849182129
12.516, -42.7284965515137
12.528, -42.7578926086426
12.54, -42.7939033508301
12.552, -42.8306503295898
12.564, -42.8651924133301
12.576, -42.8931198120117
12.588, -42.9092903137207
12.6, -42.9004707336426
12.612, -42.8740119934082
12.624, -42.8343238830566
12.636, -42.784351348877
12.648, -42.7262916564941
12.66, -42.6630859375
12.672, -42.5991477966309
12.684, -42.536678314209
12.696, -42.4786148071289
12.708, -42.4234962463379
12.72, -42.3720512390137
12.732, -42.3220748901367
12.744, -42.2720985412598
12.756, -42.2206535339355
12.768, -42.1677398681641
12.78, -42.1111488342285
12.792, -42.0523529052734
12.804, -41.9928245544434
12.816, -41.9347648620605
12.828, -41.8811149597168
12.84, -41.8333435058594
12.852, -41.7929191589355
12.864, -41.7605819702148
12.876, -41.7363319396973
12.888, -41.719425201416
12.9, -41.7091369628906
12.912, -41.7069320678711
12.924, -41.7069320678711
12.936, -41.7106094360352
12.948, -41.7201614379883
12.96, -41.7363319396973
12.972, -41.7576446533203
12.984, -41.7826309204102
12.996, -41.8098258972168
13.008, -41.8355484008789
13.02, -41.856861114502
13.032, -41.8693542480469
13.044, -41.8546562194824
13.056, -41.8252563476563
13.068, -41.7811622619629
13.08, -41.7267761230469
13.092, -41.6672477722168
13.104, -41.6077156066895
13.116, -41.5533332824707
13.128, -41.5099716186523
13.14, -41.4798393249512
13.152, -41.4651374816895
13.164, -41.4629325866699
13.176, -41.4636688232422
13.188, -41.4702835083008
13.2, -41.4798393249512
13.212, -41.4776344299316
13.224, -41.4563179016113
13.236, -41.4181022644043
13.248, -41.3673934936523
13.26, -41.3063926696777
13.272, -41.2409820556641
13.284, -41.1807174682617
13.296, -41.131477355957
13.308, -41.0998764038086
13.32, -41.0888519287109
13.332, -41.0888519287109
13.344, -41.0998764038086
13.356, -41.1336822509766
13.368, -41.1851272583008
13.38, -41.2498016357422
13.392, -41.3232955932617
13.404, -41.3967895507813
13.416, -41.4636688232422
13.428, -41.5180549621582
13.44, -41.555534362793
13.452, -41.5746459960938
13.464, -41.5628852844238
13.476, -41.5393676757813
13.488, -41.5107040405273
13.5, -41.4813079833984
13.512, -41.4541168212891
13.524, -41.4350051879883
13.536, -41.4261856079102
13.548, -41.4254531860352
13.56, -41.4269218444824
13.572, -41.4372100830078
13.584, -41.4563179016113
13.596, -41.4813079833984
13.608, -41.5107040405273
13.62, -41.542308807373
13.632, -41.5739097595215
13.644, -41.6025733947754
13.656, -41.6275596618652
13.668, -41.6488723754883
13.68, -41.6665115356445
13.692, -41.681209564209
13.704, -41.6922340393066
13.716, -41.7010536193848
13.728, -41.7069320678711
13.74, -41.7106094360352
13.752, -41.7135467529297
13.764, -41.7150192260742
13.776, -41.7157516479492
13.788, -41.7164878845215
13.8, -41.7172241210938
13.812, -41.718692779541
13.824, -41.7208976745605
13.836, -41.7238349914551
13.848, -41.7260398864746
13.86, -41.7282447814941
13.872, -41.7304496765137
13.884, -41.7319221496582
13.896, -41.7341270446777
13.908, -41.7363319396973
13.92, -41.7378005981445
13.932, -41.7407417297363
13.944, -41.7422103881836
13.956, -41.7378005981445
13.968, -41.7260398864746
13.98, -41.7039947509766
13.992, -41.6687164306641
14.004, -41.6224136352539
14.016, -41.5650901794434
14.028, -41.5026206970215
14.04, -41.4408874511719
14.052, -41.3879699707031
14.064, -41.3490180969238
14.076, -41.328441619873
14.088, -41.3255004882813
14.1, -41.3277053833008
14.112, -41.3475494384766
14.124, -41.3842964172363
14.136, -41.4320678710938
14.148, -41.4820442199707
14.16, -41.5290794372559
14.172, -41.5658264160156
14.184, -41.5878715515137
14.196, -41.5812606811523
14.208, -41.5533332824707
14.22, -41.5114402770996
14.232, -41.4607276916504
14.244, -41.4056091308594
14.256, -41.3512229919434
14.268, -41.3019828796387
14.28, -41.2593574523926
14.292, -41.2240791320801
14.304, -41.1954154968262
14.316, -41.1718978881836
14.328, -41.1498527526855
14.34, -41.1241302490234
14.352, -41.0939979553223
14.364, -41.0565147399902
14.376, -41.0124168395996
14.388, -40.9639129638672
14.4, -40.9154052734375
14.412, -40.8713111877441
14.424, -40.8375015258789
14.436, -40.8176612854004
14.448, -40.8147201538086
14.46, -40.8169250488281
14.472, -40.8382377624512
14.484, -40.8815994262695
14.496, -40.9462738037109
14.508, -41.0300559997559
14.52, -41.1300086975098
14.532, -41.2409820556641
14.544, -41.3585739135742
14.556, -41.4805717468262
14.568, -41.6011009216309
14.58, -41.7150192260742
14.592, -41.8186416625977
14.604, -41.9083061218262
14.616, -41.9818000793457
14.628, -42.0361862182617
14.64, -42.070728302002
14.652, -42.0839538574219
14.664, -42.0648460388184
14.676, -42.0325088500977
14.688, -41.987678527832
14.7, -41.933292388916
14.712, -41.8700904846191
14.724, -41.8010063171387
14.736, -41.7260398864746
14.748, -41.6496086120605
14.76, -41.5746459960938
14.772, -41.504825592041
14.784, -41.4452972412109
14.796, -41.399730682373
14.808, -41.3725357055664
14.82, -41.3644523620605
14.832, -41.3651885986328
14.844, -41.3776817321777
14.856, -41.4092826843262
14.868, -41.4563179016113
14.88, -41.5151138305664
14.892, -41.5783195495605
14.904, -41.6400527954102
14.916, -41.6944389343262
14.928, -41.7385368347168
14.94, -41.768669128418
14.952, -41.7870407104492
14.964, -41.7892456054688
14.976, -41.7782211303711
14.988, -41.7620544433594
15.0, -41.7414741516113
15.012, -41.7172241210938
15.024, -41.6892929077148
15.036, -41.6569557189941
15.048, -41.6224136352539
15.06, -41.5864028930664
15.072, -41.5525970458984
15.084, -41.5231971740723
15.096, -41.4989471435547
15.108, -41.4813079833984
15.12, -41.471019744873
15.132, -41.466609954834
15.144, -41.4636688232422
15.156, -41.4577903747559
15.168, -41.4475021362305
15.18, -41.4283905029297
15.192, -41.4011993408203
15.204, -41.3651885986328
15.216, -41.324031829834
15.228, -41.2821388244629
15.24, -41.2424545288086
15.252, -41.2101173400879
15.264, -41.1880683898926
15.276, -41.1763076782227
15.288, -41.1748390197754
15.3, -41.1755752563477
15.312, -41.1836585998535
15.324, -41.198356628418
15.336, -41.2167320251465
15.348, -41.2343673706055
15.36, -41.2483329772949
15.372, -41.2578887939453
15.384, -41.2564163208008
15.396, -41.2453918457031
15.408, -41.2277526855469
15.42, -41.2057075500488
15.432, -41.1807174682617
15.444, -41.1542625427246
15.456, -41.1300086975098
15.468, -41.1086959838867
15.48, -41.0910568237305
15.492, -41.0778274536133
15.504, -41.0697441101074
15.516, -41.0660667419434
15.528, -41.0645980834961
15.54, -41.0645980834961
15.552, -41.0645980834961
15.564, -41.0645980834961
15.576, -41.0638618469238
15.588, -41.0609245300293
15.6, -41.0572509765625
15.612, -41.055046081543
15.624, -41.0535736083984
15.636, -41.0535736083984
15.648, -41.0543098449707
15.66, -41.055778503418
15.672, -41.0587196350098
15.684, -41.0631294250488
15.696, -41.0668029785156
15.708, -41.0645980834961
15.72, -41.055046081543
15.732, -41.0374069213867
15.744, -41.0124168395996
15.756, -40.9800796508789
15.768, -40.9455375671387
15.78, -40.9139366149902
15.792, -40.8948287963867
15.804, -40.8911552429199
15.816, -40.8940925598145
15.828, -40.9183464050293
15.84, -40.9764060974121
15.852, -41.071949005127
15.864, -41.2086448669434
15.876, -41.3857650756836
15.888, -41.5996322631836
15.9, -41.8428955078125
15.912, -42.1060028076172
15.924, -42.3749885559082
15.936, -42.6366271972656
15.948, -42.8806266784668
15.96, -43.0989036560059
15.972, -43.2892532348633
15.984, -43.4509391784668
15.996, -43.5898399353027
16.008, -43.7111053466797
16.02, -43.8206100463867
16.032, -43.9242362976074
16.044, -44.0234527587891
16.056, -44.1226692199707
16.068, -44.2211494445801
16.08, -44.321102142334
16.092, -44.4210548400879
16.104, -44.5224761962891
16.116, -44.6216926574707
16.128, -44.7201728820801
16.14, -44.8171844482422
16.152, -44.9112548828125
16.164, -45.0023880004883
16.176, -45.0913162231445
16.188, -45.177303314209
16.2, -45.2618217468262
16.212, -45.3470726013184
16.224, -45.4337959289551
16.236, -45.5234565734863
16.248, -45.6167945861816
16.26, -45.7152786254883
16.272, -45.8166999816895
16.284, -45.9232635498047
16.296, -46.0312995910645
16.308, -46.1408042907715
16.32, -46.2510452270508
16.332, -46.3598175048828
16.344, -46.466381072998
16.356, -46.570743560791
16.368, -46.6728973388672
16.38, -46.7728500366211
16.392, -46.872802734375
16.404, -46.9734878540039
16.416, -47.0741729736328
16.428, -47.1777992248535
16.44, -47.2821617126465
16.452, -47.3872566223145
16.464, -47.4923515319824
16.476, -47.5989189147949
16.488, -47.7054862976074
16.5, -47.8105812072754
16.512, -47.9142074584961
16.524, -48.0156288146973
16.536, -48.1148452758789
16.548, -48.212589263916
16.56, -48.3088684082031
16.572, -48.405143737793
16.584, -48.4992179870605
16.596, -48.5940246582031
16.608, -48.6888313293457
16.62, -48.7821655273438
16.632, -48.8769721984863
16.644, -48.9725151062012
16.656, -49.068058013916
16.668, -49.1643333435059
16.68, -49.2606086730957
16.692, -49.3583564758301
16.704, -49.4568405151367
16.716, -49.5575256347656
16.728, -49.6604156494141
16.74, -49.764778137207
16.752, -49.8720779418945
16.764, -49.9808502197266
16.776, -50.0896186828613
16.788, -50.1976547241211
16.8, -50.3064270019531
16.812, -50.4122543334961
16.824, -50.5158805847168
16.836, -50.616569519043
16.848, -50.7128448486328
16.86, -50.8054466247559
16.872, -50.8936386108398
16.884, -50.978157043457
16.896, -51.0590019226074
16.908, -51.1361694335938
16.92, -51.2118682861328
16.932, -51.2846260070801
16.944, -51.3566513061523
16.956, -51.4301414489746
16.968, -51.5043716430664
16.98, -51.5815391540527
16.992, -51.6609115600586
17.004, -51.7446975708008
17.016, -51.8336219787598
17.028, -51.9269599914551
17.04, -52.0261764526367
17.052, -52.1305389404297
17.064, -52.2385749816895
17.076, -52.350284576416
17.088, -52.4649353027344
17.1, -52.5810546875
17.112, -52.6979103088379
17.124, -52.8154983520508
17.136, -52.9316177368164
17.148, -53.0447998046875
17.16, -53.1550407409668
17.172, -53.260871887207
17.184, -53.3622894287109
17.196, -53.4607734680176
17.208, -53.5555801391602
17.22, -53.6489181518555
17.232, -53.7407836914063
17.244, -53.8341217041016
17.256, -53.9274559020996
17.268, -54.0244674682617
17.28, -54.1229515075684
17.292, -54.2236366271973
17.304, -54.3250579833984
17.316, -54.4257431030273
17.328, -54.5256958007813
17.34, -54.6241760253906
17.352, -54.721923828125
17.364, -54.8189353942871
17.376, -54.9137420654297
17.388, -55.0078125
17.4, -55.100414276123
17.412, -55.1915473937988
17.424, -55.2812118530273
17.436, -55.3686676025391
17.448, -55.4539222717285
17.46, -55.5369682312012
17.472, -55.615608215332
17.484, -55.6927757263184
17.496, -55.7677383422852
17.508, -55.8412322998047
17.52, -55.9161949157715
17.532, -55.9911575317383
17.544, -56.0683288574219
17.556, -56.1499061584473
17.568, -56.2351570129395
17.58, -56.3240852355957
17.592, -56.418155670166
17.604, -56.5159034729004
17.616, -56.6173248291016
17.628, -56.7224197387695
17.64, -56.8304557800293
17.652, -56.9414329528809
17.664, -57.0531425476074
17.676, -57.1670570373535
17.688, -57.2809715270996
17.7, -57.3934173583984
17.712, -57.505126953125
17.724, -57.6146354675293
17.736, -57.7204666137695
17.748, -57.824089050293
17.76, -57.9247779846191
17.772, -58.0239944458008
17.784, -58.1217384338379
17.796, -58.21875
17.808, -58.3157615661621
17.82, -58.4105682373047
17.832, -58.5068473815918
17.844, -58.6031227111816
17.856, -58.7001342773438
17.868, -58.7978820800781
17.88, -58.8963623046875
17.892, -58.9955787658691
17.904, -59.0947952270508
17.916, -59.195484161377
17.928, -59.2976379394531
17.94, -59.4020004272461
17.952, -59.5085639953613
17.964, -59.6158676147461
17.976, -59.7253723144531
17.988, -59.837818145752
18.0, -59.952465057373
18.012, -60.0678520202637
18.024, -60.183235168457
18.036, -60.2986221313477
18.048, -60.413272857666
18.06, -60.5264511108398
18.072, -60.6396331787109
18.084, -60.7506065368652
18.096, -60.8623199462891
18.108, -60.9747619628906
18.12, -61.0872077941895
18.132, -61.2003898620605
18.144, -61.3128356933594
18.156, -61.4267501831055
18.168, -61.5399284362793
18.18, -61.6523742675781
18.192, -61.7626152038574
18.204, -61.8721199035645
18.216, -61.9794235229492
18.228, -62.0845184326172
18.24, -62.1888771057129
18.252, -62.2925033569336
18.264, -62.3961296081543
18.276, -62.4990234375
18.288, -62.6033821105957
18.3, -62.7077445983887
18.312, -62.8150444030762
18.324, -62.9223442077637
18.336, -63.0311164855957
18.348, -63.1398849487305
18.36, -63.2493934631348
18.372, -63.3574295043945
18.384, -63.4632568359375
18.396, -63.5683555603027
18.408, -63.6712455749512
18.42, -63.7726669311523
18.432, -63.8733520507813
18.444, -63.9725685119629
18.456, -64.0710525512695
18.468, -64.1702651977539
18.48, -64.2702178955078
18.492, -64.3716430664063
18.504, -64.4745330810547
18.516, -64.5774230957031
18.528, -64.6817855834961
18.54, -64.7854080200195
18.552, -64.8897705078125
18.564, -64.9941329956055
18.576, -65.0970230102539
18.588, -65.1977081298828
18.6, -65.2954559326172
18.612, -65.391731262207
18.624, -65.4843368530273
18.636, -65.5732650756836
18.648, -65.6585159301758
18.66, -65.7393569946289
18.672, -65.815055847168
18.684, -65.887077331543
18.696, -65.9546966552734
18.708, -66.0201034545898
18.72, -66.0833053588867
18.732, -66.1479797363281
18.744, -66.2148590087891
18.756, -66.2846832275391
18.768, -66.3596420288086
18.78, -66.4390182495117
18.792, -66.5242691040039
18.804, -66.6139297485352
18.816, -66.7080001831055
18.828, -66.8057479858398
18.84, -66.9057006835938
18.852, -67.0078582763672
18.864, -67.1129531860352
18.876, -67.2195205688477
18.888, -67.3282928466797
18.9, -67.4400024414063
18.912, -67.5553817749023
18.924, -67.675910949707
18.936, -67.8001174926758
18.948, -67.9302062988281
18.96, -68.0632247924805
18.972, -68.1991882324219
18.984, -68.3380889892578
18.996, -68.4762573242188
19.008, -68.6122207641602
19.02, -68.744514465332
19.032, -68.8723907470703
19.044, -68.9951248168945
19.056, -69.1134490966797
19.068, -69.2288360595703
19.08, -69.3434829711914
19.092, -69.4573974609375
19.104, -69.5742568969727
19.116, -69.6947860717773
19.128, -69.8197250366211
19.14, -69.9490737915039
19.152, -70.0813598632813
19.164, -70.2158584594727
19.176, -70.34814453125
19.188, -70.4767608642578
19.2, -70.5987548828125
19.212, -70.7119369506836
19.224, -70.8126220703125
19.236, -70.9015502929688
19.248, -70.9794540405273
19.26, -71.0470657348633
19.272, -71.1073303222656
19.284, -71.1631851196289
19.296, -71.2168426513672
19.308, -71.2712249755859
19.32, -71.3285522460938
19.332, -71.3902816772461
19.344, -71.4593658447266
19.356, -71.5365371704102
19.368, -71.6210556030273
19.38, -71.7121887207031
19.392, -71.8106689453125
19.404, -71.9135589599609
19.416, -72.0193862915039
19.428, -72.1274261474609
19.44, -72.2347259521484
19.452, -72.3405532836914
19.464, -72.4427108764648
19.476, -72.5397262573242
19.488, -72.6286544799805
19.5, -72.7072906494141
19.512, -72.77490234375
19.524, -72.8307571411133
19.536, -72.8741226196289
19.548, -72.9057235717773
19.56, -72.9270324707031
19.572, -72.9402618408203
19.584, -72.9483489990234
19.596, -72.955696105957
19.608, -72.9645156860352
19.62, -72.9792175292969
19.632, -73.0012664794922
19.644, -73.0328674316406
19.656, -73.0740203857422
19.668, -73.1262054443359
19.68, -73.1879348754883
19.692, -73.2584915161133
19.704, -73.3363952636719
19.716, -73.4194412231445
19.728, -73.5061645507813
19.74, -73.593620300293
19.752, -73.6818161010742
19.764, -73.7670669555664
19.776, -73.8508529663086
19.788, -73.9302215576172
19.8, -74.0044555664063
19.812, -74.0750045776367
19.824, -74.1389465332031
19.836, -74.1962738037109
19.848, -74.2484512329102
19.86, -74.2947540283203
19.872, -74.3366470336914
19.884, -74.3748626708984
19.896, -74.4116058349609
19.908, -74.449089050293
19.92, -74.4902496337891
19.932, -74.5358123779297
19.944, -74.5887298583984
19.956, -74.6519317626953
19.968, -74.7246932983398
19.98, -74.806266784668
19.992, -74.8959274291992
20.004, -74.9907379150391
20.016, -75.0862808227539
20.028, -75.1788787841797
20.04, -75.2626647949219
20.052, -75.3332214355469
20.064, -75.3883361816406
20.076, -75.4287567138672
20.088, -75.4552154541016
20.1, -75.4699172973633
20.112, -75.4802093505859
20.124, -75.4926986694336
20.136, -75.5154800415039
20.148, -75.5544357299805
20.16, -75.6154327392578
20.172, -75.699951171875
20.184, -75.8116607666016
20.196, -75.9505615234375
20.208, -76.1144561767578
20.22, -76.2989273071289
20.232, -76.5032348632813
20.244, -76.7200469970703
20.256, -76.9449310302734
20.268, -77.1720275878906
20.28, -77.3976516723633
20.292, -77.6196060180664
20.304, -77.8312683105469
20.316, -78.0333786010742
20.328, -78.2215194702148
20.34, -78.3934936523438
20.352, -78.5485687255859
20.364, -78.6852645874023
20.376, -78.8028564453125
20.388, -78.9028015136719
20.4, -78.9865875244141
20.412, -79.0549392700195
20.424, -79.1093215942383
20.436, -79.1526870727539
20.448, -79.1894302368164
20.46, -79.2217636108398
20.472, -79.2533721923828
20.484, -79.2871780395508
20.496, -79.3261260986328
20.508, -79.371696472168
20.52, -79.4238739013672
20.532, -79.4841384887695
20.544, -79.5510177612305
20.556, -79.623779296875
20.568, -79.7038879394531
20.58, -79.7906112670898
20.592, -79.8832092285156
20.604, -79.980224609375
20.616, -80.0787048339844
20.628, -80.1786575317383
20.64, -80.2749328613281
20.652, -80.3638610839844
20.664, -80.443229675293
20.676, -80.5101089477539
20.688, -80.5652313232422
20.7, -80.6078567504883
20.712, -80.6424026489258
20.724, -80.6717987060547
20.736, -80.7004623413086
20.748, -80.732063293457
20.76, -80.7717514038086
20.772, -80.8217239379883
20.784, -80.8834609985352
20.796, -80.9576873779297
20.808, -81.0436782836914
20.82, -81.1377487182617
20.832, -81.2332916259766
20.844, -81.3273620605469
20.856, -81.4140853881836
20.868, -81.4897842407227
20.88, -81.55078125
20.892, -81.5948791503906
20.904, -81.6235427856445
20.916, -81.6397094726563
20.928, -81.6455917358398
20.94, -81.6411819458008
20.952, -81.6360321044922
20.964, -81.6308898925781
20.976, -81.6264801025391
20.988, -81.622802734375
21.0, -81.6191329956055
21.012, -81.6154556274414
21.024, -81.6117782592773
21.036, -81.6066360473633
21.048, -81.6007537841797
21.06, -81.5926742553711
21.072, -81.5787124633789
21.084, -81.5573959350586
21.096, -81.5257949829102
21.108, -81.4824295043945
21.12, -81.4251098632813
21.132, -81.3538208007813
21.144, -81.2700347900391
21.156, -81.1744918823242
21.168, -81.0716018676758
21.18, -80.9643020629883
21.192, -80.8570022583008
21.204, -80.7526397705078
21.216, -80.6548919677734
21.228, -80.5681686401367
21.24, -80.4939422607422
21.252, -80.4351501464844
21.264, -80.3939895629883
21.276, -80.3741455078125
21.288, -80.3726806640625
21.3, -80.3770904541016
21.312, -80.4013366699219
21.324, -80.446174621582
21.336, -80.5086441040039
21.348, -80.5865478515625
21.36, -80.6754684448242
21.372, -80.7695465087891
21.384, -80.8672866821289
21.396, -80.9672393798828
21.408, -81.0686645507813
21.42, -81.1737594604492
21.432, -81.2869415283203
21.444, -81.4118804931641
21.456, -81.5537185668945
21.468, -81.7139358520508
21.48, -81.8925247192383
21.492, -82.084342956543
21.504, -82.2820434570313
21.516, -82.4775390625
21.528, -82.6575927734375
21.54, -82.8141403198242
21.552, -82.939079284668
21.564, -83.0302047729492
21.576, -83.0897369384766
21.588, -83.1250152587891
21.6, -83.1455917358398
21.612, -83.1617584228516
21.624, -83.1808700561523
21.636, -83.2110061645508
21.648, -83.2550964355469
21.66, -83.3131561279297
21.672, -83.3829803466797
21.684, -83.4579391479492
21.696, -83.5299682617188
21.708, -83.5924377441406
21.72, -83.6387329101563
21.732, -83.6644592285156
21.744, -83.6402053833008
21.756, -83.5880279541016
21.768, -83.510124206543
21.78, -83.4086990356445
21.792, -83.2859649658203
21.804, -83.1470642089844
21.816, -82.9941940307617
21.828, -82.8317718505859
21.84, -82.6642074584961
21.852, -82.4966430664063
21.864, -82.3334884643555
21.876, -82.1798858642578
21.888, -82.0417175292969
21.9, -81.9233932495117
21.912, -81.8285903930664
21.924, -81.7624435424805
21.936, -81.726432800293
21.948, -81.7212829589844
21.96, -81.7249603271484
21.972, -81.7565612792969
21.984, -81.8197708129883
21.996, -81.9116363525391
22.008, -82.0270233154297
22.02, -82.1607818603516
22.032, -82.3055572509766
22.044, -82.4547500610352
22.056, -82.6002731323242
22.068, -82.7377014160156
22.08, -82.8633804321289
22.092, -82.9765548706055
22.104, -83.0779800415039
22.116, -83.1713180541992
22.128, -83.262451171875
22.14, -83.3565216064453
22.152, -83.4572067260742
22.164, -83.5703887939453
22.176, -83.6975326538086
22.188, -83.8379058837891
22.2, -83.9885635375977
22.212, -84.1436386108398
22.224, -84.296501159668
22.236, -84.4405517578125
22.248, -84.5676956176758
22.26, -84.6727905273438
22.272, -84.7514266967773
22.284, -84.800666809082
22.296, -84.8102264404297
22.308, -84.7749481201172
22.32, -84.7154159545898
22.332, -84.6360473632813
22.344, -84.5382995605469
22.356, -84.4229125976563
22.368, -84.295036315918
22.38, -84.1561279296875
22.392, -84.0091400146484
22.404, -83.8570098876953
22.416, -83.7026748657227
22.428, -83.5498046875
22.44, -83.4013519287109
22.452, -83.2573013305664
22.464, -83.12060546875
22.476, -82.9949340820313
22.488, -82.8817520141602
22.5, -82.7840042114258
22.512, -82.7053680419922
22.524, -82.6502456665039
22.536, -82.62158203125
22.548, -82.6186447143555
22.56, -82.6237869262695
22.572, -82.6575927734375
22.584, -82.7222671508789
22.596, -82.8141403198242
22.608, -82.9295196533203
22.62, -83.0596084594727
22.632, -83.1985092163086
22.644, -83.3403549194336
22.656, -83.4807281494141
22.668, -83.6188888549805
22.68, -83.7570571899414
22.692, -83.8996353149414
22.704, -84.0547103881836
22.716, -84.228889465332
22.728, -84.4295272827148
22.74, -84.6595611572266
22.752, -84.9212036132813
22.764, -85.2159118652344
22.776, -85.5385437011719
22.788, -85.8847045898438
22.8, -86.2470245361328
22.812, -86.6189041137695
22.824, -86.9907836914063
22.836, -87.3582458496094
22.848, -87.7161636352539
22.86, -88.0586471557617
22.872, -88.3864288330078
22.884, -88.6943664550781
22.896, -88.9780502319336
22.908, -89.2330703735352
22.92, -89.4520797729492
22.932, -89.6218566894531
22.944, -89.7313613891602
22.956, -89.7144546508789
22.968, -89.575553894043
22.98, -89.3535995483398
22.992, -89.0603637695313
23.004, -88.7149429321289
23.016, -88.3342437744141
23.028, -87.9373779296875
23.04, -87.544189453125
23.052, -87.1671676635742
23.064, -86.8129272460938
23.076, -86.4866180419922
23.088, -86.1911697387695
23.1, -85.9236526489258
23.112, -85.6833267211914
23.124, -85.4694595336914
23.136, -85.2820510864258
23.148, -85.1218414306641
23.16, -84.9917526245117
23.172, -84.8940048217773
23.184, -84.833740234375
23.196, -84.8124313354492
23.208, -84.8124313354492
23.22, -84.832275390625
23.232, -84.8925399780273
23.244, -84.9895477294922
23.256, -85.1166915893555
23.268, -85.2644119262695
23.28, -85.4209594726563
23.292, -85.5708847045898
23.304, -85.7009658813477
23.316, -85.8016510009766
23.328, -85.8670654296875
23.34, -85.8986663818359
23.352, -85.8993988037109
23.364, -85.8979339599609
23.376, -85.8993988037109
23.388, -85.9258575439453
23.4, -85.9942092895508
23.412, -86.11767578125
23.424, -86.3072891235352
23.436, -86.5689239501953
23.448, -86.9047927856445
23.46, -87.3126831054688
23.472, -87.7859802246094
23.484, -88.3195495605469
23.496, -88.8986740112305
23.508, -89.5108795166016
23.52, -90.1282272338867
23.532, -90.716911315918
23.544, -91.2372436523438
23.556, -91.6421966552734
23.568, -91.8935394287109
23.58, -91.8861923217773
23.592, -91.6532211303711
23.604, -91.3085327148438
23.616, -90.8932952880859
23.628, -90.4457168579102
23.64, -89.9996109008789
23.652, -89.5770263671875
23.664, -89.2007369995117
23.676, -88.8876495361328
23.688, -88.647331237793
23.7, -88.4871139526367
23.712, -88.4099426269531
23.724, -88.4018630981445
23.736, -88.4121475219727
23.748, -88.4885787963867
23.76, -88.6260147094727
23.772, -88.8104858398438
23.784, -89.0228805541992
23.796, -89.2448348999023
23.808, -89.4594345092773
23.82, -89.647575378418
23.832, -89.8004455566406
23.844, -89.9084777832031
23.856, -89.970947265625
23.868, -89.9665374755859
23.88, -89.9150924682617
23.892, -89.8415985107422
23.904, -89.7541427612305
23.916, -89.6608047485352
23.928, -89.5645294189453
23.94, -89.4645767211914
23.952, -89.3565444946289
23.964, -89.2330703735352
23.976, -89.0868225097656
23.988, -88.9096984863281
24.0, -88.6965713500977
24.012, -88.4459533691406
24.024, -88.1615371704102
24.036, -87.8499221801758
24.048, -87.5214080810547
24.06, -87.1811294555664
24.072, -86.8401184082031
24.084, -86.5049896240234
24.096, -86.1816177368164
24.108, -85.8744125366211
24.12, -85.5899887084961
24.132, -85.3246765136719
24.144, -85.085090637207
24.156, -84.8741607666016
24.168, -84.6963119506836
24.18, -84.5559387207031
24.192, -84.4589233398438
24.204, -84.4111557006836
24.216, -84.4074783325195
24.228, -84.4192352294922
24.24, -84.4890594482422
24.252, -84.6257553100586
24.264, -84.8344802856445
24.276, -85.1144866943359
24.288, -85.4628448486328
24.3, -85.869270324707
24.312, -86.3249282836914
24.324, -86.8099899291992
24.336, -87.297248840332
24.348, -87.7609939575195
24.36, -88.1710891723633
24.372, -88.5018081665039
24.384, -88.7421340942383
24.396, -88.8825073242188
24.408, -88.8935317993164
24.42, -88.794319152832
24.432, -88.653205871582
24.444, -88.4907836914063
24.456, -88.3268966674805
24.468, -88.1769714355469
24.48, -88.0527648925781
24.492, -87.9645690917969
24.504, -87.9190063476563
24.516, -87.9116592407227
24.528, -87.9145965576172
24.54, -87.9528121948242
24.552, -88.0285110473633
24.564, -88.1365509033203
24.576, -88.2695693969727
24.588, -88.4216995239258
24.6, -88.5885314941406
24.612, -88.7634506225586
24.624, -88.9449768066406
24.636, -89.1272430419922
24.648, -89.3065643310547
24.66, -89.4763336181641
24.672, -89.6306762695313
24.684, -89.7629623413086
24.696, -89.8636474609375
24.708, -89.9290542602539
24.72, -89.932731628418
24.732, -89.8680572509766
24.744, -89.7600250244141
24.756, -89.613037109375
24.768, -89.4344482421875
24.78, -89.2294006347656
24.792, -89.0081787109375
24.804, -88.7803497314453
24.816, -88.5547256469727
24.828, -88.3415908813477
24.84, -88.149040222168
24.852, -87.9814758300781
24.864, -87.8455123901367
24.876, -87.7433547973633
24.888, -87.6764755249023
24.9, -87.6470794677734
24.912, -87.6456069946289
24.924, -87.653694152832
24.936, -87.6970520019531
24.948, -87.7771606445313
