% Measurement ID: 2597
% Mode ID: 1
% Date and time: 2020-06-04 11:26:34
% Sample ID: TOT54-73
% Measurement type: ringdown
% Frequency [Hz]: 274180.0
% Quality factor: 15198563.25149383
% Temperature [K]: 293.0
% Pressure [mBar]: 5.52e-07
% Notes: 
% 
%
% measurement data
% time [s], power [dBm]
0.0, 3.905055
0.32643524699599463, 3.768336
0.6528704939919893, 3.641383
0.979305740987984, 3.568141
1.3057409879839785, 3.416773
1.632176234979973, 3.284938
1.958611481975968, 3.143336
2.2850467289719623, 3.031031
2.611481975967957, 2.88943
2.937917222963952, 2.767359
3.264352469959946, 2.625758
3.590787716955941, 2.503688
3.917222963951936, 2.415797
4.24365821094793, 2.269313
4.5700934579439245, 2.103297
4.89652870493992, 1.966578
5.222963951935914, 1.834742
5.5493991989319085, 1.702906
5.875834445927904, 1.566188
6.202269692923898, 1.419703
6.528704939919892, 1.307398
6.855140186915888, 1.126734
7.181575433911882, 0.9997813
7.508010680907876, 0.8679453
7.834445927903872, 0.7068125
8.160881174899865, 0.5554453
8.48731642189586, 0.4626719
8.813751668891856, 0.35525
9.140186915887849, 0.1794688
9.466622162883844, 0.04763281
9.79305740987984, -0.1183828
10.119492656875833, -0.2599844
10.445927903871828, -0.4113516
10.772363150867823, -0.5578359
11.098798397863817, -0.7092031
11.425233644859812, -0.89475
11.751668891855807, -1.041234
12.078104138851801, -1.20725
12.404539385847796, -1.353734
12.730974632843791, -1.524633
13.057409879839785, -1.666234
13.38384512683578, -1.807836
13.710280373831775, -1.959203
14.036715620827769, -2.115453
14.363150867823764, -2.26682
14.68958611481976, -2.437719
15.016021361815753, -2.608617
15.342456608811748, -2.740453
15.668891855807743, -2.906469
15.995327102803737, -3.043187
16.32176234979973, -3.209203
16.648197596795725, -3.365453
16.97463284379172, -3.541234
17.301068090787716, -3.658422
17.62750333778371, -3.824437
17.953938584779706, -3.995336
18.280373831775698, -4.146703
18.606809078771693, -4.302953
18.93324432576769, -4.45432
19.259679572763684, -4.625219
19.58611481975968, -4.771703
19.912550066755674, -4.927953
20.238985313751666, -5.074437
20.56542056074766, -5.240453
20.891855807743656, -5.377172
21.21829105473965, -5.54807
21.544726301735647, -5.709203
21.87116154873164, -5.89475
22.197596795727634, -6.011937
22.52403204272363, -6.192602
22.850467289719624, -6.343969
23.17690253671562, -6.509984
23.503337783711615, -6.685766
23.829773030707607, -6.851781
24.156208277703602, -7.003148
24.482643524699597, -7.174047
24.809078771695592, -7.305883
25.135514018691588, -7.45725
25.461949265687583, -7.667211
25.788384512683574, -7.808812
26.11481975967957, -7.965062
26.441255006675565, -8.140844
26.76769025367156, -8.311742
27.094125500667555, -8.472875
27.42056074766355, -8.634008
27.746995994659542, -8.795141
28.073431241655538, -8.975805
28.399866488651533, -9.132055
28.726301735647528, -9.283422
29.052736982643523, -9.439672
29.37917222963952, -9.625219
29.70560747663551, -9.76682
30.032042723631506, -9.903539
30.3584779706275, -10.16233
30.684913217623496, -11.45627
31.01134846461949, -14.84495
31.337783711615486, -13.54612
31.664218958611478, -14.38596
31.990654205607473, -11.72971
32.31708945260347, -11.14866
32.64352469959946, -11.27561
32.96995994659546, -11.38303
33.29639519359145, -11.55881
33.62283044058745, -11.7053
33.94926568758344, -11.86155
34.27570093457943, -12.02268
34.60213618157543, -12.18381
34.92857142857142, -12.36448
35.25500667556742, -12.51584
35.581441922563414, -12.69162
35.90787716955941, -12.87717
36.234312416555404, -13.03342
36.560747663551396, -13.19944
36.887182910547395, -13.3508
37.21361815754339, -13.50217
37.540053404539385, -13.65354
37.86648865153538, -13.80979
38.19292389853137, -13.9758
38.51935914552737, -14.13205
38.84579439252336, -14.28342
39.17222963951936, -14.42502
39.49866488651535, -14.58616
39.82510013351135, -14.74729
40.15153538050734, -14.89866
40.47797062750333, -15.06467
40.80440587449933, -15.23069
41.13084112149532, -15.3967
41.45727636849132, -15.5676
41.78371161548731, -15.72385
42.110146862483305, -15.88987
42.4365821094793, -16.03635
42.763017356475295, -16.20725
43.089452603471294, -16.35862
43.415887850467286, -16.52463
43.74232309746328, -16.68088
44.068758344459276, -16.83225
44.39519359145527, -16.99827
44.72162883845127, -17.14963
45.04806408544726, -17.28635
45.37449933244326, -17.4719
45.70093457943925, -17.64768
46.02736982643524, -17.82834
46.35380507343124, -17.98948
46.68024032042723, -18.15549
47.00667556742323, -18.30686
47.33311081441922, -18.45823
47.65954606141521, -18.62424
47.98598130841121, -18.80002
48.312416555407204, -18.94651
48.6388518024032, -19.12229
48.965287049399194, -19.2883
49.29172229639519, -19.4592
49.618157543391185, -19.61545
49.944592790387176, -19.77659
50.271028037383175, -19.93284
50.59746328437917, -20.08909
50.923898531375166, -20.26975
51.25033377837116, -20.42112
51.57676902536715, -20.59202
51.90320427236315, -20.72873
52.22963951935914, -20.8801
52.55607476635514, -21.051
52.88251001335113, -21.21213
53.20894526034712, -21.37327
53.53538050734312, -21.52463
53.86181575433911, -21.69065
54.18825100133511, -21.87131
54.5146862483311, -22.0178
54.8411214953271, -22.17405
55.16755674232309, -22.3303
55.493991989319085, -22.4719
55.82042723631508, -22.63791
56.146862483311075, -22.80881
56.473297730307074, -22.96506
56.799732977303066, -23.14084
57.12616822429906, -23.29709
57.452603471295056, -23.48264
57.77903871829105, -23.64866
58.10547396528705, -23.81955
58.43190921228304, -24.00998
58.75834445927904, -24.15159
59.08477970627503, -24.33225
59.41121495327102, -24.47873
59.73765020026702, -24.64963
60.06408544726301, -24.78635
60.39052069425901, -24.94748
60.716955941255, -25.10373
61.04339118825099, -25.26975
61.36982643524699, -25.43577
61.696261682242984, -25.62131
62.02269692923898, -25.82639
62.349132176234974, -25.96311
62.67556742323097, -26.13401
63.002002670226965, -26.31467
63.328437917222956, -26.46116
63.654873164218955, -26.61741
63.98130841121495, -26.80295
64.30774365821094, -26.96897
64.63417890520694, -27.13987
64.96061415220294, -27.29123
65.28704939919892, -27.43284
65.61348464619492, -27.6135
65.93991989319092, -27.75998
66.26635514018692, -27.926
66.5927903871829, -28.10178
66.9192256341789, -28.24338
67.2456608811749, -28.40452
67.57209612817088, -28.56077
67.89853137516688, -28.73655
68.22496662216288, -28.90745
68.55140186915887, -29.05881
68.87783711615486, -29.23948
69.20427236315086, -29.42502
69.53070761014686, -29.57639
69.85714285714285, -29.76682
70.18357810413885, -29.91819
70.51001335113484, -30.09885
70.83644859813083, -30.23069
71.16288384512683, -30.38694
71.48931909212283, -30.56272
71.81575433911883, -30.7092
72.14218958611481, -30.84592
72.46862483311081, -31.051
72.79506008010681, -31.18772
73.12149532710279, -31.38303
73.44793057409879, -31.54905
73.77436582109479, -31.72483
74.10080106809077, -31.90549
74.42723631508677, -32.08127
74.75367156208277, -32.21311
75.08010680907877, -32.35471
75.40654205607476, -32.55979
75.73297730307075, -32.67209
76.05941255006675, -32.78928
76.38584779706274, -32.98948
76.71228304405874, -33.18479
77.03871829105474, -33.29221
77.36515353805073, -33.43381
77.69158878504672, -33.57053
78.01802403204272, -33.75608
78.34445927903872, -33.93186
78.6708945260347, -34.46409
78.9973297730307, -34.61057
79.3237650200267, -34.55686
79.6502002670227, -34.76194
79.97663551401868, -34.89866
80.30307076101468, -35.06955
80.62950600801068, -35.25998
80.95594125500666, -35.35764
81.28237650200266, -35.48948
81.60881174899866, -35.64573
81.93524699599465, -35.72873
82.26168224299064, -35.91428
82.58811748998664, -36.03635
82.91455273698264, -36.18772
83.24098798397863, -36.41233
83.56742323097463, -36.57346
83.89385847797062, -36.65647
84.22029372496661, -36.82248
84.54672897196261, -36.96897
84.8731642189586, -37.20823
85.1995994659546, -37.39377
85.52603471295059, -37.45237
85.85246995994659, -37.63303
86.17890520694259, -37.75022
86.50534045393857, -37.90647
86.83177570093457, -38.03342
87.15821094793057, -38.11155
87.48464619492655, -38.28733
87.81108144192255, -38.47776
88.13751668891855, -38.64866
88.46395193591455, -38.74631
88.79038718291054, -38.76584
89.11682242990653, -38.92698
89.44325767690253, -39.07834
89.76969292389852, -39.22483
90.09612817089452, -39.56663
90.42256341789052, -39.6301
90.74899866488651, -39.78635
91.0754339118825, -39.91819
91.4018691588785, -40.00608
91.7283044058745, -40.24534
92.05473965287048, -40.40647
92.38117489986648, -40.44553
92.70761014686248, -40.5383
93.03404539385848, -40.67502
93.36048064085446, -40.93381
93.68691588785046, -41.17795
94.01335113484646, -41.22678
94.33978638184244, -41.32932
94.66622162883844, -42.39377
94.99265687583444, -44.84983
95.31909212283043, -48.71702
95.64552736982643, -47.43284
95.97196261682242, -44.75217
96.29839786381842, -44.44455
96.62483311081441, -43.95139
96.9512683578104, -46.14377
97.2777036048064, -45.24045
97.60413885180239, -43.8635
97.93057409879839, -45.31858
98.25700934579439, -46.34885
98.58344459279039, -45.59202
98.90987983978637, -47.24241
99.23631508678237, -45.85569
99.56275033377837, -44.00998
99.88918558077435, -43.85862
100.21562082777035, -44.04416
100.54205607476635, -44.13694
100.86849132176233, -44.28342
101.19492656875833, -44.31272
101.52136181575433, -44.46409
101.84779706275033, -44.56663
102.17423230974632, -45.32346
102.50066755674231, -48.98557
102.82710280373831, -45.05979
103.1535380507343, -44.98655
103.4799732977303, -44.9719
103.8064085447263, -45.16233
104.1328437917223, -45.25998
104.45927903871828, -45.46506
104.78571428571428, -45.55295
105.11214953271028, -45.82639
105.43858477970626, -46.01682
105.76502002670226, -46.05588
106.09145527369826, -46.13889
106.41789052069424, -46.33909
106.74432576769024, -46.57834
107.07076101468624, -46.74924
107.39719626168224, -47.1301
107.72363150867822, -47.37913
108.05006675567422, -47.63303
108.37650200267022, -47.49631
108.7029372496662, -47.66721
109.0293724966622, -48.08225
109.3558077436582, -48.17014
109.6822429906542, -48.28245
110.00867823765019, -48.49241
110.33511348464619, -48.76584
110.66154873164218, -48.67307
110.98798397863817, -49.25413
111.31441922563417, -49.2053
111.64085447263017, -49.42502
111.96728971962617, -49.31272
112.29372496662215, -49.25901
112.62016021361815, -49.40061
112.94659546061415, -49.42991
113.27303070761013, -49.84983
113.59946595460613, -49.97678
113.92590120160213, -50.15745
114.25233644859811, -50.55295
114.57877169559411, -50.63108
114.90520694259011, -50.66038
115.23164218958611, -50.51877
115.5580774365821, -50.31858
115.8845126835781, -50.5676
116.2109479305741, -50.99729
116.53738317757008, -51.2219
116.86381842456608, -51.62229
117.19025367156208, -51.42209
117.51668891855807, -51.69065
117.84312416555406, -51.92991
118.16955941255006, -52.35471
118.49599465954606, -52.34983
118.82242990654204, -52.87717
119.14886515353804, -52.95041
119.47530040053404, -52.96506
119.80173564753002, -53.19944
120.12817089452602, -53.45823
120.45460614152202, -53.76584
120.78104138851802, -53.88791
121.107476635514, -54.2883
121.43391188251, -54.42502
121.760347129506, -54.41526
122.08678237650199, -54.38596
122.41321762349799, -54.84006
122.73965287049398, -55.46018
123.06608811748998, -56.7053
123.39252336448597, -57.54026
123.71895861148197, -57.24241
124.04539385847796, -57.16428
124.37182910547395, -56.64182
124.69826435246995, -57.29123
125.02469959946595, -57.31565
125.35113484646195, -57.74045
125.67757009345793, -57.47678
126.00400534045393, -57.82834
126.33044058744993, -57.73069
126.65687583444591, -57.39377
126.98331108144191, -57.29123
127.30974632843791, -57.77952
127.6361815754339, -57.17893
127.9626168224299, -57.55491
128.28905206942588, -57.8137
128.61548731642188, -58.53635
128.94192256341788, -59.07834
129.26835781041387, -59.53733
129.59479305740987, -58.95627
129.92122830440587, -58.11155
130.24766355140187, -58.05295
130.57409879839784, -58.44358
130.90053404539384, -58.43381
131.22696929238984, -57.94065
131.55340453938584, -58.21409
131.87983978638184, -58.4387
132.20627503337784, -58.42893
132.53271028037383, -58.59006
132.8591455273698, -57.90159
133.1855807743658, -57.80393
133.5120160213618, -58.11643
133.8384512683578, -59.13205
134.1648865153538, -58.9758
134.4913217623498, -59.20041
134.8177570093458, -58.53147
135.14419225634177, -58.59006
135.47062750333777, -58.78049
135.79706275033377, -58.71213
136.12349799732976, -58.56077
136.44993324432576, -59.70823
136.77636849132176, -59.30784
137.10280373831773, -58.27268
137.42923898531373, -57.67698
137.75567423230973, -57.42307
138.08210947930573, -57.72092
138.40854472630173, -57.83811
138.73497997329773, -58.12131
139.06141522029372, -58.12131
139.3878504672897, -58.49729
139.7142857142857, -58.47776
140.0407209612817, -58.48264
140.3671562082777, -58.77073
140.6935914552737, -58.92209
141.0200267022697, -58.87327
141.3464619492657, -58.87327
141.67289719626166, -58.96604
141.99933244325766, -58.60471
142.32576769025366, -58.56077
142.65220293724965, -58.93674
142.97863818424565, -58.44358
143.30507343124165, -58.16526
143.63150867823765, -58.27268
143.95794392523362, -58.47776
144.28437917222962, -59.58127
144.61081441922562, -59.65452
144.93724966622162, -59.40549
145.26368491321762, -60.05491
145.59012016021362, -60.68479
145.91655540720961, -62.1887
146.24299065420558, -61.28538
146.56942590120158, -60.94358
146.89586114819758, -60.94846
147.22229639519358, -61.61252
147.54873164218958, -61.41233
147.87516688918558, -61.70041
148.20160213618155, -61.18772
148.52803738317755, -60.30393
148.85447263017355, -60.20627
149.18090787716955, -58.95627
149.50734312416554, -59.23948
149.83377837116154, -59.04905
150.16021361815754, -59.3469
150.4866488651535, -60.02073
150.8130841121495, -60.77756
151.1395193591455, -60.79221
151.4659546061415, -60.35764
151.7923898531375, -61.89084
152.1188251001335, -61.5344
152.4452603471295, -61.00217
152.77169559412548, -72.04985
153.09813084112147, -72.09913
153.42456608811747, -72.14922
153.75100133511347, -72.20014
154.07743658210947, -72.25187
154.40387182910547, -72.30443
154.73030707610147, -72.3578
155.05674232309744, -72.412
155.38317757009344, -72.46702
155.70961281708944, -72.50862
156.03604806408543, -72.5503
156.36248331108143, -72.59206
156.68891855807743, -72.63388
157.01535380507343, -72.67577
157.3417890520694, -72.71774
157.6682242990654, -72.75978
157.9946595460614, -72.80189
158.3210947930574, -72.84407
158.6475300400534, -72.88632
158.9739652870494, -72.92865
159.3004005340454, -72.97104
159.62683578104136, -73.01351
159.95327102803736, -73.05605
160.27970627503336, -73.09866
160.60614152202936, -73.14134
160.93257676902536, -73.18409
161.25901201602136, -73.22692
161.58544726301733, -73.26981
161.91188251001333, -73.31278
162.23831775700933, -73.35582
162.56475300400533, -73.39893
162.89118825100132, -73.44211
163.21762349799732, -73.48536
163.54405874499332, -73.52869
163.8704939919893, -73.57209
164.1969292389853, -73.61555
164.5233644859813, -73.65909
164.8497997329773, -73.7027
165.1762349799733, -73.74639
165.5026702269693, -73.79014
165.82910547396529, -73.83397
166.15554072096126, -73.87786
166.48197596795725, -73.92183
166.80841121495325, -73.96587
167.13484646194925, -74.00998
167.46128170894525, -74.06804
167.78771695594125, -74.12692
168.11415220293725, -74.18662
168.44058744993322, -74.24715
168.76702269692922, -74.30849
169.09345794392522, -74.37066
169.41989319092121, -74.43365
169.7463284379172, -74.49746
170.0727636849132, -74.56209
170.3991989319092, -74.62754
170.72563417890518, -74.69381
171.05206942590118, -74.76091
171.37850467289718, -74.82883
171.70493991989318, -74.89757
172.03137516688918, -74.96713
172.35781041388518, -75.03751
172.68424566088117, -75.10871
173.01068090787714, -75.18073
173.33711615487314, -75.25358
173.66355140186914, -75.32725
173.98998664886514, -75.40174
174.31642189586114, -75.47705
174.64285714285714, -75.55318
174.9692923898531, -75.63014
175.2957276368491, -75.70791
175.6221628838451, -75.78651
175.9485981308411, -75.86593
176.2750333778371, -75.94617
176.6014686248331, -76.02723
176.9279038718291, -76.10911
177.25433911882507, -76.19182
177.58077436582107, -76.27534
177.90720961281707, -76.35969
178.23364485981307, -76.44486
178.56008010680907, -76.53085
178.88651535380507, -76.61766
179.21295060080107, -76.7053
179.53938584779704, -76.78259
179.86582109479303, -76.86011
180.19225634178903, -76.93786
180.51869158878503, -77.01585
180.84512683578103, -77.09408
181.17156208277703, -77.17254
181.49799732977303, -77.25123
181.824432576769, -77.33015
182.150867823765, -77.40931
182.477303070761, -77.4887
182.803738317757, -77.56833
183.130173564753, -77.64819
183.456608811749, -77.72829
183.783044058745, -77.80861
184.10947930574096, -77.88918
184.43591455273696, -77.96997
184.76234979973296, -78.051
185.08878504672896, -78.13226
185.41522029372496, -78.21376
185.74165554072096, -78.29549
186.06809078771695, -78.37746
186.39452603471292, -78.45966
186.72096128170892, -78.54209
187.04739652870492, -78.62475
187.37383177570092, -78.70765
187.70026702269692, -78.79079
188.02670226969292, -78.87416
188.3531375166889, -78.95776
188.6795727636849, -79.04159
189.0060080106809, -79.12566
189.33244325767689, -79.20996
189.65887850467288, -79.2945
189.98531375166888, -79.37927
190.31174899866488, -79.46427
190.63818424566085, -79.54951
190.96461949265685, -79.63498
191.29105473965285, -79.75605
191.61748998664885, -79.87926
191.94392523364485, -80.00462
192.27036048064085, -80.13212
192.59679572763685, -80.26177
192.92323097463282, -80.39356
193.24966622162881, -80.5275
193.5761014686248, -80.66359
193.9025367156208, -80.80182
194.2289719626168, -80.94219
194.5554072096128, -81.08471
194.8818424566088, -81.22937
195.20827770360478, -81.37618
195.53471295060078, -81.52514
195.86114819759678, -81.67624
196.18758344459278, -81.82948
196.51401869158877, -81.98487
196.84045393858477, -82.14241
197.16688918558077, -82.30209
197.49332443257674, -82.46392
197.81975967957274, -82.62789
198.14619492656874, -82.79401
198.47263017356474, -82.96227
198.79906542056074, -83.13268
199.12550066755674, -83.30523
199.4519359145527, -83.47993
199.7783711615487, -83.65677
200.1048064085447, -83.83576
200.4312416555407, -84.01689
200.7576769025367, -84.20017
201.0841121495327, -84.38559
201.4105473965287, -84.57316
201.73698264352467, -84.76288
202.06341789052067, -84.95474
202.38985313751667, -85.14874
202.71628838451267, -85.34489
203.04272363150866, -85.54319
203.36915887850466, -85.66167
203.69559412550066, -85.77798
204.02202937249663, -85.89212
204.34846461949263, -86.00409
204.67489986648863, -86.1139
205.00133511348463, -86.22153
205.32777036048063, -86.327
205.65420560747663, -86.4303
205.98064085447263, -86.53143
206.3070761014686, -86.63039
206.6335113484646, -86.72718
206.9599465954606, -86.82181
207.2863818424566, -86.91426
207.6128170894526, -87.00455
207.9392523364486, -87.09267
208.2656875834446, -87.17862
208.59212283044056, -87.2624
208.91855807743656, -87.34401
209.24499332443256, -87.42346
209.57142857142856, -87.50074
209.89786381842455, -87.57584
210.22429906542055, -87.64878
210.55073431241655, -87.71955
210.87716955941252, -87.78815
211.20360480640852, -87.85459
211.53004005340452, -87.91885
211.85647530040052, -87.98095
212.18291054739652, -88.04088
212.50934579439252, -88.09864
212.8357810413885, -88.15423
213.16221628838449, -88.20765
213.48865153538048, -88.2589
213.81508678237648, -88.30799
214.14152202937248, -88.3549
214.46795727636848, -88.39965
214.79439252336448, -88.44223
215.12082777036045, -88.48264
215.44726301735645, -88.51254
215.77369826435245, -88.53983
216.10013351134845, -88.56452
216.42656875834444, -88.58659
216.75300400534044, -88.60606
217.07943925233644, -88.62293
217.4058744993324, -88.63718
217.7323097463284, -88.64883
218.0587449933244, -88.65787
218.3851802403204, -88.6643
218.7116154873164, -88.66812
219.0380507343124, -88.66934
219.3644859813084, -88.66794
219.69092122830438, -88.66395
220.01735647530037, -88.65734
220.34379172229637, -88.64812
220.67022696929237, -88.6363
220.99666221628837, -88.62187
221.32309746328437, -88.60483
221.64953271028037, -88.58519
221.97596795727634, -88.56294
222.30240320427234, -88.53808
222.62883845126834, -88.51061
222.95527369826434, -88.48053
223.28170894526033, -88.44785
223.60814419225633, -88.41256
223.93457943925233, -88.37466
224.2610146862483, -88.33416
224.5874499332443, -88.29104
224.9138851802403, -88.24532
225.2403204272363, -88.19699
225.5667556742323, -88.14606
225.8931909212283, -88.09251
226.21962616822427, -88.03636
226.54606141522027, -87.9776
226.87249666221626, -87.91623
227.19893190921226, -87.88774
227.52536715620826, -87.85856
227.85180240320426, -87.82868
228.17823765020026, -87.79812
228.50467289719623, -87.76687
228.83110814419223, -87.73492
229.15754339118823, -87.70229
229.48397863818423, -87.66897
229.81041388518022, -87.63495
230.13684913217622, -87.60025
230.46328437917222, -87.56486
230.7897196261682, -87.52878
231.1161548731642, -87.49201
231.4425901201602, -87.45455
231.7690253671562, -87.4164
232.0954606141522, -87.37755
232.4218958611482, -87.33802
232.74833110814419, -87.2978
233.07476635514016, -87.25689
233.40120160213615, -87.21529
233.72763684913215, -87.173
234.05407209612815, -87.13003
234.38050734312415, -87.08636
234.70694259012015, -87.042
235.03337783711615, -86.99695
235.35981308411212, -86.95121
235.68624833110812, -86.90478
236.01268357810412, -86.85766
236.33911882510012, -86.80986
236.6655540720961, -86.76136
236.9919893190921, -86.71217
237.3184245660881, -86.66229
237.64485981308408, -86.61173
237.97129506008008, -86.56047
238.29773030707608, -86.50852
238.62416555407208, -86.45589
238.95060080106808, -86.40256
239.27703604806408, -86.39655
239.60347129506005, -86.39238
239.92990654205605, -86.39004
240.25634178905204, -86.38954
240.58277703604804, -86.39088
240.90921228304404, -86.39406
241.23564753004004, -86.39907
241.56208277703604, -86.40592
241.888518024032, -86.4146
242.214953271028, -86.42512
242.541388518024, -86.43748
242.86782376502, -86.45168
243.194259012016, -86.46771
243.520694259012, -86.48558
243.847129506008, -86.50528
244.17356475300397, -86.52683
244.5, -86.55021
