% Measurement ID: 3661
% Mode ID: 12
% Date and time: 2020-11-09 10:27:06
% Sample ID: RAD9-21
% Measurement type: ringdown
% Frequency [Hz]: 971230.0
% Quality factor: 294411.43600623106
% Temperature [K]: 293.0
% Pressure [mBar]: 7.6e-09
% Notes: 
% 
%
% measurement data
% time [s], power [dBm]
0.0, -32.65745
0.00801068090787717, -32.65745
0.01602136181575434, -32.68674
0.024032042723631512, -32.71604
0.03204272363150868, -32.68186
0.04005340453938585, -32.65745
0.048064085447263025, -32.65745
0.05607476635514019, -32.68674
0.06408544726301736, -32.71604
0.07209612817089453, -32.68186
0.0801068090787717, -32.65745
0.08811748998664887, -32.65745
0.09612817089452605, -32.69163
0.10413885180240322, -32.73069
0.11214953271028039, -32.70139
0.12016021361815755, -32.65745
0.12817089452603472, -32.65745
0.1361815754339119, -32.67209
0.14419225634178906, -32.71116
0.15220293724966624, -32.70139
0.1602136181575434, -32.66233
0.16822429906542058, -32.65745
0.17623497997329773, -32.66721
0.18424566088117492, -32.70627
0.1922563417890521, -32.69163
0.20026702269692925, -32.64768
0.20827770360480644, -32.6428
0.2162883845126836, -32.66233
0.22429906542056077, -32.72092
0.23230974632843793, -32.7258
0.2403204272363151, -32.67698
0.24833110814419226, -32.65745
0.25634178905206945, -32.66721
0.2643524699599466, -32.71116
0.2723631508678238, -32.71116
0.28037383177570097, -32.67209
0.2883845126835781, -32.66233
0.2963951935914553, -32.67209
0.3044058744993325, -32.71604
0.31241655540720964, -32.71604
0.3204272363150868, -32.66721
0.328437917222964, -32.64768
0.33644859813084116, -32.65745
0.3444592790387183, -32.69651
0.35246995994659547, -32.71116
0.3604806408544727, -32.67209
0.36849132176234983, -32.65745
0.376502002670227, -32.66233
0.3845126835781042, -32.69163
0.39252336448598135, -32.71116
0.4005340453938585, -32.67698
0.40854472630173566, -32.65256
0.41655540720961287, -32.65256
0.42456608811749, -32.68674
0.4325767690253672, -32.7258
0.44058744993324434, -32.69163
0.44859813084112155, -32.66233
0.4566088117489987, -32.65745
0.46461949265687585, -32.68186
0.47263017356475306, -32.72092
0.4806408544726302, -32.69163
0.4886515353805074, -32.65745
0.49666221628838453, -32.65745
0.5046728971962617, -32.69163
0.5126835781041389, -32.74045
0.520694259012016, -32.70139
0.5287049399198932, -32.65745
0.5367156208277704, -32.65256
0.5447263017356476, -32.68186
0.5527369826435248, -32.73069
0.5607476635514019, -32.71116
0.5687583444592791, -32.66721
0.5767690253671562, -32.66233
0.5847797062750334, -32.67698
0.5927903871829105, -32.71116
0.6008010680907878, -32.68674
0.608811748998665, -32.65256
0.6168224299065421, -32.64768
0.6248331108144193, -32.67209
0.6328437917222964, -32.73069
0.6408544726301736, -32.74045
0.6488651535380507, -32.68674
0.656875834445928, -32.66721
0.6648865153538052, -32.67209
0.6728971962616823, -32.70627
0.6809078771695595, -32.72092
0.6889185580774366, -32.68186
0.6969292389853138, -32.66233
0.7049399198931909, -32.67209
0.7129506008010682, -32.71116
0.7209612817089454, -32.7258
0.7289719626168225, -32.67209
0.7369826435246997, -32.65256
0.7449933244325768, -32.65256
0.753004005340454, -32.70139
0.7610146862483311, -32.74534
0.7690253671562084, -32.70139
0.7770360480640855, -32.67698
0.7850467289719627, -32.67698
0.7930574098798399, -32.71604
0.801068090787717, -32.75022
0.8090787716955942, -32.70139
0.8170894526034713, -32.67209
0.8251001335113485, -32.67209
0.8331108144192257, -32.70139
0.8411214953271029, -32.73557
0.84913217623498, -32.69651
0.8571428571428572, -32.66233
0.8651535380507344, -32.66233
0.8731642189586115, -32.68674
0.8811748998664887, -32.73069
0.8891855807743659, -32.70139
0.8971962616822431, -32.67209
0.9052069425901202, -32.66721
0.9132176234979974, -32.68674
0.9212283044058746, -32.7258
0.9292389853137517, -32.70627
0.9372496662216289, -32.67209
0.9452603471295061, -32.67209
0.9532710280373833, -32.69651
0.9612817089452604, -32.74534
0.9692923898531376, -32.73069
0.9773030707610147, -32.68186
0.9853137516688919, -32.67209
0.9933244325767691, -32.67698
1.0013351134846462, -32.71604
1.0093457943925235, -32.71604
1.0173564753004005, -32.68186
1.0253671562082778, -32.67698
1.033377837116155, -32.68674
1.041388518024032, -32.72092
1.0493991989319094, -32.71116
1.0574098798397864, -32.66721
1.0654205607476637, -32.65745
1.0734312416555407, -32.67209
1.081441922563418, -32.72092
1.0894526034712952, -32.74045
1.0974632843791723, -32.70139
1.1054739652870496, -32.68186
1.1134846461949266, -32.68186
1.1214953271028039, -32.71116
1.129506008010681, -32.7258
1.1375166889185582, -32.69163
1.1455273698264354, -32.67209
1.1535380507343125, -32.67698
1.1615487316421897, -32.70139
1.1695594125500668, -32.73069
1.177570093457944, -32.69163
1.185580774365821, -32.67209
1.1935914552736984, -32.67209
1.2016021361815756, -32.75998
1.2096128170894527, -33.24338
1.21762349799733, -35.05002
1.225634178905207, -39.59592
1.2336448598130842, -47.42307
1.2416555407209613, -54.98655
1.2496662216288386, -58.51194
1.2576769025367158, -59.93772
1.2656875834445929, -60.79221
1.2736982643524701, -61.5344
1.2817089452603472, -62.23264
1.2897196261682244, -62.93088
1.2977303070761015, -63.64866
1.3057409879839788, -64.37131
1.313751668891856, -65.06467
1.321762349799733, -65.74827
1.3297730307076103, -66.47092
1.3377837116154874, -67.22288
1.3457943925233646, -67.99436
1.3538050734312417, -68.74143
1.361815754339119, -69.4592
1.3698264352469962, -70.17209
1.3778371161548733, -70.84592
1.3858477970627505, -71.50998
1.3938584779706276, -72.21311
1.4018691588785048, -72.96506
1.4098798397863819, -73.78049
1.4178905206942591, -74.63987
1.4259012016021364, -75.38694
1.4339118825100134, -76.06565
1.4419225634178907, -76.676
1.4499332443257678, -77.29612
1.457943925233645, -78.04807
1.465954606141522, -78.88303
1.4739652870493993, -79.76194
1.4819759679572766, -80.51389
1.4899866488651536, -80.99241
1.497997329773031, -81.40745
1.506008010680908, -82.09104
1.5140186915887852, -83.0383
1.5220293724966623, -83.84397
1.5300400534045395, -84.49827
1.5380507343124168, -84.95725
1.5460614152202938, -85.39182
1.554072096128171, -86.03147
1.5620827770360481, -86.80295
1.5700934579439254, -87.35471
1.5781041388518025, -88.0676
1.5861148197596797, -88.51194
1.5941255006675568, -88.50705
1.602136181575434, -88.5803
1.6101468624833113, -88.51194
1.6181575433911883, -88.50705
1.6261682242990656, -88.77561
1.6341789052069426, -89.58127
1.64218958611482, -90.48948
1.650200267022697, -91.30491
1.6582109479305742, -91.90549
1.6662216288384515, -92.43284
1.6742323097463285, -92.87229
1.6822429906542058, -93.23362
1.6902536715620828, -93.99534
1.69826435246996, -94.87424
1.7062750333778371, -96.31955
1.7142857142857144, -98.11643
1.7222963951935917, -99.76682
1.7303070761014687, -100.5481
1.738317757009346, -99.42502
1.746328437917223, -98.28733
1.7543391188251003, -97.7258
1.7623497997329773, -96.49534
1.7703604806408546, -94.9426
1.7783711615487319, -93.91721
1.786381842456609, -93.71702
1.7943925233644862, -94.08323
1.8024032042723632, -94.92307
1.8104138851802405, -95.69455
1.8184245660881175, -95.27463
1.8264352469959948, -95.38205
1.834445927903872, -96.35373
1.842456608811749, -98.41916
1.8504672897196264, -100.6262
1.8584779706275034, -103.5852
1.8664886515353807, -109.1809
1.8744993324432577, -114.7961
1.882510013351135, -116.0461
1.8905206942590123, -114.7912
1.8985313751668893, -109.9524
1.9065420560747666, -109.1076
1.9145527369826436, -110.675
1.9225634178905209, -106.178
1.930574098798398, -103.6877
1.9385847797062752, -103.2727
1.9465954606141525, -103.1994
1.9546061415220295, -100.9485
1.9626168224299068, -99.21018
1.9706275033377838, -98.5217
1.978638184245661, -98.45823
1.9866488651535381, -97.59885
1.9946595460614154, -96.28538
2.0026702269692924, -95.29416
2.0106809078771697, -95.17209
2.018691588785047, -95.33323
2.026702269692924, -95.75315
2.034712950600801, -96.21213
2.0427236315086783, -97.59397
2.0507343124165556, -98.46311
2.058744993324433, -98.59495
2.06675567423231, -98.72678
2.074766355140187, -99.75705
2.082777036048064, -100.4162
2.0907877169559415, -100.7239
2.0987983978638187, -100.7971
2.1068090787716955, -99.90842
2.114819759679573, -99.28342
2.12283044058745, -98.64377
2.1308411214953273, -97.06663
2.1388518024032046, -95.24534
2.1468624833110814, -93.98557
2.1548731642189587, -93.71213
2.162883845126836, -93.81955
2.1708945260347132, -94.9719
2.1789052069425905, -98.22385
2.1869158878504673, -103.468
2.1949265687583446, -106.6662
2.202937249666222, -104.2883
2.210947930574099, -102.8039
2.218958611481976, -102.8332
2.226969292389853, -105.0793
2.2349799732977305, -107.3889
2.2429906542056077, -106.4612
2.251001335113485, -104.4641
2.259012016021362, -102.2571
2.267022696929239, -100.7824
2.2750333778371163, -98.95627
2.2830440587449936, -98.00901
2.291054739652871, -98.01877
2.2990654205607477, -98.71213
2.307076101468625, -99.14182
2.3150867823765022, -98.79026
2.3230974632843795, -97.97483
2.3311081441922563, -96.13401
2.3391188251001336, -94.14182
2.347129506008011, -93.03342
2.355140186915888, -92.96995
2.3631508678237654, -93.59006
2.371161548731642, -94.82053
2.3791722296395195, -96.02659
2.3871829105473967, -96.5637
2.395193591455274, -97.67209
2.4032042723631513, -99.84006
2.411214953271028, -103.0578
2.4192256341789053, -105.5237
2.4272363150867826, -103.5266
2.43524699599466, -102.0276
2.4432576769025367, -101.6614
2.451268357810414, -101.3196
2.4592790387182912, -100.3235
2.4672897196261685, -99.51291
2.4753004005340458, -99.08811
2.4833110814419226, -98.57053
2.4913217623498, -98.42405
2.499332443257677, -98.56077
2.5073431241655544, -99.86936
2.5153538050734316, -102.2326
2.5233644859813085, -105.0451
2.5313751668891857, -108.7268
2.539385847797063, -113.3459
2.5473965287049403, -113.6877
2.555407209612817, -111.0266
2.5634178905206944, -109.3908
2.5714285714285716, -108.0041
2.579439252336449, -105.3918
2.587449933244326, -103.9563
2.595460614152203, -103.9856
2.6034712950600802, -104.6252
2.6114819759679575, -104.9133
2.6194926568758348, -105.4797
2.627503337783712, -110.0207
2.635514018691589, -115.7922
2.643524699599466, -109.0539
2.6515353805073434, -104.386
2.6595460614152207, -102.3938
2.6675567423230975, -102.55
2.6755674232309747, -105.0549
2.683578104138852, -110.4651
2.6915887850467293, -116.3489
2.6995994659546065, -114.4592
2.7076101468624834, -110.2795
2.7156208277703606, -106.7688
2.723631508678238, -104.4201
2.731642189586115, -103.9123
2.7396528704939924, -104.5666
2.7476635514018692, -106.8371
2.7556742323097465, -105.5969
2.7636849132176238, -102.3742
2.771695594125501, -101.3586
2.779706275033378, -101.5295
2.787716955941255, -102.7698
2.7957276368491324, -101.1535
2.8037383177570097, -100.3039
2.811748998664887, -98.64866
2.8197596795727637, -96.676
2.827770360480641, -95.41623
2.8357810413885183, -95.07444
2.8437917222963955, -95.18674
2.851802403204273, -96.2219
2.8598130841121496, -98.46799
2.867823765020027, -101.803
2.875834445927904, -104.2688
2.8838451268357814, -105.1477
2.8918558077436582, -106.6906
2.8998664886515355, -112.3205
2.9078771695594128, -115.4699
2.91588785046729, -110.3918
2.9238985313751673, -110.7092
2.931909212283044, -111.051
2.9399198931909214, -104.259
2.9479305740987987, -100.2063
2.955941255006676, -99.25901
2.963951935914553, -99.29319
2.97196261682243, -100.9973
2.9799732977303073, -103.9612
2.9879839786381845, -105.299
2.995994659546062, -104.8352
3.0040053404539386, -104.7668
3.012016021361816, -105.5188
3.020026702269693, -104.1809
3.0280373831775704, -103.8049
3.0360480640854477, -104.5324
3.0440587449933245, -105.9729
3.052069425901202, -103.2824
3.060080106809079, -99.41526
3.0680907877169563, -96.80784
3.0761014686248336, -95.41135
3.0841121495327104, -94.71799
3.0921228304405877, -94.58127
3.100133511348465, -94.42991
3.108144192256342, -94.41038
3.116154873164219, -94.34202
3.1241655540720963, -94.52268
3.1321762349799736, -95.10373
3.140186915887851, -95.6262
3.148197596795728, -95.91428
3.156208277703605, -96.4758
3.164218958611482, -97.74534
3.1722296395193594, -98.9758
3.1802403204272367, -100.011
3.1882510013351135, -102.0178
3.196261682242991, -102.0324
3.204272363150868, -101.8371
3.2122830440587453, -101.4514
3.2202937249666226, -101.4367
3.2283044058744994, -102.5158
3.2363150867823767, -102.1252
3.244325767690254, -100.299
3.252336448598131, -98.55588
3.2603471295060085, -97.38401
3.2683578104138853, -97.39377
3.2763684913217626, -96.66623
3.28437917222964, -95.41623
3.292389853137517, -94.96702
3.300400534045394, -95.03049
3.308411214953271, -96.1633
3.3164218958611484, -97.23752
3.3244325767690257, -96.35373
3.332443257676903, -95.34788
3.34045393858478, -95.12815
3.348464619492657, -95.54807
3.3564753004005343, -96.676
3.3644859813084116, -97.20823
3.372496662216289, -97.1887
3.3805073431241657, -96.97873
3.388518024032043, -96.17795
3.39652870493992, -95.25998
3.4045393858477975, -95.30393
3.4125500667556743, -95.55295
3.4205607476635516, -96.41721
3.428571428571429, -97.71116
3.436582109479306, -96.83713
3.4445927903871834, -96.48557
3.45260347129506, -96.71995
3.4606141522029374, -97.70627
3.4686248331108147, -99.94748
3.476635514018692, -101.2121
3.4846461949265692, -99.86936
3.492656875834446, -99.49827
3.5006675567423233, -100.1428
3.5086782376502006, -102.2912
3.516688918558078, -106.0656
3.5246995994659547, -114.2346
3.532710280373832, -107.7551
3.540720961281709, -103.9416
3.5487316421895865, -101.2073
3.5567423230974637, -97.99924
3.5647530040053406, -95.18674
3.572763684913218, -94.21018
3.580774365821095, -94.30295
3.5887850467289724, -95.25998
3.5967957276368496, -96.04612
3.6048064085447264, -95.74827
3.6128170894526037, -95.42112
3.620827770360481, -95.52366
3.6288384512683582, -95.95334
3.636849132176235, -96.40256
3.6448598130841123, -97.35959
3.6528704939919896, -98.71702
3.660881174899867, -99.54221
3.668891855807744, -99.3469
3.676902536715621, -99.48362
3.684913217623498, -100.5237
3.6929238985313755, -100.3869
3.7009345794392527, -98.7512
3.70894526034713, -96.71506
3.716955941255007, -96.051
3.724966622162884, -96.29026
3.7329773030707614, -97.81858
3.7409879839786386, -98.64866
3.7489986648865155, -100.094
3.7570093457943927, -105.2844
3.76502002670227, -120.675
3.7730307076101472, -116.0656
3.7810413885180245, -112.8576
3.7890520694259013, -112.9016
3.7970627503337786, -112.9797
3.805073431241656, -109.7668
3.813084112149533, -104.9963
3.8210947930574104, -101.4953
3.829105473965287, -100.9826
3.8371161548731645, -100.8166
3.8451268357810418, -100.0354
3.853137516688919, -100.0647
3.861148197596796, -100.9485
3.869158878504673, -103.385
3.8771695594125504, -108.6438
3.8851802403204276, -112.218
3.893190921228305, -113.844
3.9012016021361817, -120.8801
3.909212283044059, -128.9953
3.9172229639519363, -127.3352
3.9252336448598135, -115.4211
3.933244325767691, -110.0061
3.9412550066755676, -109.6692
3.949265687583445, -109.9084
3.957276368491322, -106.5881
3.9652870493991994, -105.0305
3.9732977303070762, -104.928
3.9813084112149535, -106.0266
3.9893190921228308, -107.0471
3.997329773030708, -110.1135
4.005340453938585, -106.0754
4.013351134846462, -104.8498
4.021361815754339, -105.0207
4.029372496662217, -106.7395
4.037383177570094, -109.6301
4.045393858477971, -109.2004
4.053404539385848, -107.7502
4.061415220293726, -103.2434
4.069425901201602, -99.63498
4.077436582109479, -97.94553
4.085447263017357, -96.89573
4.093457943925234, -96.52952
4.101468624833111, -96.79807
4.109479305740988, -98.19944
4.117489986648866, -100.7922
4.125500667556743, -103.8489
4.13351134846462, -102.8772
4.141522029372497, -100.9778
4.149532710280374, -100.5969
4.157543391188251, -100.7287
4.165554072096128, -100.5188
4.173564753004006, -100.2551
4.181575433911883, -100.4065
4.18958611481976, -99.52268
4.197596795727637, -98.69748
4.205607476635515, -98.59006
4.213618157543391, -99.31272
4.221628838451268, -101.4123
4.229639519359146, -104.1174
4.237650200267023, -106.2317
4.2456608811749, -103.0041
4.253671562082777, -101.5149
4.261682242990655, -101.2219
4.269692923898532, -101.344
4.277703604806409, -102.9748
4.2857142857142865, -105.0207
4.293724966622163, -104.1906
4.30173564753004, -101.4807
4.309746328437917, -99.16135
4.317757009345795, -98.29221
4.325767690253672, -98.31174
4.333778371161549, -98.51682
4.3417890520694264, -99.0637
4.349799732977304, -100.2356
4.357810413885181, -100.9387
4.365821094793057, -98.77073
4.373831775700935, -96.77854
4.381842456608812, -96.13889
4.389853137516689, -95.95334
4.397863818424566, -95.47483
4.405874499332444, -94.80588
4.413885180240321, -94.65452
4.421895861148198, -95.33323
4.4299065420560755, -96.99827
4.437917222963952, -98.34104
4.445927903871829, -97.09592
4.453938584779706, -96.77366
4.461949265687584, -97.15452
4.469959946595461, -98.15061
4.477970627503338, -97.83811
4.4859813084112155, -96.40256
4.493991989319093, -95.10862
4.50200267022697, -94.3762
4.510013351134847, -93.4094
4.518024032042724, -92.34495
4.526034712950601, -91.38303
4.534045393858478, -90.41623
4.542056074766355, -90.21116
4.550066755674233, -90.35764
4.55807743658211, -91.34885
4.566088117489987, -92.7844
4.5740987983978645, -94.5178
4.582109479305742, -95.5969
4.590120160213618, -96.55881
4.598130841121495, -97.74534
4.606141522029373, -98.49729
4.61415220293725, -98.44846
4.622162883845127, -98.17502
4.6301735647530045, -98.17014
4.638184245660882, -98.2678
4.646194926568759, -98.4387
4.654205607476636, -98.85862
4.662216288384513, -99.84006
4.67022696929239, -100.9387
4.678237650200267, -101.8225
4.686248331108144, -102.1789
4.694259012016022, -104.1321
4.702269692923899, -106.0559
4.710280373831776, -105.426
4.7182910547396535, -103.4338
4.726301735647531, -101.4319
4.734312416555408, -100.05
4.742323097463284, -99.69846
4.750333778371162, -100.0598
4.758344459279039, -100.7141
4.766355140186916, -101.5002
4.7743658210947935, -101.7932
4.782376502002671, -102.6428
4.790387182910548, -103.7951
4.798397863818425, -101.6272
4.8064085447263025, -100.7434
4.814419225634179, -100.8117
4.822429906542056, -101.4758
4.830440587449933, -102.4768
4.838451268357811, -102.2375
4.846461949265688, -102.2815
4.854472630173565, -102.55
4.8624833110814425, -101.6906
4.87049399198932, -99.86448
4.878504672897197, -98.77561
4.886515353805073, -98.28245
4.894526034712951, -97.99436
4.902536715620828, -98.09202
4.910547396528705, -98.73166
4.9185580774365825, -98.06272
4.92656875834446, -97.57444
4.934579439252337, -96.88108
4.942590120160214, -95.84104
4.9506008010680915, -95.45041
4.958611481975969, -95.68967
4.966622162883845, -97.17405
4.974632843791722, -99.33713
4.9826435246996, -101.2561
4.990654205607477, -102.4719
4.998664886515354, -103.3117
5.0066755674232315, -104.0002
5.014686248331109, -105.1477
5.022696929238986, -104.7082
5.030707610146863, -103.341
5.03871829105474, -101.886
5.046728971962617, -101.2121
5.054739652870494, -100.6067
5.0627503337783715, -99.38596
5.070761014686249, -98.74143
5.078771695594126, -98.13596
5.086782376502003, -97.60373
5.0947930574098805, -98.03342
5.102803738317758, -99.22483
5.110814419225634, -99.05393
5.118825100133511, -99.15647
5.126835781041389, -100.216
5.134846461949266, -101.4905
5.142857142857143, -99.91819
5.1508678237650205, -99.06858
5.158878504672898, -99.05393
5.166889185580775, -100.1574
5.174899866488652, -102.1789
5.182910547396529, -101.6028
5.190921228304406, -98.92209
5.198931909212283, -96.5051
5.2069425901201605, -94.58616
5.214953271028038, -93.27756
5.222963951935915, -92.87717
5.230974632843792, -92.94065
5.2389853137516695, -93.00901
5.246995994659547, -92.66721
5.255006675567424, -92.57444
5.2630173564753004, -92.82834
5.271028037383178, -93.56077
5.279038718291055, -94.29319
5.287049399198932, -95.74338
5.2950600801068095, -98.2385
5.303070761014687, -100.9875
5.311081441922564, -102.467
5.319092122830441, -104.1955
5.327102803738319, -104.5373
5.335113484646195, -106.5686
5.343124165554072, -110.6311
5.3511348464619495, -107.3596
5.359145527369827, -102.6623
5.367156208277704, -98.96604
5.375166889185581, -97.43284
5.3831775700934585, -97.43284
5.391188251001336, -98.25803
5.399198931909213, -98.76584
5.4072096128170895, -98.71213
5.415220293724967, -98.87815
5.423230974632844, -98.73166
5.431241655540721, -97.4133
5.4392523364485985, -95.57737
5.447263017356476, -94.56663
5.455273698264353, -94.55198
5.46328437917223, -95.36741
5.471295060080108, -96.63205
5.479305740987985, -97.96018
5.487316421895861, -99.2053
5.4953271028037385, -99.45432
5.503337783711616, -99.11741
5.511348464619493, -99.69846
5.51935914552737, -99.32248
5.5273698264352475, -98.19944
5.535380507343125, -97.55002
5.543391188251002, -96.92014
5.551401869158879, -96.17795
5.559412550066756, -96.00705
5.567423230974633, -96.14866
5.57543391188251, -96.87131
5.5834445927903875, -97.74534
5.591455273698265, -97.97483
5.599465954606142, -98.02366
5.607476635514019, -97.7844
5.615487316421897, -97.29612
5.623497997329774, -97.52561
5.63150867823765, -98.56077
5.6395193591455275, -99.48362
5.647530040053405, -99.02463
5.655540720961282, -98.92209
5.663551401869159, -97.50608
5.6715620827770366, -95.16721
5.679572763684914, -93.5803
5.687583444592791, -93.51194
5.695594125500668, -94.73752
5.703604806408546, -98.12131
5.711615487316422, -101.9543
5.719626168224299, -104.8645
5.7276368491321765, -105.0647
5.735647530040054, -106.0559
5.743658210947931, -105.9143
5.751668891855808, -105.5969
5.759679572763686, -104.9914
5.767690253671563, -105.4455
5.77570093457944, -108.7365
5.7837116154873165, -108.8391
5.791722296395194, -103.966
5.799732977303071, -102.7356
5.807743658210948, -102.7844
5.8157543391188256, -104.049
5.823765020026703, -104.2199
5.83177570093458, -104.1076
5.839786381842457, -104.4201
5.847797062750335, -104.928
5.855807743658211, -103.0578
5.863818424566088, -102.2619
5.8718291054739655, -102.3254
5.879839786381843, -103.3264
5.88785046728972, -104.3274
5.895861148197597, -104.0051
5.903871829105475, -101.7248
5.911882510013352, -99.36155
5.919893190921229, -96.70041
5.927903871829106, -95.2551
5.935914552736983, -95.15256
5.94392523364486, -95.58225
5.951935914552737, -96.39768
5.959946595460615, -96.59299
5.967957276368492, -96.92991
5.975967957276369, -97.60373
5.983978638184246, -98.0383
5.991989319092124, -98.49729
6.0, -98.59495
