% Measurement ID: 1052
% Mode ID: 1
% Date and time: 2019-06-12 09:25:46
% Sample ID: SP39-24
% Measurement type: ringdown
% Frequency [Hz]: 1578392.6
% Quality factor: 2016390.6947269295
% Temperature [K]: 293.0
% Pressure [mBar]: 3.27e-07
% Notes: 
% 
%
% measurement data
% time [s], power [dBm]
0.003, -100.879539489746
0.006, -100.900115966797
0.009, -100.919960021973
0.012, -100.939804077148
0.015, -100.958915710449
0.018, -100.976547241211
0.021, -100.992721557617
0.024, -101.006683349609
0.027, -101.019180297852
0.03, -101.02946472168
0.033, -101.038284301758
0.036, -101.044166564941
0.039, -101.047836303711
0.042, -101.049308776855
0.045, -101.047103881836
0.048, -101.042694091797
0.051, -101.036811828613
0.054, -101.02946472168
0.057, -101.019912719727
0.06, -101.008888244629
0.063, -100.997863769531
0.066, -100.985366821289
0.069, -100.972877502441
0.072, -100.958915710449
0.075, -100.945686340332
0.078, -100.932456970215
0.081, -100.919960021973
0.084, -100.908203125
0.087, -100.896438598633
0.09, -100.88688659668
0.093, -100.878067016602
0.096, -100.871452331543
0.099, -100.866310119629
0.102, -100.863372802734
0.105, -100.862632751465
0.108, -100.862632751465
0.111, -100.865577697754
0.114, -100.870719909668
0.117, -100.878807067871
0.12, -100.890563964844
0.123, -100.905258178711
0.126, -100.923637390137
0.129, -100.945686340332
0.132, -100.971405029297
0.135, -101.000801086426
0.138, -101.033874511719
0.141, -101.070625305176
0.144, -101.111045837402
0.147, -101.155876159668
0.15, -101.204383850098
0.153, -101.256561279297
0.156, -101.311683654785
0.159, -101.370475769043
0.162, -101.432945251465
0.165, -101.496887207031
0.168, -101.565231323242
0.171, -101.635787963867
0.174, -101.708549499512
0.177, -101.784248352051
0.18, -101.862152099609
0.183, -101.940788269043
0.186, -102.020896911621
0.189, -102.101005554199
0.192, -102.183319091797
0.195, -102.264892578125
0.198, -102.346473693848
0.201, -102.427314758301
0.204, -102.508155822754
0.207, -102.587532043457
0.21, -102.665435791016
0.213, -102.74186706543
0.216, -102.815361022949
0.219, -102.887382507324
0.222, -102.956466674805
0.225, -103.023345947266
0.228, -103.087287902832
0.231, -103.148284912109
0.234, -103.206344604492
0.237, -103.26146697998
0.24, -103.312911987305
0.243, -103.361419677734
0.246, -103.404777526855
0.249, -103.445938110352
0.252, -103.483421325684
0.255, -103.517227172852
0.258, -103.547355651855
0.261, -103.57381439209
0.264, -103.595863342285
0.267, -103.614974975586
0.27, -103.629669189453
0.273, -103.640693664551
0.276, -103.647308349609
0.279, -103.647308349609
0.282, -103.640693664551
0.285, -103.628936767578
0.288, -103.612770080566
0.291, -103.591453552246
0.294, -103.564994812012
0.297, -103.532661437988
0.3, -103.495178222656
0.303, -103.451820373535
0.306, -103.402572631836
0.309, -103.347457885742
0.312, -103.285720825195
0.315, -103.21736907959
0.318, -103.14241027832
0.321, -103.060829162598
0.324, -102.97484588623
0.327, -102.880767822266
0.33, -102.780082702637
0.333, -102.672782897949
0.336, -102.558868408203
0.339, -102.439071655273
0.342, -102.31413269043
0.345, -102.183319091797
0.348, -102.046615600586
0.351, -101.904777526855
0.354, -101.758522033691
0.357, -101.608596801758
0.36, -101.454261779785
0.363, -101.297714233398
0.366, -101.136764526367
0.369, -100.973609924316
0.372, -100.808982849121
0.375, -100.643623352051
0.378, -100.477531433105
0.381, -100.309959411621
0.384, -100.143135070801
0.387, -99.9770355224609
0.39, -99.8131484985352
0.393, -99.6499862670898
0.396, -99.4890365600586
0.399, -99.3295593261719
0.402, -99.1744842529297
0.405, -99.0260314941406
0.408, -98.877571105957
0.411, -98.7335205078125
0.414, -98.5931549072266
0.417, -98.4586563110352
0.42, -98.3293075561523
0.423, -98.2051086425781
0.426, -98.0867767333984
0.429, -97.9736022949219
0.432, -97.8670349121094
0.435, -97.7663497924805
0.438, -97.6722793579102
0.441, -97.5840835571289
0.444, -97.5017700195313
0.447, -97.4260711669922
0.45, -97.3569869995117
0.453, -97.2945175170898
0.456, -97.2379302978516
0.459, -97.1872177124023
0.462, -97.1416549682617
0.465, -97.1026992797852
0.468, -97.0688934326172
0.471, -97.0409622192383
0.474, -97.017448425293
0.477, -96.9990768432617
0.48, -96.985107421875
0.483, -96.9762878417969
0.486, -96.9711456298828
0.489, -96.9704132080078
0.492, -96.9704132080078
0.495, -96.9726181030273
0.498, -96.9777603149414
0.501, -96.9865798950195
0.504, -96.9990768432617
0.507, -97.0130386352539
0.51, -97.0299377441406
0.513, -97.0490493774414
0.516, -97.0703659057617
0.519, -97.093879699707
0.522, -97.1188659667969
0.525, -97.1460647583008
0.528, -97.1754608154297
0.531, -97.2063293457031
0.534, -97.2393951416016
0.537, -97.2746734619141
0.54, -97.3114242553711
0.543, -97.3496398925781
0.546, -97.3900604248047
0.549, -97.4326858520508
0.552, -97.4775161743164
0.555, -97.5245513916016
0.558, -97.5737915039063
0.561, -97.6259765625
0.564, -97.6796264648438
0.567, -97.7369537353516
0.57, -97.7957458496094
0.573, -97.8589477539063
0.576, -97.9243621826172
0.579, -97.9934463500977
0.582, -98.0654678344727
0.585, -98.1404342651367
0.588, -98.2190704345703
0.591, -98.301383972168
0.594, -98.3873672485352
0.597, -98.4762954711914
0.6, -98.5681610107422
0.603, -98.6644439697266
0.606, -98.7636566162109
0.609, -98.8665466308594
0.612, -98.9723815917969
0.615, -99.0811462402344
0.618, -99.1943283081055
0.621, -99.3097152709961
0.624, -99.4280395507813
0.627, -99.5493011474609
0.63, -99.6720352172852
0.633, -99.7969741821289
0.636, -99.9241180419922
0.639, -100.052734375
0.642, -100.180610656738
0.645, -100.308494567871
0.648, -100.436370849609
0.651, -100.562049865723
0.654, -100.686988830566
0.657, -100.808982849121
0.66, -100.926574707031
0.663, -101.040489196777
0.666, -101.149993896484
0.669, -101.253623962402
0.672, -101.349166870117
0.675, -101.437355041504
0.678, -101.518196105957
0.681, -101.590957641602
0.684, -101.654159545898
0.687, -101.707077026367
0.69, -101.750434875488
0.693, -101.784248352051
0.696, -101.807762145996
0.699, -101.821723937988
0.702, -101.820991516113
0.705, -101.807029724121
0.708, -101.783508300781
0.711, -101.752639770508
0.714, -101.715896606445
0.717, -101.671798706055
0.72, -101.621086120605
0.723, -101.565231323242
0.726, -101.50496673584
0.729, -101.443237304688
0.732, -101.377822875977
0.735, -101.308738708496
0.738, -101.238189697266
0.741, -101.166900634766
0.744, -101.096343994141
0.747, -101.02579498291
0.75, -100.955238342285
0.753, -100.886154174805
0.756, -100.819274902344
0.759, -100.756072998047
0.762, -100.695808410645
0.765, -100.637741088867
0.768, -100.584091186523
0.771, -100.534118652344
0.774, -100.490020751953
0.777, -100.450332641602
0.78, -100.415061950684
0.783, -100.38565826416
0.786, -100.362144470215
0.789, -100.344505310059
0.792, -100.332748413086
0.795, -100.327598571777
0.798, -100.326866149902
0.801, -100.328338623047
0.804, -100.33568572998
0.807, -100.350387573242
0.81, -100.370964050293
0.813, -100.398155212402
0.816, -100.43270111084
0.819, -100.473854064941
0.822, -100.521621704102
0.825, -100.57674407959
0.828, -100.638481140137
0.831, -100.706825256348
0.834, -100.781791687012
0.837, -100.862632751465
0.84, -100.950828552246
0.843, -101.044898986816
0.846, -101.145584106445
0.849, -101.251419067383
0.852, -101.363861083984
0.855, -101.48218536377
0.858, -101.605659484863
0.861, -101.735008239746
0.864, -101.868766784668
0.867, -102.006935119629
0.87, -102.150245666504
0.873, -102.297966003418
0.876, -102.448631286621
0.879, -102.602966308594
0.882, -102.760238647461
0.885, -102.921195983887
0.888, -103.084350585938
0.891, -103.248237609863
0.894, -103.409187316895
0.897, -103.573081970215
0.9, -103.736968994141
0.903, -103.900131225586
0.906, -104.058876037598
0.909, -104.21321105957
0.912, -104.361671447754
0.915, -104.504241943359
0.918, -104.64094543457
0.921, -104.765884399414
0.924, -104.878326416016
0.927, -104.97827911377
0.93, -105.065734863281
0.933, -105.139228820801
0.936, -105.195083618164
0.939, -105.232566833496
0.942, -105.251678466797
0.945, -105.23624420166
0.948, -105.201698303223
0.951, -105.148788452148
0.954, -105.078231811523
0.957, -104.989303588867
0.96, -104.884941101074
0.963, -104.767349243164
0.966, -104.638000488281
0.969, -104.496162414551
0.972, -104.345497131348
0.975, -104.182342529297
0.978, -104.016983032227
0.981, -103.848678588867
0.984, -103.677444458008
0.987, -103.503997802734
0.99, -103.3349609375
0.993, -103.179893493652
0.996, -103.039520263672
0.999, -102.914581298828
1.002, -102.804336547852
1.005, -102.731582641602
1.008, -102.719085693359
1.011, -102.724227905273
1.014, -102.782287597656
1.017, -102.906494140625
1.02, -103.09610748291
1.023, -103.304832458496
1.026, -103.487091064453
1.029, -103.64289855957
1.032, -103.772247314453
1.035, -103.832511901855
1.038, -103.562789916992
1.041, -103.066711425781
1.044, -102.342063903809
1.047, -101.391792297363
1.05, -100.329071044922
1.053, -99.234748840332
1.056, -98.0669403076172
1.059, -96.8454742431641
1.062, -95.5725631713867
1.065, -94.2820129394531
1.068, -92.9892578125
1.071, -91.6943054199219
1.074, -90.3971405029297
1.077, -89.097770690918
1.08, -87.8108978271484
1.083, -86.5409240722656
1.086, -85.2878570556641
1.089, -84.0516967773438
1.092, -82.8324356079102
1.095, -81.6366958618164
1.098, -80.4652099609375
1.101, -79.3172378540039
1.104, -78.1935195922852
1.107, -77.0947875976563
1.11, -76.0217819213867
1.113, -74.9752349853516
1.116, -73.9551391601563
1.119, -72.9615020751953
1.122, -71.9935913085938
1.125, -71.0528717041016
1.128, -70.1378784179688
1.131, -69.2500762939453
1.134, -68.3872604370117
1.137, -67.5670700073242
1.14, -66.7549667358398
1.143, -65.9685821533203
1.146, -65.2064590454102
1.149, -64.4700469970703
1.152, -63.7578964233398
1.155, -63.0692596435547
1.158, -62.4034080505371
1.161, -61.7610740661621
1.164, -61.1422576904297
1.167, -60.5469589233398
1.17, -59.9715042114258
1.173, -59.4180946350098
1.176, -58.8852653503418
1.179, -58.3737525939941
1.182, -57.8828125
1.185, -57.4109840393066
1.188, -56.9582633972168
1.191, -56.5246505737305
1.194, -56.1101455688477
1.197, -55.7132797241211
1.2, -55.3333168029785
1.203, -54.9702606201172
1.206, -54.6241035461426
1.209, -54.2948532104492
1.212, -53.9803009033203
1.215, -53.6819152832031
1.218, -53.4019050598145
1.221, -53.1307144165039
1.224, -52.8734855651855
1.227, -52.6302223205566
1.23, -52.3979835510254
1.233, -52.1782341003418
1.236, -51.9709854125977
1.239, -51.7754898071289
1.242, -51.5902862548828
1.245, -51.4146385192871
1.248, -51.2492752075195
1.251, -51.0927352905273
1.254, -50.9464836120605
1.257, -50.8083152770996
1.26, -50.6782302856445
1.263, -50.5554962158203
1.266, -50.4401092529297
1.269, -50.3320770263672
1.272, -50.231388092041
1.275, -50.1358489990234
1.278, -50.0461845397949
1.281, -49.96240234375
1.284, -49.8844985961914
1.287, -49.8110046386719
1.29, -49.7419204711914
1.293, -49.67724609375
1.296, -49.6169815063477
1.299, -49.5625953674316
1.302, -49.5096817016602
1.305, -49.4604415893555
1.308, -49.4141387939453
1.311, -49.3715133666992
1.314, -49.3310928344727
1.317, -49.2943458557129
1.32, -49.2590675354004
1.323, -49.2267303466797
1.326, -49.1965980529785
1.329, -49.1686706542969
1.332, -49.1429481506348
1.335, -49.1186943054199
1.338, -49.0966453552246
1.341, -49.0760688781738
1.344, -49.0576972961426
1.347, -49.0400581359863
1.35, -49.0246238708496
1.353, -49.0099258422852
1.356, -48.996696472168
1.359, -48.984935760498
1.362, -48.9739112854004
1.365, -48.9643592834473
1.368, -48.9548034667969
1.371, -48.9474563598633
1.374, -48.9401054382324
1.377, -48.9342269897461
1.38, -48.9290809631348
1.383, -48.9246711730957
1.386, -48.9209976196289
1.389, -48.9180564880371
1.392, -48.9158515930176
1.395, -48.9143829345703
1.398, -48.912914276123
1.401, -48.9121780395508
1.404, -48.9114418029785
1.407, -48.9114418029785
1.41, -48.9114418029785
1.413, -48.9121780395508
1.416, -48.912914276123
1.419, -48.9143829345703
1.422, -48.9158515930176
1.425, -48.9180564880371
1.428, -48.9202613830566
1.431, -48.9232025146484
1.434, -48.925407409668
1.437, -48.9283485412598
1.44, -48.9320220947266
1.443, -48.9349594116211
1.446, -48.9386367797852
1.449, -48.942310333252
1.452, -48.9459838867188
1.455, -48.9503936767578
1.458, -48.9548034667969
1.461, -48.9592132568359
1.464, -48.963623046875
1.467, -48.9687690734863
1.47, -48.9746475219727
1.473, -48.979793548584
1.476, -48.9856719970703
1.479, -48.9922866821289
1.482, -48.9989013671875
1.485, -49.0062484741211
1.488, -49.0143356323242
1.491, -49.0231552124023
1.494, -49.0327072143555
1.497, -49.0422630310059
1.5, -49.0532875061035
1.503, -49.0643081665039
1.506, -49.0768051147461
1.509, -49.089298248291
1.512, -49.1032600402832
1.515, -49.1172256469727
1.518, -49.1326599121094
1.521, -49.1480941772461
1.524, -49.1649971008301
1.527, -49.1826362609863
1.53, -49.2010078430176
1.533, -49.2201156616211
1.536, -49.2399597167969
1.539, -49.2612724304199
1.542, -49.282585144043
1.545, -49.303897857666
1.548, -49.3266830444336
1.551, -49.3502006530762
1.554, -49.3737182617188
1.557, -49.3972358703613
1.56, -49.4214897155762
1.563, -49.446475982666
1.566, -49.4707298278809
1.569, -49.4957160949707
1.572, -49.5199699401855
1.575, -49.5442237854004
1.578, -49.5684776306152
1.581, -49.5927276611328
1.584, -49.6162490844727
1.587, -49.6397666931152
1.59, -49.6618118286133
1.593, -49.6838607788086
1.596, -49.7051734924316
1.599, -49.7264862060547
1.602, -49.7455978393555
1.605, -49.764705657959
1.608, -49.781608581543
1.611, -49.798511505127
1.614, -49.8139457702637
1.617, -49.8279075622559
1.62, -49.841136932373
1.623, -49.852897644043
1.626, -49.8639221191406
1.629, -49.8734741210938
1.632, -49.8815612792969
1.635, -49.8881721496582
1.638, -49.8940544128418
1.641, -49.8977279663086
1.644, -49.9014015197754
1.647, -49.9028739929199
1.65, -49.9028739929199
1.653, -49.9014015197754
1.656, -49.8984642028809
1.659, -49.8947868347168
1.662, -49.8896446228027
1.665, -49.8837623596191
1.668, -49.8764152526855
1.671, -49.8683319091797
1.674, -49.8595123291016
1.677, -49.8499565124512
1.68, -49.8389320373535
1.683, -49.8279075622559
1.686, -49.8161506652832
1.689, -49.802921295166
1.692, -49.7896919250488
1.695, -49.7757301330566
1.698, -49.7617645263672
1.701, -49.7463302612305
1.704, -49.731632232666
1.707, -49.7161979675293
1.71, -49.7000312805176
1.713, -49.6845970153809
1.716, -49.6684265136719
1.719, -49.6522598266602
1.722, -49.6360893249512
1.725, -49.6199226379395
1.728, -49.6037521362305
1.731, -49.5875854492188
1.734, -49.572151184082
1.737, -49.5567169189453
1.74, -49.5420188903809
1.743, -49.5273208618164
1.746, -49.513355255127
1.749, -49.4993934631348
1.752, -49.4869003295898
1.755, -49.4744033813477
1.758, -49.462646484375
1.761, -49.4516220092773
1.764, -49.441333770752
1.767, -49.4317779541016
1.77, -49.4229583740234
1.773, -49.4148750305176
1.776, -49.4075241088867
1.779, -49.4009094238281
1.782, -49.3950309753418
1.785, -49.3898887634277
1.788, -49.3847427368164
1.791, -49.3810691833496
1.794, -49.3773918151855
1.797, -49.374454498291
1.8, -49.3722496032715
1.803, -49.370044708252
1.806, -49.3685722351074
1.809, -49.3671035766602
1.812, -49.3663673400879
1.815, -49.3656349182129
1.818, -49.3648986816406
1.821, -49.3641624450684
1.824, -49.3634300231934
1.827, -49.3626937866211
1.83, -49.3612251281738
1.833, -49.3604888916016
1.836, -49.3597526550293
1.839, -49.358283996582
1.842, -49.3568153381348
1.845, -49.3553466796875
1.848, -49.353141784668
1.851, -49.3516693115234
1.854, -49.3494644165039
1.857, -49.3472595214844
1.86, -49.3450546264648
1.863, -49.3428497314453
1.866, -49.3399124145508
1.869, -49.3377075195313
1.872, -49.3355026245117
1.875, -49.3325614929199
1.878, -49.3303565979004
1.881, -49.3281517028809
1.884, -49.3252105712891
1.887, -49.3230094909668
1.89, -49.3215370178223
1.893, -49.3193321228027
1.896, -49.3171272277832
1.899, -49.3149223327637
1.902, -49.3134536743164
1.905, -49.3112487792969
1.908, -49.3097801208496
1.911, -49.3083076477051
1.914, -49.3061027526855
1.917, -49.3046340942383
1.92, -49.3024291992188
1.923, -49.3009605407715
1.926, -49.298755645752
1.929, -49.2965507507324
1.932, -49.2943458557129
1.935, -49.2921409606934
1.938, -49.2891998291016
1.941, -49.286262512207
1.944, -49.2833213806152
1.947, -49.2796478271484
1.95, -49.2759704589844
1.953, -49.2715606689453
1.956, -49.2671508789063
1.959, -49.2620086669922
1.962, -49.2561302185059
1.965, -49.2502479553223
1.968, -49.2436332702637
1.971, -49.2362861633301
1.974, -49.2289352416992
1.977, -49.2215881347656
1.98, -49.2135009765625
1.983, -49.2054176330566
1.986, -49.1973342895508
1.989, -49.1885147094727
1.992, -49.1804313659668
1.995, -49.1716117858887
1.998, -49.1635246276855
2.001, -49.1554412841797
2.004, -49.1480941772461
2.007, -49.1407432556152
2.01, -49.1333923339844
2.013, -49.127513885498
2.016, -49.1216354370117
2.019, -49.1172256469727
2.022, -49.1128158569336
2.025, -49.1106109619141
2.028, -49.1084060668945
2.031, -49.1084060668945
2.034, -49.1084060668945
2.037, -49.1098747253418
2.04, -49.1120796203613
2.043, -49.1157569885254
2.046, -49.1216354370117
2.049, -49.1297187805176
2.052, -49.140007019043
2.055, -49.1510314941406
2.058, -49.1649971008301
2.061, -49.1811637878418
2.064, -49.1995391845703
2.067, -49.2201156616211
2.07, -49.2429008483887
2.073, -49.2671508789063
2.076, -49.2943458557129
2.079, -49.3237419128418
2.082, -49.3553466796875
2.085, -49.3891525268555
2.088, -49.425163269043
2.091, -49.462646484375
2.094, -49.5015983581543
2.097, -49.5427551269531
2.1, -49.5861167907715
2.103, -49.6302108764648
2.106, -49.6750411987305
2.109, -49.7220764160156
2.112, -49.7683792114258
2.115, -49.8168830871582
2.118, -49.8653907775879
2.121, -49.9138984680176
2.124, -49.96240234375
2.127, -50.0109100341797
2.13, -50.0586776733398
2.133, -50.1064491271973
2.136, -50.1527519226074
2.139, -50.197582244873
2.142, -50.2409439086914
2.145, -50.2835693359375
2.148, -50.3232574462891
2.151, -50.3614730834961
2.154, -50.3960151672363
2.157, -50.4290885925293
2.16, -50.4592208862305
2.163, -50.4856758117676
2.166, -50.5099296569824
2.169, -50.5297737121582
2.172, -50.5474128723145
2.175, -50.5613746643066
2.178, -50.571662902832
2.181, -50.5790138244629
2.184, -50.5812187194824
2.187, -50.5775451660156
2.19, -50.5701942443848
2.193, -50.5591697692871
2.196, -50.5452079772949
2.199, -50.5275688171387
2.202, -50.5069885253906
2.205, -50.4842071533203
2.208, -50.4584846496582
2.211, -50.4298210144043
2.214, -50.3989562988281
2.217, -50.3658828735352
2.22, -50.3313407897949
2.223, -50.2953300476074
2.226, -50.2578468322754
2.229, -50.2188949584961
2.232, -50.1792068481445
2.235, -50.138786315918
2.238, -50.0991020202637
2.241, -50.0586776733398
2.244, -50.0182571411133
2.247, -49.978572845459
2.25, -49.9396209716797
2.253, -49.9021377563477
2.256, -49.8653907775879
2.259, -49.8293800354004
2.262, -49.7955703735352
2.265, -49.7639694213867
2.268, -49.7338371276855
2.271, -49.7066459655762
2.274, -49.6801872253418
2.277, -49.6574020385742
2.28, -49.6368255615234
2.283, -49.6191864013672
2.286, -49.6044883728027
2.289, -49.5919952392578
2.292, -49.5831756591797
2.295, -49.5765609741211
2.298, -49.5736198425293
2.301, -49.5728874206543
2.304, -49.5728874206543
2.307, -49.5758247375488
2.31, -49.5809707641602
2.313, -49.589054107666
2.316, -49.6000785827637
2.319, -49.6140441894531
2.322, -49.6302108764648
2.325, -49.6485862731934
2.328, -49.6698989868164
2.331, -49.6926803588867
2.334, -49.7176704406738
2.337, -49.7441253662109
2.34, -49.7727890014648
2.343, -49.8021850585938
2.346, -49.8323173522949
2.349, -49.8639221191406
2.352, -49.8962593078613
2.355, -49.928596496582
2.358, -49.9609336853027
2.361, -49.9940032958984
2.364, -50.0263404846191
2.367, -50.0594139099121
2.37, -50.0910148620605
2.373, -50.1211471557617
2.376, -50.1505470275879
2.379, -50.1784744262695
2.382, -50.2056655883789
2.385, -50.230655670166
2.388, -50.2534370422363
2.391, -50.2747497558594
2.394, -50.2938575744629
2.397, -50.3100280761719
2.4, -50.3247261047363
2.403, -50.3364868164063
2.406, -50.3460388183594
2.409, -50.3533897399902
2.412, -50.3577995300293
2.415, -50.3592681884766
2.418, -50.3563270568848
2.421, -50.3511848449707
2.424, -50.3430976867676
2.427, -50.3328094482422
2.43, -50.3203163146973
2.433, -50.3056182861328
2.436, -50.2887153625488
2.439, -50.2703399658203
2.442, -50.2497634887695
2.445, -50.226978302002
2.448, -50.2034606933594
2.451, -50.1770057678223
2.454, -50.1505470275879
2.457, -50.121883392334
2.46, -50.0932197570801
2.463, -50.0630874633789
2.466, -50.0314865112305
2.469, -49.999885559082
2.472, -49.9675483703613
2.475, -49.9352111816406
2.478, -49.9028739929199
2.481, -49.8690643310547
2.484, -49.835994720459
2.487, -49.8036575317383
2.49, -49.7705841064453
2.493, -49.7382469177246
2.496, -49.7066459655762
2.499, -49.6750411987305
2.502, -49.6441764831543
2.505, -49.6147766113281
2.508, -49.5853805541992
2.511, -49.5574531555176
2.514, -49.5302581787109
2.517, -49.5045356750488
2.52, -49.479549407959
2.523, -49.4560317993164
2.526, -49.4325141906738
2.529, -49.4112014770508
2.532, -49.3906211853027
2.535, -49.3715133666992
2.538, -49.353874206543
2.541, -49.336971282959
2.544, -49.3215370178223
2.547, -49.3075752258301
2.55, -49.2943458557129
2.553, -49.282585144043
2.556, -49.2715606689453
2.559, -49.2627410888672
2.562, -49.2546577453613
2.565, -49.2480430603027
2.568, -49.2421646118164
2.571, -49.2384910583496
2.574, -49.2355499267578
2.577, -49.2340812683105
2.58, -49.2333450317383
2.583, -49.2340812683105
2.586, -49.2348136901855
2.589, -49.2377548217773
2.592, -49.2421646118164
2.595, -49.2480430603027
2.598, -49.2553939819336
2.601, -49.2642135620117
2.604, -49.2752380371094
2.607, -49.2877311706543
2.61, -49.303165435791
2.613, -49.320068359375
2.616, -49.3399124145508
2.619, -49.3612251281738
2.622, -49.3862113952637
2.625, -49.4141387939453
2.628, -49.4450073242188
2.631, -49.4788131713867
2.634, -49.517032623291
2.637, -49.5589218139648
2.64, -49.605224609375
2.643, -49.6551971435547
2.646, -49.710319519043
2.649, -49.7705841064453
2.652, -49.836727142334
2.655, -49.9087524414063
2.658, -49.9859199523926
2.661, -50.0697021484375
2.664, -50.1608352661133
2.667, -50.2585830688477
2.67, -50.3651466369629
2.673, -50.479061126709
2.676, -50.6003265380859
2.679, -50.7311477661133
2.682, -50.868579864502
2.685, -51.0185050964355
2.688, -51.1772537231445
2.691, -51.3462867736816
2.694, -51.5256118774414
2.697, -51.7166976928711
2.7, -51.9188041687012
2.703, -52.1326713562012
2.706, -52.3575592041016
2.709, -52.5949440002441
2.712, -52.8455581665039
2.715, -53.1094017028809
2.718, -53.3857383728027
2.721, -53.6738319396973
2.724, -53.9773597717285
2.727, -54.294116973877
2.73, -54.6255760192871
2.733, -54.9702606201172
2.736, -55.3296432495117
2.739, -55.7029914855957
2.742, -56.0903015136719
2.745, -56.4915771484375
2.748, -56.9075508117676
2.751, -57.3367538452148
2.754, -57.7784538269043
2.757, -58.2326431274414
2.76, -58.6993293762207
2.763, -59.1682167053223
2.766, -59.6576843261719
2.769, -60.1545028686523
2.772, -60.6586685180664
2.775, -61.1694488525391
2.778, -61.6875801086426
2.781, -62.2108535766602
2.784, -62.7311897277832
2.787, -63.2493209838867
2.79, -63.7652435302734
2.793, -64.2782287597656
2.796, -64.7860717773438
2.799, -65.2806854248047
2.802, -65.7628021240234
2.805, -66.231689453125
2.808, -66.6880874633789
2.811, -67.1290512084961
2.814, -67.552375793457
2.817, -67.9573211669922
2.82, -68.3439025878906
2.823, -68.7121047973633
2.826, -69.0626678466797
2.829, -69.3955917358398
2.832, -69.7116165161133
2.835, -70.0092620849609
2.838, -70.2907485961914
2.841, -70.5560607910156
2.844, -70.8037338256836
2.847, -71.0418548583984
2.85, -71.2660064697266
2.853, -71.477668762207
2.856, -71.6768341064453
2.859, -71.8671875
2.862, -72.0472412109375
2.865, -72.2177505493164
2.868, -72.3794326782227
2.871, -72.5323028564453
2.874, -72.6792907714844
2.877, -72.8196640014648
2.88, -72.9534225463867
2.883, -73.081298828125
2.886, -73.2033004760742
2.889, -73.3216247558594
2.892, -73.4362716674805
2.895, -73.5457763671875
2.898, -73.651611328125
2.901, -73.7545013427734
2.904, -73.8551864624023
2.907, -73.9529342651367
2.91, -74.0477447509766
2.913, -74.1403427124023
2.916, -74.2307434082031
2.919, -74.3196716308594
2.922, -74.4071273803711
2.925, -74.4916458129883
2.928, -74.5754241943359
2.931, -74.6584777832031
2.934, -74.7407836914063
2.937, -74.8216323852539
2.94, -74.901741027832
2.943, -74.9811096191406
2.946, -75.0590133666992
2.949, -75.1369171142578
2.952, -75.2140884399414
2.955, -75.2905197143555
2.958, -75.3669509887695
2.961, -75.4419174194336
2.964, -75.5176162719727
2.967, -75.5918426513672
2.97, -75.6660690307617
2.973, -75.7403030395508
2.976, -75.8137969970703
2.979, -75.8872909545898
2.982, -75.9600448608398
2.985, -76.0320739746094
2.988, -76.1040954589844
2.991, -76.1761169433594
2.994, -76.2474060058594
2.997, -76.3186950683594
3.0, -76.3899841308594
3.003, -76.4605407714844
3.006, -76.5303573608398
3.009, -76.6001739501953
3.012, -76.6699981689453
3.015, -76.7398147583008
3.018, -76.8096313476563
3.021, -76.8787155151367
3.024, -76.9477996826172
3.027, -77.0168838500977
3.03, -77.0859680175781
3.033, -77.1543197631836
3.036, -77.2226638793945
3.039, -77.291015625
3.042, -77.3593673706055
3.045, -77.4269790649414
3.048, -77.4953308105469
3.051, -77.5629425048828
3.054, -77.6305541992188
3.057, -77.6981735229492
3.06, -77.7657852172852
3.063, -77.8333969116211
3.066, -77.900276184082
3.069, -77.9678955078125
3.072, -78.0355072021484
3.075, -78.1023864746094
3.078, -78.1699981689453
3.081, -78.2368774414063
3.084, -78.3044967651367
3.087, -78.3706359863281
3.09, -78.4375152587891
3.093, -78.50439453125
3.096, -78.5712738037109
3.099, -78.6381530761719
3.102, -78.7050323486328
3.105, -78.7719116210938
3.108, -78.8380584716797
3.111, -78.9042053222656
3.114, -78.9710845947266
3.117, -79.037223815918
3.12, -79.1026382446289
3.123, -79.1687774658203
3.126, -79.2341918945313
3.129, -79.2995986938477
3.132, -79.3650054931641
3.135, -79.430419921875
3.138, -79.4950942993164
3.141, -79.5590286254883
3.144, -79.6237030029297
3.147, -79.6869125366211
3.15, -79.750846862793
3.153, -79.8133163452148
3.156, -79.8765258789063
3.159, -79.9389953613281
3.162, -80.0007247924805
3.165, -80.0624618530273
3.168, -80.1227264404297
3.171, -80.1844635009766
3.174, -80.2454605102539
3.177, -80.3057250976563
3.18, -80.3667221069336
3.183, -80.4269943237305
3.186, -80.4872589111328
3.189, -80.5467834472656
3.192, -80.607048034668
3.195, -80.6665802001953
3.198, -80.7253723144531
3.201, -80.7849044799805
3.204, -80.8444366455078
3.207, -80.9032287597656
3.21, -80.9620208740234
3.213, -81.0215530395508
3.216, -81.0810852050781
3.219, -81.1398773193359
3.222, -81.2001419067383
3.225, -81.2596740722656
3.228, -81.319938659668
3.231, -81.3802032470703
3.234, -81.4404678344727
3.237, -81.50146484375
3.24, -81.5632019042969
3.243, -81.6249389648438
3.246, -81.6874084472656
3.249, -81.749137878418
3.252, -81.8130798339844
3.255, -81.8770217895508
3.258, -81.9416961669922
3.261, -82.0063705444336
3.264, -82.072509765625
3.267, -82.1386566162109
3.27, -82.2062683105469
3.273, -82.2738876342773
3.276, -82.3422317504883
3.279, -82.4113159179688
3.282, -82.4804000854492
3.285, -82.5509567260742
3.288, -82.6215133666992
3.291, -82.6928024291992
3.294, -82.7648239135742
3.297, -82.8375854492188
3.3, -82.9103393554688
3.303, -82.9838333129883
3.306, -83.0573272705078
3.309, -83.1308212280273
3.312, -83.2050476074219
3.315, -83.2792816162109
3.318, -83.3535079956055
3.321, -83.427734375
3.324, -83.5012283325195
3.327, -83.5747222900391
3.33, -83.6467437744141
3.333, -83.7195053100586
3.336, -83.7915267944336
3.339, -83.8642883300781
3.342, -83.9355773925781
3.345, -84.0061340332031
3.348, -84.0766830444336
3.351, -84.1457672119141
3.354, -84.2141189575195
3.357, -84.2809982299805
3.36, -84.3478775024414
3.363, -84.4125518798828
3.366, -84.4772262573242
3.369, -84.5396957397461
3.372, -84.601432800293
3.375, -84.6616973876953
3.378, -84.7204895019531
3.381, -84.7785491943359
3.384, -84.8344039916992
3.387, -84.8895263671875
3.39, -84.9431762695313
3.393, -84.9953536987305
3.396, -85.0467987060547
3.399, -85.0967788696289
3.402, -85.1452865600586
3.405, -85.1923217773438
3.408, -85.2393569946289
3.411, -85.2841873168945
3.414, -85.3282852172852
3.417, -85.3723754882813
3.42, -85.4150085449219
3.423, -85.457633972168
3.426, -85.4995193481445
3.429, -85.5406799316406
3.432, -85.5818328857422
3.435, -85.6229934692383
3.438, -85.6634140014648
3.441, -85.7038345336914
3.444, -85.744255065918
3.447, -85.7846755981445
3.45, -85.8258361816406
3.453, -85.8677291870117
3.456, -85.9096145629883
3.459, -85.9522399902344
3.462, -85.99560546875
3.465, -86.0397033691406
3.468, -86.0845336914063
3.471, -86.1300964355469
3.474, -86.177131652832
3.477, -86.2249069213867
3.48, -86.2741470336914
3.483, -86.3248596191406
3.486, -86.3770370483398
3.489, -86.4299545288086
3.492, -86.4836044311523
3.495, -86.5401916503906
3.498, -86.5975189208984
3.501, -86.6570510864258
3.504, -86.7187805175781
3.507, -86.7819900512695
3.51, -86.8466644287109
3.513, -86.9142761230469
3.516, -86.9833602905273
3.519, -87.0539169311523
3.522, -87.1274032592773
3.525, -87.2023696899414
3.528, -87.2802734375
3.531, -87.3596496582031
3.534, -87.4412231445313
3.537, -87.5257415771484
3.54, -87.6117324829102
3.543, -87.7006607055664
3.546, -87.7917861938477
3.549, -87.885124206543
3.552, -87.9806671142578
3.555, -88.0784149169922
3.558, -88.1776275634766
3.561, -88.27978515625
3.564, -88.383415222168
3.567, -88.4899826049805
3.57, -88.597282409668
3.573, -88.7053146362305
3.576, -88.816291809082
3.579, -88.9294738769531
3.582, -89.0441207885742
3.585, -89.1595077514648
3.588, -89.2763595581055
3.591, -89.3939514160156
3.594, -89.5130081176758
3.597, -89.6313323974609
3.6, -89.7503967285156
3.603, -89.8694534301758
3.606, -89.9877777099609
3.609, -90.1061019897461
3.612, -90.2236938476563
3.615, -90.3390808105469
3.618, -90.453727722168
3.621, -90.5669097900391
3.624, -90.6786193847656
3.627, -90.7873916625977
3.63, -90.8932189941406
3.633, -90.9961090087891
3.636, -91.0968017578125
3.639, -91.1938095092773
3.642, -91.2871475219727
3.645, -91.3760757446289
3.648, -91.4613265991211
3.651, -91.5429077148438
3.654, -91.6186065673828
3.657, -91.6906280517578
3.66, -91.7582397460938
3.663, -91.8207092285156
3.666, -91.8787689208984
3.669, -91.9316864013672
3.672, -91.9794540405273
3.675, -92.022819519043
3.678, -92.060302734375
3.681, -92.0926361083984
3.684, -92.1205673217773
3.687, -92.1433486938477
3.69, -92.1617202758789
3.693, -92.1749496459961
3.696, -92.1837692260742
3.699, -92.1889114379883
3.702, -92.1867065429688
3.705, -92.1793594360352
3.708, -92.1683349609375
3.711, -92.1551055908203
3.714, -92.1382064819336
3.717, -92.1190948486328
3.72, -92.0970458984375
3.723, -92.0727920532227
3.726, -92.0470733642578
3.729, -92.0198822021484
3.732, -91.9912185668945
3.735, -91.9618225097656
3.738, -91.9316864013672
3.741, -91.9008178710938
3.744, -91.8699493408203
3.747, -91.8390884399414
3.75, -91.808219909668
3.753, -91.7780838012695
3.756, -91.7486877441406
3.759, -91.7214965820313
3.762, -91.6950378417969
3.765, -91.670051574707
3.768, -91.6465301513672
3.771, -91.6252212524414
3.774, -91.6061096191406
3.777, -91.5899429321289
3.78, -91.5752410888672
3.783, -91.5642166137695
3.786, -91.5553970336914
3.789, -91.5502548217773
3.792, -91.5480499267578
3.795, -91.5480499267578
3.798, -91.5487823486328
3.801, -91.5524597167969
3.804, -91.560546875
3.807, -91.5715713500977
3.81, -91.5862655639648
3.813, -91.6053771972656
3.816, -91.6274261474609
3.819, -91.6524124145508
3.822, -91.6818084716797
3.825, -91.7148818969727
3.828, -91.7516250610352
3.831, -91.7920455932617
3.834, -91.8361434936523
3.837, -91.883918762207
3.84, -91.9346237182617
3.843, -91.98974609375
3.846, -92.0478057861328
3.849, -92.1088027954102
3.852, -92.1734771728516
3.855, -92.241828918457
3.858, -92.312385559082
3.861, -92.3866119384766
3.864, -92.4637832641602
3.867, -92.5431518554688
3.87, -92.6254653930664
3.873, -92.7099838256836
3.876, -92.7974395751953
3.879, -92.8863677978516
3.882, -92.9775009155273
3.885, -93.0701065063477
3.888, -93.164909362793
3.891, -93.2604522705078
3.894, -93.3574600219727
3.897, -93.454475402832
3.9, -93.5514831542969
3.903, -93.6507034301758
3.906, -93.7499160766602
3.909, -93.8491363525391
3.912, -93.9476165771484
3.915, -94.0460968017578
3.918, -94.1445770263672
3.921, -94.2415924072266
3.924, -94.3371353149414
3.927, -94.4312057495117
3.93, -94.523811340332
3.933, -94.6156768798828
3.936, -94.7046051025391
3.939, -94.7913284301758
3.942, -94.8758392333984
3.945, -94.9581527709961
3.948, -95.0382614135742
3.951, -95.1161651611328
3.954, -95.1903915405273
3.957, -95.2631530761719
3.96, -95.3322372436523
3.963, -95.3998489379883
3.966, -95.4645233154297
3.969, -95.5262603759766
3.972, -95.5857925415039
3.975, -95.6431198120117
3.978, -95.6982345581055
3.981, -95.7504196166992
3.984, -95.8018646240234
3.987, -95.8511047363281
3.99, -95.8988723754883
3.993, -95.9451751708984
3.996, -95.9900054931641
3.999, -96.0348358154297
4.002, -96.0774612426758
4.005, -96.1200866699219
4.008, -96.161979675293
4.011, -96.2038726806641
4.014, -96.2464981079102
4.017, -96.2891235351563
4.02, -96.3310165405273
4.023, -96.3743743896484
4.026, -96.4184722900391
4.029, -96.4640426635742
4.032, -96.5103378295898
4.035, -96.5581130981445
4.038, -96.6073532104492
4.041, -96.6580657958984
4.044, -96.7109756469727
4.047, -96.7660980224609
4.05, -96.8234252929688
4.053, -96.8829574584961
4.056, -96.945426940918
4.059, -97.0108337402344
4.062, -97.0777130126953
4.065, -97.1482696533203
4.068, -97.2232284545898
4.071, -97.3018646240234
4.074, -97.3849182128906
4.077, -97.4716415405273
4.08, -97.5620346069336
4.083, -97.6583099365234
4.086, -97.7597351074219
4.089, -97.8670349121094
4.092, -97.9794769287109
4.095, -98.0978012084961
4.098, -98.2227401733398
4.101, -98.3557662963867
4.104, -98.4968719482422
4.107, -98.6460647583008
4.11, -98.802604675293
4.113, -98.9694366455078
4.116, -99.1472930908203
4.119, -99.3354339599609
4.122, -99.5353393554688
4.125, -99.7455291748047
4.128, -99.9711608886719
4.131, -100.211479187012
4.134, -100.467239379883
4.137, -100.737693786621
4.14, -101.026527404785
4.143, -101.328582763672
4.146, -101.659309387207
4.149, -102.012809753418
4.152, -102.388366699219
4.155, -102.78816986084
4.158, -103.223251342773
4.161, -103.69361114502
4.164, -104.199981689453
4.167, -104.741630554199
4.17, -105.326637268066
4.173, -105.981468200684
4.176, -106.709053039551
4.179, -107.508666992188
4.182, -108.37956237793
4.185, -109.309997558594
4.188, -110.265411376953
4.191, -111.242881774902
4.194, -112.242393493652
4.197, -113.264686584473
4.2, -114.235542297363
4.203, -114.996200561523
4.206, -115.544464111328
4.209, -115.878860473633
4.212, -115.96558380127
4.215, -115.875183105469
4.218, -115.72819519043
4.221, -115.528289794922
4.224, -115.269592285156
4.227, -114.974151611328
4.23, -114.671356201172
4.233, -114.360481262207
4.236, -114.041519165039
4.239, -113.714469909668
4.242, -113.386688232422
4.245, -113.066253662109
4.248, -112.75170135498
4.251, -112.444496154785
4.254, -112.143913269043
4.257, -111.852874755859
4.26, -111.570663452148
4.263, -111.298736572266
4.266, -111.037094116211
4.269, -110.785011291504
4.272, -110.54248046875
4.275, -110.309509277344
4.278, -110.085350036621
4.281, -109.870750427246
4.284, -109.664970397949
4.287, -109.468742370605
4.29, -109.280601501465
4.293, -109.100540161133
4.296, -108.930030822754
4.299, -108.767608642578
4.302, -108.616218566895
4.305, -108.471435546875
4.308, -108.334732055664
4.311, -108.206855773926
4.314, -108.087799072266
4.317, -107.978294372559
4.32, -107.87907409668
4.323, -107.790145874023
4.326, -107.710777282715
4.329, -107.641693115234
4.332, -107.584365844727
4.335, -107.538063049316
4.338, -107.503524780273
4.341, -107.481475830078
4.344, -107.47045135498
4.347, -107.469711303711
4.35, -107.473388671875
4.353, -107.489555358887
4.356, -107.519691467285
4.359, -107.563049316406
4.362, -107.620376586914
4.365, -107.693138122559
4.368, -107.779861450195
4.371, -107.882011413574
4.374, -107.998870849609
4.377, -108.130424499512
4.38, -108.278144836426
4.383, -108.440567016602
4.386, -108.615478515625
4.389, -108.808769226074
4.392, -109.01749420166
4.395, -109.241645812988
4.398, -109.480499267578
4.401, -109.73405456543
4.404, -110.003044128418
4.407, -110.284523010254
4.41, -110.580703735352
4.413, -110.886436462402
4.416, -111.206130981445
4.419, -111.537590026855
4.422, -111.877861022949
4.425, -112.221076965332
4.428, -112.567237854004
4.431, -112.915596008301
4.434, -113.267631530762
4.437, -113.61157989502
4.44, -113.937889099121
4.443, -114.245826721191
4.446, -114.53539276123
4.449, -114.807319641113
4.452, -115.048377990723
4.455, -115.25048828125
4.458, -115.412170410156
4.461, -115.53490447998
4.464, -115.617218017578
4.467, -115.660583496094
4.47, -115.636329650879
4.473, -115.566513061523
4.476, -115.458473205566
4.479, -115.32177734375
4.482, -115.160087585449
4.485, -114.973419189453
4.488, -114.761756896973
4.491, -114.525840759277
4.494, -114.275230407715
4.497, -114.01212310791
4.5, -113.737991333008
4.503, -113.450630187988
4.506, -113.152976989746
4.509, -112.85018157959
4.512, -112.544448852539
4.515, -112.235046386719
4.518, -111.92195892334
4.521, -111.606674194336
4.524, -111.291381835938
4.527, -110.978302001953
4.53, -110.666687011719
4.533, -110.356544494629
4.536, -110.048606872559
4.539, -109.744346618652
4.542, -109.445220947266
4.545, -109.156394958496
4.548, -108.864624023438
4.551, -108.577995300293
4.554, -108.297988891602
4.557, -108.022384643555
4.56, -107.752662658691
4.563, -107.488090515137
4.566, -107.228652954102
4.569, -106.97583770752
4.572, -106.729637145996
4.575, -106.488571166992
4.578, -106.254127502441
4.581, -106.026298522949
4.584, -105.804351806641
4.587, -105.589012145996
4.59, -105.38028717041
4.593, -105.177444458008
4.596, -104.981956481934
4.599, -104.792343139648
4.602, -104.609344482422
4.605, -104.433692932129
4.608, -104.264656066895
4.611, -104.102233886719
4.614, -103.946426391602
4.617, -103.797973632813
4.62, -103.656127929688
4.623, -103.520896911621
4.626, -103.395225524902
4.629, -103.273963928223
4.632, -103.160781860352
4.635, -103.054214477539
4.638, -102.955001831055
4.641, -102.863136291504
4.644, -102.778617858887
4.647, -102.702178955078
4.65, -102.633094787598
4.653, -102.571365356445
4.656, -102.517715454102
4.659, -102.471412658691
4.662, -102.433197021484
4.665, -102.402328491211
4.668, -102.378807067871
4.671, -102.363372802734
4.674, -102.356758117676
4.677, -102.356025695801
4.68, -102.35823059082
4.683, -102.367782592773
4.686, -102.38542175293
4.689, -102.411880493164
4.692, -102.446426391602
4.695, -102.489784240723
4.698, -102.541961669922
4.701, -102.602966308594
4.704, -102.672782897949
4.707, -102.752159118652
4.71, -102.838882446289
4.713, -102.936622619629
4.716, -103.043930053711
4.719, -103.160781860352
4.722, -103.28865814209
4.725, -103.426094055176
4.728, -103.574554443359
4.731, -103.733299255371
4.734, -103.902336120605
4.737, -104.083129882813
4.74, -104.274948120117
4.743, -104.47779083252
4.746, -104.69165802002
4.749, -104.915809631348
4.752, -105.150253295898
4.755, -105.394256591797
4.758, -105.648544311523
4.761, -105.910911560059
4.764, -106.174758911133
4.767, -106.438598632813
4.77, -106.703178405762
4.773, -106.968490600586
4.776, -107.228652954102
4.779, -107.468246459961
4.782, -107.68578338623
4.785, -107.881278991699
4.788, -108.055458068848
4.791, -108.200241088867
4.794, -108.311218261719
4.797, -108.385444641113
4.8, -108.421455383301
4.803, -108.385444641113
4.806, -108.319297790527
4.809, -108.222290039063
4.812, -108.095146179199
4.815, -107.937133789063
4.818, -107.754135131836
4.821, -107.554969787598
4.824, -107.338897705078
4.827, -107.107391357422
4.83, -106.858985900879
4.833, -106.599548339844
4.836, -106.335708618164
4.839, -106.065986633301
4.842, -105.790382385254
4.845, -105.511840820313
4.848, -105.231094360352
4.851, -104.95108795166
4.854, -104.675483703613
4.857, -104.400619506836
4.86, -104.127220153809
4.863, -103.860443115234
4.866, -103.59880065918
4.869, -103.348922729492
4.872, -103.099784851074
4.875, -102.85725402832
4.878, -102.6220703125
4.881, -102.395713806152
4.884, -102.178169250488
4.887, -101.969451904297
4.89, -101.769546508789
4.893, -101.578460693359
4.896, -101.396934509277
4.899, -101.225692749023
4.902, -101.064010620117
4.905, -100.91187286377
4.908, -100.76929473877
4.911, -100.637008666992
4.914, -100.515007019043
4.917, -100.402565002441
4.92, -100.300407409668
4.923, -100.207069396973
4.926, -100.1240234375
4.929, -100.049797058105
4.932, -99.9858551025391
4.935, -99.9307327270508
4.938, -99.8844375610352
4.941, -99.8462142944336
4.944, -99.8160858154297
4.947, -99.7947692871094
4.95, -99.7808074951172
4.953, -99.7734603881836
4.956, -99.7712554931641
4.959, -99.7719879150391
4.962, -99.7763977050781
4.965, -99.7866897583008
4.968, -99.8028564453125
4.971, -99.8227005004883
4.974, -99.8454818725586
4.977, -99.871940612793
4.98, -99.9013366699219
4.983, -99.9336776733398
4.986, -99.9660110473633
4.989, -99.9983520507813
4.992, -100.031425476074
4.995, -100.064491271973
4.998, -100.097564697266
5.001, -100.127700805664
5.004, -100.157096862793
5.007, -100.183555603027
5.01, -100.208541870117
5.013, -100.230590820313
5.016, -100.250434875488
5.019, -100.2666015625
5.022, -100.280563354492
5.025, -100.290855407715
5.028, -100.298942565918
5.031, -100.304084777832
5.034, -100.307022094727
5.037, -100.304817199707
5.04, -100.300407409668
5.043, -100.294532775879
5.046, -100.286445617676
5.049, -100.276893615723
5.052, -100.265869140625
5.055, -100.253372192383
5.058, -100.240142822266
5.061, -100.226181030273
5.064, -100.211479187012
5.067, -100.196044921875
5.07, -100.180610656738
5.073, -100.164443969727
5.076, -100.148277282715
5.079, -100.131370544434
5.082, -100.114471435547
5.085, -100.097564697266
5.088, -100.080665588379
5.091, -100.063026428223
5.094, -100.046119689941
5.097, -100.029220581055
5.1, -100.012313842773
5.103, -99.9946746826172
5.106, -99.9770355224609
5.109, -99.9586639404297
5.112, -99.9410247802734
5.115, -99.9226531982422
5.118, -99.9035415649414
5.121, -99.8836975097656
5.124, -99.8638534545898
5.127, -99.8432769775391
5.13, -99.8219680786133
5.133, -99.7991790771484
5.136, -99.7756652832031
5.139, -99.7514114379883
5.142, -99.7256851196289
5.145, -99.6984939575195
5.148, -99.6690979003906
5.151, -99.6389694213867
5.154, -99.6066284179688
5.157, -99.5720901489258
5.16, -99.5360717773438
5.163, -99.4971237182617
5.166, -99.4559631347656
5.169, -99.4126052856445
5.172, -99.3663024902344
5.175, -99.3170623779297
5.178, -99.2648849487305
5.181, -99.2097625732422
5.184, -99.1517028808594
5.187, -99.0899658203125
5.19, -99.0252914428711
5.193, -98.9569473266602
5.196, -98.8863906860352
5.199, -98.8114242553711
5.202, -98.7335205078125
5.205, -98.6519470214844
5.208, -98.5674285888672
5.211, -98.4792327880859
5.214, -98.3888397216797
5.217, -98.2947692871094
5.22, -98.1992263793945
5.223, -98.1014785766602
5.226, -98.0015258789063
5.229, -97.8986358642578
5.232, -97.7950134277344
5.235, -97.6906509399414
5.238, -97.5855560302734
5.241, -97.4789886474609
5.244, -97.3724212646484
5.247, -97.2658538818359
5.25, -97.160026550293
5.253, -97.0541915893555
5.256, -96.949836730957
5.259, -96.8462066650391
5.262, -96.7447891235352
5.265, -96.6448364257813
5.268, -96.5470886230469
5.271, -96.452278137207
5.274, -96.3596801757813
5.277, -96.271484375
5.28, -96.1847610473633
5.283, -96.1017150878906
5.286, -96.022346496582
5.289, -95.9459075927734
5.292, -95.8738861083984
5.295, -95.805534362793
5.298, -95.7408599853516
5.301, -95.6805953979492
5.304, -95.6247406005859
5.307, -95.5725631713867
5.31, -95.5255279541016
5.313, -95.4821624755859
5.316, -95.4432144165039
5.319, -95.4094085693359
5.322, -95.3792724609375
5.325, -95.3528137207031
5.328, -95.3307647705078
5.331, -95.3131332397461
5.334, -95.2991638183594
5.337, -95.2888793945313
5.34, -95.2815246582031
5.343, -95.2778549194336
5.346, -95.2771148681641
5.349, -95.2778549194336
5.352, -95.2807922363281
5.355, -95.2859344482422
5.358, -95.2940216064453
5.361, -95.3035736083984
5.364, -95.3168029785156
5.367, -95.3315048217773
5.37, -95.3484039306641
5.373, -95.3660430908203
5.376, -95.3851547241211
5.379, -95.4057312011719
5.382, -95.4277801513672
5.385, -95.4498291015625
5.388, -95.4718780517578
5.391, -95.4946594238281
5.394, -95.5181732177734
5.397, -95.5409622192383
5.4, -95.5644760131836
5.403, -95.5872573852539
5.406, -95.6093063354492
5.409, -95.6313552856445
5.412, -95.6526718139648
5.415, -95.6732482910156
5.418, -95.6930923461914
5.421, -95.7122039794922
5.424, -95.7305755615234
5.427, -95.7489471435547
5.43, -95.7658538818359
5.433, -95.7820205688477
5.436, -95.7974548339844
5.439, -95.8114166259766
5.442, -95.8253784179688
5.445, -95.8386077880859
5.448, -95.8518371582031
5.451, -95.8635940551758
5.454, -95.875358581543
5.457, -95.8863830566406
5.46, -95.8981399536133
5.463, -95.9091644287109
5.466, -95.9201889038086
5.469, -95.9319458007813
5.472, -95.9429702758789
5.475, -95.9554672241211
5.478, -95.9686965942383
5.481, -95.9826583862305
5.484, -95.9966201782227
5.487, -96.0127868652344
5.49, -96.0296936035156
5.493, -96.0487976074219
5.496, -96.0686416625977
5.499, -96.090690612793
5.502, -96.1149444580078
5.505, -96.1414031982422
5.508, -96.1715393066406
5.511, -96.2031402587891
5.514, -96.237678527832
5.517, -96.2758941650391
5.52, -96.3177871704102
5.523, -96.3626174926758
5.526, -96.4111251831055
5.529, -96.4640426635742
5.532, -96.5206298828125
5.535, -96.5823669433594
5.538, -96.6485061645508
5.541, -96.7190628051758
5.544, -96.7940292358398
5.547, -96.8733978271484
5.55, -96.9579162597656
5.553, -97.0468444824219
5.556, -97.1409149169922
5.559, -97.2393951416016
5.562, -97.3422927856445
5.565, -97.4488525390625
5.568, -97.5590972900391
5.571, -97.6737442016602
5.574, -97.7913360595703
5.577, -97.9111328125
5.58, -98.0316619873047
5.583, -98.1536560058594
5.586, -98.2771301269531
5.589, -98.4005966186523
5.592, -98.5218658447266
5.595, -98.6401901245117
5.598, -98.7548370361328
5.601, -98.8672790527344
5.604, -98.9731140136719
5.607, -99.0745315551758
5.61, -99.1678695678711
5.613, -99.2531280517578
5.616, -99.3317642211914
5.619, -99.4015808105469
5.622, -99.4611129760742
5.625, -99.5110855102539
5.628, -99.5500411987305
5.631, -99.5787048339844
5.634, -99.5978088378906
5.637, -99.6044235229492
5.64, -99.5933990478516
5.643, -99.5713500976563
5.646, -99.5412216186523
5.649, -99.5030059814453
5.652, -99.4574356079102
5.655, -99.4045181274414
5.658, -99.3442535400391
5.661, -99.2773742675781
5.664, -99.2068252563477
5.667, -99.1318588256836
5.67, -99.0517501831055
5.673, -98.9679718017578
5.676, -98.8812484741211
5.679, -98.7930526733398
5.682, -98.7048645019531
5.685, -98.6129913330078
5.688, -98.519660949707
5.691, -98.4255828857422
5.694, -98.3322525024414
5.697, -98.2389144897461
5.7, -98.1463088989258
5.703, -98.0537109375
5.706, -97.9625778198242
5.709, -97.872917175293
5.712, -97.7847213745117
5.715, -97.69873046875
5.718, -97.6134796142578
5.721, -97.5311660766602
5.724, -97.450325012207
5.727, -97.3724212646484
5.73, -97.2967224121094
5.733, -97.2232284545898
5.736, -97.1526794433594
5.739, -97.0850601196289
5.742, -97.0196533203125
5.745, -96.9571838378906
5.748, -96.8976516723633
5.751, -96.841064453125
5.754, -96.7881469726563
5.757, -96.737434387207
5.76, -96.6903991699219
5.763, -96.6470413208008
5.766, -96.6066207885742
5.769, -96.5698699951172
5.772, -96.5367965698242
5.775, -96.5074005126953
5.778, -96.4816818237305
5.781, -96.4603652954102
5.784, -96.4441986083984
5.787, -96.4317016601563
5.79, -96.4243545532227
5.793, -96.4221496582031
5.796, -96.4221496582031
5.799, -96.4250869750977
5.802, -96.4339065551758
5.805, -96.4486083984375
5.808, -96.4684524536133
5.811, -96.4949111938477
5.814, -96.5287170410156
5.817, -96.5691375732422
5.82, -96.6169052124023
5.823, -96.6720275878906
5.826, -96.7344970703125
5.829, -96.8065185546875
5.832, -96.8866271972656
5.835, -96.9762878417969
5.838, -97.0747756958008
5.841, -97.1835403442383
5.844, -97.302604675293
5.847, -97.4312133789063
5.85, -97.5723266601563
5.853, -97.7251892089844
5.856, -97.8898162841797
5.859, -98.0676727294922
5.862, -98.2587585449219
5.865, -98.4630661010742
5.868, -98.6813430786133
5.871, -98.9135818481445
5.874, -99.1612548828125
5.877, -99.4243621826172
5.88, -99.7014389038086
5.883, -99.9954071044922
5.886, -100.303352355957
5.889, -100.626724243164
5.892, -100.964057922363
5.895, -101.316093444824
5.898, -101.682090759277
5.901, -102.054702758789
5.904, -102.430252075195
5.907, -102.808013916016
5.91, -103.18871307373
5.913, -103.570877075195
5.916, -103.933937072754
5.919, -104.272003173828
5.922, -104.584350585938
5.925, -104.872451782227
5.928, -105.128204345703
5.931, -105.351631164551
5.934, -105.535362243652
5.937, -105.679412841797
5.94, -105.78303527832
5.943, -105.847709655762
5.946, -105.882247924805
5.949, -105.866081237793
5.952, -105.816108703613
5.955, -105.73893737793
5.958, -105.648544311523
5.961, -105.545654296875
5.964, -105.430267333984
5.967, -105.302383422852
5.97, -105.164215087891
5.973, -105.023849487305
5.976, -104.882736206055
5.979, -104.740158081055
5.982, -104.59684753418
5.985, -104.45426940918
5.988, -104.316833496094
5.991, -104.184547424316
5.994, -104.058876037598
5.997, -103.938346862793
6.0, -103.824432373047
6.003, -103.720802307129
6.006, -103.628204345703
6.009, -103.543685913086
6.012, -103.468719482422
6.015, -103.404777526855
6.018, -103.353332519531
6.021, -103.313652038574
6.024, -103.28719329834
6.027, -103.273223876953
6.03, -103.271759033203
6.033, -103.273223876953
6.036, -103.28865814209
6.039, -103.318794250488
6.042, -103.364356994629
6.045, -103.425361633301
6.048, -103.503997802734
6.051, -103.601005554199
6.054, -103.717124938965
6.057, -103.851623535156
6.06, -104.005958557129
6.063, -104.183074951172
6.066, -104.384452819824
6.069, -104.612281799316
6.072, -104.865097045898
6.075, -105.14217376709
6.078, -105.45231628418
6.081, -105.796997070313
6.084, -106.176963806152
6.087, -106.59220123291
6.09, -107.033164978027
6.093, -107.504989624023
6.096, -107.990783691406
6.099, -108.492012023926
6.102, -109.007934570313
6.105, -109.535621643066
6.108, -110.000099182129
6.111, -110.371978759766
6.114, -110.652725219727
6.117, -110.840133666992
6.12, -110.936408996582
6.123, -110.904808044434
6.126, -110.782073974609
6.129, -110.58731842041
6.132, -110.325675964355
6.135, -110.030235290527
6.138, -109.709800720215
6.141, -109.365112304688
6.144, -108.995445251465
6.147, -108.602989196777
6.15, -108.206123352051
6.153, -107.808517456055
6.156, -107.408714294434
6.159, -107.007438659668
6.162, -106.606895446777
6.165, -106.213706970215
6.168, -105.837417602539
6.171, -105.461868286133
6.174, -105.09587097168
6.177, -104.73942565918
6.18, -104.395477294922
6.183, -104.064018249512
6.186, -103.745788574219
6.189, -103.440795898438
6.192, -103.148284912109
6.195, -102.871215820313
6.198, -102.606636047363
6.201, -102.356025695801
6.204, -102.11937713623
6.207, -101.896690368652
6.21, -101.687232971191
6.213, -101.491004943848
6.216, -101.308738708496
6.219, -101.138969421387
6.222, -100.98316192627
6.225, -100.83911895752
6.228, -100.708297729492
6.231, -100.589973449707
6.234, -100.484146118164
6.237, -100.390808105469
6.24, -100.308494567871
6.243, -100.237205505371
6.246, -100.178405761719
6.249, -100.131370544434
6.252, -100.093894958496
6.255, -100.067436218262
6.258, -100.051261901855
6.261, -100.045387268066
6.264, -100.045387268066
6.267, -100.049797058105
6.27, -100.063758850098
6.273, -100.088012695313
6.276, -100.121086120605
6.279, -100.162979125977
6.282, -100.214424133301
6.285, -100.274688720703
6.288, -100.342300415039
6.291, -100.418731689453
6.294, -100.50178527832
6.297, -100.593650817871
6.3, -100.69213104248
6.303, -100.796493530273
6.306, -100.906730651855
6.309, -101.023590087891
6.312, -101.14705657959
6.315, -101.274200439453
6.318, -101.40502166748
6.321, -101.540245056152
6.324, -101.679153442383
6.327, -101.820991516113
6.33, -101.964302062988
6.333, -102.108352661133
6.336, -102.250198364258
6.339, -102.394981384277
6.342, -102.540496826172
6.345, -102.683074951172
6.348, -102.822708129883
6.351, -102.959411621094
6.354, -103.092430114746
6.357, -103.221778869629
6.36, -103.345252990723
6.363, -103.461372375488
6.366, -103.57160949707
6.369, -103.675239562988
6.372, -103.770782470703
6.375, -103.85897064209
6.378, -103.937606811523
6.381, -104.007431030273
6.384, -104.067695617676
6.387, -104.119873046875
6.39, -104.162498474121
6.393, -104.195571899414
6.396, -104.219093322754
6.399, -104.233787536621
6.402, -104.23673248291
6.405, -104.225708007813
6.408, -104.207328796387
6.411, -104.180870056152
6.414, -104.147804260254
6.417, -104.108116149902
6.42, -104.063285827637
6.423, -104.012573242188
6.426, -103.956718444824
6.429, -103.895721435547
6.432, -103.83177947998
6.435, -103.76490020752
6.438, -103.695816040039
6.441, -103.623054504395
6.444, -103.548095703125
6.447, -103.473129272461
6.45, -103.396697998047
6.453, -103.319526672363
6.456, -103.241622924805
6.459, -103.163719177246
6.462, -103.086555480957
6.465, -103.010116577148
6.468, -102.934417724609
6.471, -102.85945892334
6.474, -102.785232543945
6.477, -102.712471008301
6.48, -102.641181945801
6.483, -102.571365356445
6.486, -102.50301361084
6.489, -102.436134338379
6.492, -102.371459960938
6.495, -102.308990478516
6.498, -102.247253417969
6.501, -102.186256408691
6.504, -102.127464294434
6.507, -102.070137023926
6.51, -102.013542175293
6.513, -101.958427429199
6.516, -101.904037475586
6.519, -101.851127624512
6.522, -101.798942565918
6.525, -101.747497558594
6.528, -101.697525024414
6.531, -101.64754486084
6.534, -101.598304748535
6.537, -101.5498046875
6.54, -101.50129699707
6.543, -101.453521728516
6.546, -101.40648651123
6.549, -101.359451293945
6.552, -101.31241607666
6.555, -101.26611328125
6.558, -101.220550537109
6.561, -101.174980163574
6.564, -101.129417419434
6.567, -101.085319519043
6.57, -101.041221618652
6.573, -100.997131347656
6.576, -100.955238342285
6.579, -100.913345336914
6.582, -100.872192382813
6.585, -100.831764221191
6.588, -100.792816162109
6.591, -100.754600524902
6.594, -100.71711730957
6.597, -100.681838989258
6.6, -100.647300720215
6.603, -100.614959716797
6.606, -100.583358764648
6.609, -100.55396270752
6.612, -100.52677154541
6.615, -100.501045227051
6.618, -100.476791381836
6.621, -100.454010009766
6.624, -100.43416595459
6.627, -100.415794372559
6.63, -100.398887634277
6.633, -100.384925842285
6.636, -100.372428894043
6.639, -100.36141204834
6.642, -100.353324890137
6.645, -100.345977783203
6.648, -100.341567993164
6.651, -100.338623046875
6.654, -100.337890625
6.657, -100.337890625
6.66, -100.337890625
6.663, -100.34009552002
6.666, -100.344505310059
6.669, -100.350387573242
6.672, -100.357002258301
6.675, -100.365821838379
6.678, -100.376838684082
6.681, -100.388603210449
6.684, -100.402565002441
6.687, -100.417266845703
6.69, -100.433433532715
6.693, -100.451805114746
6.696, -100.470916748047
6.699, -100.491493225098
6.702, -100.514274597168
6.705, -100.537796020508
6.708, -100.562782287598
6.711, -100.589973449707
6.714, -100.617904663086
6.717, -100.64803314209
6.72, -100.679634094238
6.723, -100.712707519531
6.726, -100.747253417969
6.729, -100.783264160156
6.732, -100.821479797363
6.735, -100.86190032959
6.738, -100.903053283691
6.741, -100.945686340332
6.744, -100.991249084473
6.747, -101.038284301758
6.75, -101.087524414063
6.753, -101.138236999512
6.756, -101.190414428711
6.759, -101.245536804199
6.762, -101.302124023438
6.765, -101.36018371582
6.768, -101.420448303223
6.771, -101.482925415039
6.774, -101.546859741211
6.777, -101.613006591797
6.78, -101.680618286133
6.783, -101.750434875488
6.786, -101.822463989258
6.789, -101.895217895508
6.792, -101.970916748047
6.795, -102.04808807373
6.798, -102.126724243164
6.801, -102.207565307617
6.804, -102.289878845215
6.807, -102.373664855957
6.81, -102.458915710449
6.813, -102.545639038086
6.816, -102.634567260742
6.819, -102.724227905273
6.822, -102.814628601074
6.825, -102.9072265625
