% Measurement ID: 1761
% Mode ID: 1
% Date and time: 2020-09-16 14:21:56
% Sample ID: TOT74-83
% Measurement type: ringdown
% Frequency [Hz]: 252695.0
% Quality factor: 5497184.3995644525
% Temperature [K]: 293.0
% Pressure [mBar]: 3.88e-08
% Notes: 
% Bad
%
% measurement data
% time [s], power [dBm]
0.0, -26.11936
0.0801068090787717, -26.28538
0.1602136181575434, -26.5051
0.24032042723631508, -26.51487
0.3204272363150868, -26.59788
0.4005340453938585, -26.77366
0.48064085447263016, -26.76877
0.5607476635514019, -26.8176
0.6408544726301736, -26.94944
0.7209612817089452, -26.96409
0.801068090787717, -27.09592
0.8811748998664887, -27.21311
0.9612817089452603, -27.31565
1.041388518024032, -27.42307
1.1214953271028039, -27.53049
1.2016021361815754, -27.59885
1.2817089452603472, -27.66233
1.361815754339119, -27.87229
1.4419225634178905, -27.94553
1.5220293724966623, -28.01877
1.602136181575434, -28.17014
1.6822429906542056, -28.26291
1.7623497997329773, -28.27756
1.842456608811749, -28.37522
1.9225634178905207, -28.41916
2.0026702269692924, -28.49241
2.082777036048064, -28.68772
2.162883845126836, -28.67307
2.2429906542056077, -28.88791
2.323097463284379, -28.96604
2.403204272363151, -29.09788
2.4833110814419226, -29.1467
2.5634178905206944, -29.29319
2.643524699599466, -29.25413
2.723631508678238, -29.42014
2.8037383177570097, -29.55198
2.883845126835781, -29.69358
2.9639519359145527, -29.87424
3.0440587449933245, -29.86936
3.1241655540720963, -29.98655
3.204272363150868, -30.03538
3.28437917222964, -30.21604
3.364485981308411, -30.27463
3.444592790387183, -30.37717
3.5246995994659547, -30.58225
3.6048064085447264, -30.64084
3.684913217623498, -30.67502
3.76502002670227, -30.76291
3.8451268357810413, -30.88498
3.925233644859813, -31.04123
4.005340453938585, -31.20725
4.085447263017357, -31.24143
4.165554072096128, -31.27073
4.2456608811749, -31.38303
4.325767690253672, -31.49045
4.405874499332444, -31.55881
4.4859813084112155, -31.83713
4.566088117489987, -31.79807
4.646194926568758, -31.91038
4.72630173564753, -31.92014
4.806408544726302, -32.12034
4.886515353805073, -32.19358
4.966622162883845, -32.22288
5.046728971962617, -32.37424
5.126835781041389, -32.48655
5.2069425901201605, -32.62327
5.287049399198932, -32.73557
5.367156208277704, -32.77952
5.447263017356476, -32.91135
5.5273698264352475, -32.93088
5.607476635514019, -33.16038
5.68758344459279, -33.16526
5.767690253671562, -33.40452
5.847797062750334, -33.44358
5.9279038718291055, -33.5217
6.008010680907877, -33.59006
6.088117489986649, -33.72678
6.168224299065421, -33.8342
6.248331108144193, -33.90745
6.328437917222964, -33.98069
6.408544726301736, -34.09299
6.488651535380508, -34.21018
6.56875834445928, -34.34202
6.648865153538051, -34.43967
6.728971962616822, -34.51291
6.809078771695594, -34.62522
6.889185580774366, -34.68381
6.969292389853138, -34.76682
7.049399198931909, -34.84983
7.129506008010681, -34.97678
7.209612817089453, -35.05491
7.289719626168225, -35.16233
7.369826435246996, -35.27952
7.449933244325768, -35.32346
7.53004005340454, -35.47483
7.610146862483312, -35.52366
7.690253671562083, -35.76291
7.770360480640854, -35.82639
7.850467289719626, -35.78733
7.930574098798398, -35.92405
8.01068090787717, -36.03147
8.090787716955942, -36.13889
8.170894526034713, -36.09495
8.251001335113484, -36.17795
8.331108144192257, -36.31467
8.411214953271028, -36.44651
8.4913217623498, -36.51975
8.571428571428571, -36.64182
8.651535380507344, -36.74924
8.731642189586115, -36.9592
8.811748998664887, -37.07151
8.891855807743658, -37.25705
8.971962616822431, -37.37424
9.052069425901202, -37.42795
9.132176234979974, -37.59397
9.212283044058745, -37.70627
9.292389853137516, -37.77463
9.372496662216289, -37.7551
9.45260347129506, -37.8137
9.532710280373832, -37.83323
9.612817089452603, -38.10178
9.692923898531376, -38.0383
9.773030707610147, -38.27268
9.85313751668892, -38.38987
9.93324432576769, -38.50705
10.013351134846463, -38.62424
10.093457943925234, -38.75608
10.173564753004007, -38.78538
10.253671562082777, -38.97092
10.333778371161548, -39.02952
10.413885180240321, -39.17112
10.493991989319092, -39.28342
10.574098798397864, -39.39084
10.654205607476635, -39.60569
10.734312416555408, -39.70823
10.814419225634179, -39.84495
10.894526034712952, -39.9133
10.974632843791722, -39.95237
11.054739652870495, -40.1135
11.134846461949266, -40.18674
11.214953271028039, -40.23557
11.29506008010681, -40.34299
11.37516688918558, -40.3137
11.455273698264353, -40.34788
11.535380507343124, -40.50901
11.615487316421897, -40.57737
11.695594125500667, -40.61643
11.77570093457944, -40.84592
11.855807743658211, -41.03635
11.935914552736984, -41.00705
12.016021361815755, -41.11936
12.096128170894527, -41.23166
12.176234979973298, -41.35862
12.25634178905207, -41.48069
12.336448598130842, -41.54905
12.416555407209612, -41.676
12.496662216288385, -41.69553
12.576769025367156, -41.77854
12.656875834445929, -41.83225
12.7369826435247, -42.03733
12.817089452603472, -42.13498
12.897196261682243, -42.13498
12.977303070761016, -42.27659
13.057409879839787, -42.35959
13.13751668891856, -42.51096
13.21762349799733, -42.57932
13.297730307076103, -42.75022
13.377837116154874, -42.84299
13.457943925233645, -42.89182
13.538050734312417, -43.04319
13.618157543391188, -42.95041
13.69826435246996, -42.92112
13.778371161548732, -43.13108
13.858477970627504, -43.26291
13.938584779706275, -43.3801
14.018691588785048, -43.48264
14.098798397863819, -43.73655
14.178905206942591, -43.77561
14.259012016021362, -43.90256
14.339118825100135, -43.91721
14.419225634178906, -43.92209
14.499332443257677, -44.07834
14.57943925233645, -44.0051
14.65954606141522, -44.12717
14.739652870493993, -44.34202
14.819759679572764, -44.38108
14.899866488651536, -44.77659
14.979973297730307, -44.72288
15.06008010680908, -45.04026
15.14018691588785, -45.06955
15.220293724966623, -45.12327
15.300400534045394, -45.1428
15.380507343124165, -45.26487
15.460614152202938, -45.4553
15.540720961281709, -45.57737
15.620827770360481, -45.79221
15.700934579439252, -45.86545
15.781041388518025, -46.11936
15.861148197596796, -46.07053
15.941255006675568, -46.0217
16.02136181575434, -46.12913
16.10146862483311, -46.23166
16.181575433911885, -46.2512
16.261682242990656, -46.40256
16.341789052069426, -46.45139
16.421895861148197, -46.55393
16.502002670226968, -46.68577
16.582109479305743, -46.81272
16.662216288384514, -46.92502
16.742323097463284, -46.97873
16.822429906542055, -47.04221
16.90253671562083, -46.80295
16.9826435246996, -46.98362
17.06275033377837, -47.00315
17.142857142857142, -47.31077
17.222963951935917, -47.63791
17.303070761014688, -47.4426
17.38317757009346, -47.41819
17.46328437917223, -47.73069
17.543391188251, -47.83811
17.623497997329775, -47.87229
17.703604806408546, -48.09202
17.783711615487316, -48.14084
17.863818424566087, -48.23362
17.943925233644862, -48.4094
18.024032042723633, -48.58518
18.104138851802404, -48.77073
18.184245660881174, -48.96604
18.26435246995995, -48.97092
18.34445927903872, -49.22971
18.42456608811749, -49.21995
18.50467289719626, -49.19553
18.584779706275032, -49.40549
18.664886515353807, -49.75705
18.744993324432578, -50.13303
18.82510013351135, -50.08909
18.90520694259012, -49.75217
18.985313751668894, -49.74241
19.065420560747665, -49.87913
19.145527369826436, -50.02073
19.225634178905207, -50.44553
19.30574098798398, -50.2258
19.385847797062752, -50.39182
19.465954606141523, -50.43088
19.546061415220294, -50.64084
19.626168224299064, -50.93381
19.70627503337784, -51.1633
19.78638184245661, -51.33909
19.86648865153538, -51.31955
19.94659546061415, -51.65159
20.026702269692926, -51.676
20.106809078771697, -51.62717
20.186915887850468, -51.38303
20.26702269692924, -51.41233
20.347129506008013, -51.41721
20.427236315086784, -51.65647
20.507343124165555, -51.57346
20.587449933244326, -51.96409
20.667556742323097, -52.08616
20.74766355140187, -51.98362
20.827770360480642, -51.69553
20.907877169559413, -51.7883
20.987983978638184, -52.00315
21.068090787716958, -52.26194
21.14819759679573, -52.42307
21.2283044058745, -52.34495
21.30841121495327, -52.66721
21.388518024032045, -53.01389
21.468624833110816, -53.14573
21.548731642189587, -53.14573
21.628838451268358, -53.16038
21.70894526034713, -53.25803
21.789052069425903, -53.24338
21.869158878504674, -53.30686
21.949265687583445, -53.12131
22.029372496662216, -53.37522
22.10947930574099, -53.51194
22.18958611481976, -53.65842
22.269692923898532, -53.7512
22.349799732977303, -53.95139
22.429906542056077, -54.22483
22.510013351134848, -54.19553
22.59012016021362, -54.49827
22.67022696929239, -54.71311
22.75033377837116, -54.96702
22.830440587449935, -54.87913
22.910547396528706, -55.18674
22.990654205607477, -55.0012
23.070761014686248, -54.90842
23.150867823765022, -54.6301
23.230974632843793, -54.82053
23.311081441922564, -54.4592
23.391188251001335, -54.48362
23.47129506008011, -54.84006
23.55140186915888, -54.63987
23.63150867823765, -54.61057
23.711615487316422, -54.57151
23.791722296395193, -54.78635
23.871829105473967, -54.64475
23.951935914552738, -54.9133
24.03204272363151, -55.16721
24.11214953271028, -55.44553
24.192256341789054, -55.15745
24.272363150867825, -55.33323
24.352469959946596, -55.39182
24.432576769025367, -55.54807
24.51268357810414, -55.55784
24.592790387182912, -55.51389
24.672897196261683, -55.57248
24.753004005340454, -55.70432
24.833110814419225, -56.14866
24.913217623498, -55.89963
24.99332443257677, -55.84592
25.07343124165554, -55.63108
25.153538050734312, -55.87034
25.233644859813086, -55.94846
25.313751668891857, -56.2512
25.39385847797063, -56.48069
25.4739652870494, -56.24631
25.554072096128174, -56.23655
25.634178905206944, -56.09495
25.714285714285715, -55.95823
25.794392523364486, -56.27073
25.874499332443257, -56.59788
25.95460614152203, -56.37815
26.034712950600802, -56.81272
26.114819759679573, -57.19846
26.194926568758344, -57.74534
26.27503337783712, -57.87229
26.35514018691589, -57.7844
26.43524699599466, -58.18967
26.51535380507343, -58.18967
26.595460614152206, -58.21897
26.675567423230977, -57.86252
26.755674232309747, -57.53538
26.83578104138852, -57.59885
26.91588785046729, -57.29123
26.995994659546064, -57.25705
27.076101468624834, -57.26682
27.156208277703605, -57.26682
27.236315086782376, -56.73948
27.31642189586115, -56.676
27.39652870493992, -56.30491
27.476635514018692, -56.50998
27.556742323097463, -56.63694
27.636849132176238, -56.37327
27.71695594125501, -56.85178
27.79706275033378, -57.04709
27.87716955941255, -56.80784
27.95727636849132, -56.73459
28.037383177570096, -56.44651
28.117489986648867, -56.21702
28.197596795727637, -56.38791
28.27770360480641, -56.74436
28.357810413885183, -57.16916
28.437917222963954, -57.31565
28.518024032042725, -57.42795
28.598130841121495, -57.19846
28.67823765020027, -57.37913
28.75834445927904, -57.8967
28.83845126835781, -57.71116
28.918558077436582, -58.28245
28.998664886515353, -58.25315
29.078771695594128, -58.5217
29.1588785046729, -57.87717
29.23898531375167, -57.99924
29.31909212283044, -58.0969
29.399198931909215, -57.77463
29.479305740987986, -57.5842
29.559412550066757, -57.99436
29.639519359145527, -58.20432
29.719626168224302, -58.50705
29.799732977303073, -58.81467
29.879839786381844, -58.72678
29.959946595460615, -58.75608
30.040053404539385, -58.29221
30.12016021361816, -58.10178
30.20026702269693, -57.94553
30.2803738317757, -58.13108
30.360480640854473, -58.5217
30.440587449933247, -58.98557
30.520694259012018, -60.2551
30.60080106809079, -60.72385
30.68090787716956, -61.34885
30.76101468624833, -60.95823
30.841121495327105, -61.13889
30.921228304405876, -60.13791
31.001335113484647, -60.26487
31.081441922563418, -61.25608
31.161548731642192, -61.49534
31.241655540720963, -62.36936
31.321762349799734, -62.29612
31.401869158878505, -63.21897
31.48197596795728, -63.40452
31.56208277703605, -64.12229
31.64218958611482, -64.16135
31.72229639519359, -64.92307
31.802403204272363, -64.07346
31.882510013351137, -63.98557
31.962616822429908, -63.27756
32.04272363150868, -63.45334
32.12283044058745, -63.1262
32.20293724966622, -62.42795
32.28304405874499, -62.44748
32.36315086782377, -62.49143
32.44325767690254, -62.48655
32.52336448598131, -61.91526
32.60347129506008, -61.73948
32.68357810413885, -62.82834
32.763684913217624, -62.55979
32.843791722296395, -61.97385
32.923898531375166, -62.04221
33.004005340453936, -62.05686
33.084112149532714, -62.14475
33.164218958611485, -61.676
33.244325767690256, -61.66135
33.32443257676903, -61.74436
33.4045393858478, -62.62327
33.48464619492657, -62.23264
33.56475300400534, -61.3928
33.64485981308411, -61.22678
33.72496662216289, -60.46995
33.80507343124166, -59.3176
33.88518024032043, -59.29319
33.9652870493992, -59.3762
34.04539385847797, -59.50803
34.12550066755674, -59.5178
34.205607476635514, -59.49338
34.285714285714285, -59.07346
34.365821094793056, -59.10764
34.445927903871834, -59.33713
34.526034712950604, -59.55686
34.606141522029375, -59.72776
34.686248331108146, -59.52756
34.76635514018692, -59.3176
34.84646194926569, -59.82541
34.92656875834446, -59.16135
35.00667556742323, -59.3176
35.086782376502, -59.99631
35.16688918558078, -60.4553
35.24699599465955, -60.7092
35.32710280373832, -61.04612
35.40720961281709, -60.01584
35.48731642189586, -60.02561
35.56742323097463, -60.40159
35.647530040053404, -59.49338
35.727636849132175, -59.38596
35.80774365821095, -59.42991
35.887850467289724, -58.91233
35.967957276368494, -58.29221
36.048064085447265, -58.48264
36.128170894526036, -58.53147
36.20827770360481, -58.28245
36.28838451268358, -57.80881
36.36849132176235, -58.32639
36.44859813084112, -58.5217
36.5287049399199, -58.56077
36.60881174899867, -58.44358
36.68891855807744, -58.76096
36.76902536715621, -58.60471
36.84913217623498, -58.59983
36.92923898531375, -58.7512
37.00934579439252, -58.61936
37.089452603471294, -58.4094
37.169559412550065, -58.4094
37.24966622162884, -58.38987
37.329773030707614, -57.96995
37.409879839786385, -57.99436
37.489986648865155, -57.75022
37.570093457943926, -57.70627
37.6502002670227, -57.41819
37.73030707610147, -57.25217
37.81041388518024, -57.42795
37.89052069425902, -57.53538
37.97062750333779, -58.13108
38.05073431241656, -58.29221
38.13084112149533, -58.37034
38.2109479305741, -58.59495
38.29105473965287, -58.81467
38.37116154873164, -58.95627
38.45126835781041, -59.3762
38.531375166889184, -60.1428
38.61148197596796, -59.83518
38.69158878504673, -60.15256
38.771695594125504, -60.48459
38.851802403204275, -60.5676
38.931909212283045, -61.0803
39.012016021361816, -61.33909
39.09212283044059, -61.00705
39.17222963951936, -61.1633
39.25233644859813, -61.40745
39.33244325767691, -61.54416
39.41255006675568, -61.6467
39.49265687583445, -62.7258
39.57276368491322, -62.65745
39.65287049399199, -63.34592
39.73297730307076, -64.47385
39.81308411214953, -63.51682
39.8931909212283, -63.34592
39.97329773030708, -64.31272
40.05340453938585, -64.93284
40.13351134846462, -64.13694
40.213618157543394, -64.21995
40.293724966622165, -65.49436
40.373831775700936, -66.30002
40.453938584779706, -67.11057
40.53404539385848, -66.71506
40.61415220293725, -65.50413
40.694259012016026, -64.70334
40.7743658210948, -64.22971
40.85447263017357, -64.01975
40.93457943925234, -64.56663
41.01468624833111, -64.86448
41.09479305740988, -66.22678
41.17489986648865, -65.67991
41.25500667556742, -65.67014
41.33511348464619, -64.42502
41.41522029372497, -63.67307
41.49532710280374, -63.66819
41.57543391188251, -64.02952
41.655540720961284, -63.01389
41.735647530040055, -62.55002
41.815754339118826, -61.28538
41.895861148197596, -61.57346
41.97596795727637, -60.97776
42.05607476635514, -60.8801
42.136181575433916, -61.42209
42.21628838451269, -61.58323
42.29639519359146, -61.64182
42.37650200267023, -61.98362
42.456608811749, -62.14475
42.53671562082777, -62.56467
42.61682242990654, -62.82346
42.69692923898531, -62.59885
42.77703604806409, -62.23264
42.85714285714286, -62.13498
42.93724966622163, -61.91038
43.0173564753004, -62.5842
43.097463284379174, -63.18967
43.177570093457945, -63.77561
43.257676902536716, -64.55198
43.33778371161549, -65.20139
43.41789052069426, -66.78342
43.497997329773035, -67.1008
43.578104138851806, -67.8137
43.65821094793058, -68.99045
43.73831775700935, -70.85569
43.81842456608812, -72.55491
43.89853137516689, -74.04416
43.97863818424566, -74.90354
44.05874499332443, -73.46799
44.1388518024032, -73.63401
44.21895861148198, -79.28342
44.29906542056075, -82.49143
44.37917222963952, -76.0803
44.45927903871829, -72.54026
44.539385847797064, -71.65647
44.619492656875835, -70.57737
44.699599465954606, -67.37913
44.77970627503338, -66.42209
44.859813084112155, -66.42698
44.939919893190925, -68.39475
45.020026702269696, -71.13889
45.10013351134847, -73.48264
45.18024032042724, -71.77366
45.26034712950601, -71.99338
45.34045393858478, -74.2883
45.42056074766355, -74.14182
45.50066755674232, -72.69651
45.5807743658211, -73.06272
45.66088117489987, -75.23557
45.74098798397864, -75.07932
45.82109479305741, -71.51487
45.90120160213618, -69.87913
45.981308411214954, -70.30881
46.061415220293725, -71.32444
46.141522029372496, -69.84006
46.22162883845127, -69.89377
46.301735647530045, -70.25998
46.381842456608815, -69.26877
46.461949265687586, -69.34202
46.54205607476636, -69.31272
46.62216288384513, -70.32346
46.7022696929239, -69.40549
46.78237650200267, -69.52268
46.86248331108144, -71.38303
46.94259012016022, -71.09983
47.02269692923899, -72.28635
47.10280373831776, -76.53928
47.18291054739653, -79.57151
47.2630173564753, -75.89963
47.34312416555407, -76.56858
47.423230974632844, -77.02756
47.503337783711615, -77.79905
47.583444592790386, -80.48948
47.663551401869164, -80.21604
47.743658210947935, -79.13694
47.823765020026705, -78.72678
47.903871829105476, -75.21604
47.98397863818425, -75.23069
48.06408544726302, -74.61057
48.14419225634179, -73.1262
48.22429906542056, -75.57248
48.30440587449933, -78.84885
48.38451268357811, -77.5842
48.46461949265688, -73.12131
48.54472630173565, -72.52561
48.62483311081442, -71.3928
48.70493991989319, -71.051
48.78504672897196, -72.92112
48.865153538050734, -74.9133
48.945260347129505, -73.90745
49.02536715620828, -70.50413
49.105473965287054, -71.01682
49.185580774365825, -70.98752
49.265687583444596, -72.08127
49.345794392523366, -75.0012
49.42590120160214, -72.7844
49.50600801068091, -70.66526
49.58611481975968, -70.68967
49.66622162883845, -69.1467
49.74632843791723, -69.58616
49.826435246996, -68.48752
49.90654205607477, -68.39963
49.98664886515354, -68.62424
50.06675567423231, -69.64475
50.14686248331108, -69.95725
50.22696929238985, -70.05491
50.307076101468624, -69.56174
50.387182910547395, -68.82932
50.46728971962617, -69.72288
50.547396528704944, -69.50803
50.627503337783715, -69.88889
50.707610146862486, -69.46897
50.78771695594126, -70.12327
50.86782376502003, -72.21311
50.9479305740988, -73.1262
51.02803738317757, -72.29612
51.10814419225635, -69.8303
51.18825100133512, -68.61448
51.26835781041389, -68.69748
51.34846461949266, -69.48362
51.42857142857143, -69.35178
51.5086782376502, -69.71311
51.58878504672897, -68.98557
51.66889185580774, -68.32639
51.748998664886514, -67.69651
51.82910547396529, -67.16428
51.90921228304406, -66.81272
51.989319092122834, -66.3928
52.069425901201605, -66.66135
52.149532710280376, -67.31077
52.22963951935915, -66.00705
52.30974632843792, -66.13401
52.38985313751669, -66.9885
52.46995994659546, -67.19358
52.55006675567424, -68.33616
52.63017356475301, -70.71409
52.71028037383178, -72.38889
52.79038718291055, -72.37913
52.87049399198932, -72.40354
52.95060080106809, -71.65159
53.03070761014686, -74.87913
53.11081441922563, -74.6594
53.19092122830441, -74.38108
53.27102803738318, -74.14182
53.35113484646195, -70.65549
53.431241655540724, -70.7385
53.511348464619495, -72.01291
53.591455273698266, -72.51096
53.67156208277704, -74.43479
53.75166889185581, -75.86545
53.83177570093458, -75.7092
53.911882510013356, -76.77366
53.99198931909213, -77.60373
54.0720961281709, -78.47288
54.15220293724967, -82.42795
54.23230974632844, -80.80686
54.31241655540721, -82.55002
54.39252336448598, -77.32541
54.47263017356475, -77.1008
54.55273698264352, -75.49436
54.6328437917223, -70.71897
54.71295060080107, -70.10862
54.79305740987984, -71.60276
54.873164218958614, -71.96897
54.953271028037385, -71.82248
55.033377837116156, -70.18674
55.11348464619493, -68.7512
55.1935914552737, -68.36545
55.273698264352475, -68.51194
55.353805073431246, -68.01389
55.43391188251002, -68.16526
55.51401869158879, -69.51291
55.59412550066756, -69.66428
55.67423230974633, -68.34592
55.7543391188251, -68.19455
55.83444592790387, -66.86643
55.91455273698264, -66.53928
55.99465954606142, -65.54807
56.07476635514019, -64.25413
56.15487316421896, -64.11741
56.23497997329773, -63.54612
56.315086782376504, -64.22483
56.395193591455275, -64.09788
56.475300400534046, -64.25413
56.55540720961282, -64.43967
56.63551401869159, -64.77659
56.715620827770366, -64.83518
56.795727636849136, -65.49436
56.87583444592791, -66.42209
56.95594125500668, -65.2844
57.03604806408545, -65.04514
57.11615487316422, -66.676
57.19626168224299, -66.38791
57.27636849132176, -66.27073
57.35647530040054, -66.97385
57.43658210947931, -67.36936
57.51668891855808, -67.73069
57.59679572763685, -69.69358
57.67690253671562, -71.14377
57.757009345794394, -71.02659
57.837116154873165, -70.1428
57.917222963951936, -70.19163
57.99732977303071, -70.2258
58.077436582109485, -69.45432
58.157543391188256, -66.94455
58.237650200267026, -66.48557
58.3177570093458, -65.78245
58.39786381842457, -64.98655
58.47797062750334, -64.31272
58.55807743658211, -64.32248
58.63818424566088, -63.55588
58.71829105473965, -63.53635
58.79839786381843, -64.37131
58.8785046728972, -64.43479
58.95861148197597, -65.83127
59.03871829105474, -65.46506
59.11882510013351, -67.45725
59.198931909212284, -67.9553
59.279038718291055, -69.26877
59.359145527369826, -69.48362
59.439252336448604, -69.84006
59.519359145527375, -70.99241
59.599465954606146, -71.64182
59.67957276368492, -70.19651
59.75967957276369, -71.09006
59.83978638184246, -69.55686
59.91989319092123, -67.91135
60.0, -66.79319
