% Measurement ID: 754
% Mode ID: 1
% Date and time: 2019-07-27 07:34:18
% Sample ID: SP63-12
% Measurement type: ringdown
% Frequency [Hz]: 1449911.01
% Quality factor: 3993969.538109139
% Temperature [K]: 293.0
% Pressure [mBar]: 1.03e-06
% Notes: 
% 
%
% measurement data
% time [s], power [dBm]
0.012, -91.07568359375
0.024, -90.9735260009766
0.036, -90.8427047729492
0.048, -90.6913146972656
0.06, -90.5347671508789
0.072, -90.3870468139648
0.084, -90.2635803222656
0.096, -90.1797943115234
0.108, -90.1467208862305
0.12, -90.1459884643555
0.132, -90.1717147827148
0.144, -90.2650451660156
0.156, -90.433349609375
0.168, -90.6824951171875
0.18, -91.0198287963867
0.192, -91.4512329101563
0.204, -91.9759826660156
0.216, -92.5845108032227
0.228, -93.250358581543
0.24, -93.9264984130859
0.252, -94.5614852905273
0.264, -95.0928497314453
0.276, -95.4823608398438
0.288, -95.7366485595703
0.3, -95.890983581543
0.312, -95.998291015625
0.324, -96.1173477172852
0.336, -96.3069610595703
0.348, -96.6207809448242
0.36, -97.1102447509766
0.372, -97.8290176391602
0.384, -98.8483734130859
0.396, -100.275619506836
0.408, -102.284202575684
0.42, -105.153388977051
0.432, -107.777847290039
0.444, -108.095344543457
0.456, -106.712188720703
0.468, -105.122528076172
0.48, -103.545349121094
0.492, -102.094589233398
0.504, -100.808448791504
0.516, -99.6862030029297
0.528, -98.7057952880859
0.54, -97.8407745361328
0.552, -97.0727615356445
0.564, -96.3745727539063
0.576, -95.7351837158203
0.588, -95.1516418457031
0.6, -94.6246948242188
0.612, -94.1609497070313
0.624, -93.7670211791992
0.636, -93.4517364501953
0.648, -93.2158203125
0.66, -93.0614852905273
0.672, -92.9887237548828
0.684, -92.9821090698242
0.696, -92.9960708618164
0.708, -93.0842666625977
0.72, -93.2525634765625
0.732, -93.5097961425781
0.744, -93.8610916137695
0.756, -94.3145446777344
0.768, -94.8753051757813
0.78, -95.5448303222656
0.792, -96.318717956543
0.804, -97.177864074707
0.816, -98.1127014160156
0.828, -99.0975189208984
0.84, -100.113929748535
0.852, -101.154602050781
0.864, -102.233489990234
0.876, -103.389541625977
0.888, -104.68009185791
0.9, -106.20581817627
0.912, -108.065208435059
0.924, -110.261932373047
0.936, -112.271987915039
0.948, -113.519912719727
0.96, -113.406730651855
0.972, -112.759246826172
0.984, -111.93465423584
0.996, -110.941749572754
1.008, -109.762916564941
1.02, -108.422386169434
1.032, -106.988525390625
1.044, -105.51057434082
1.056, -104.043640136719
1.068, -102.617126464844
1.08, -101.248672485352
1.092, -99.9471054077148
1.104, -98.7175521850586
1.116, -97.5666427612305
1.128, -96.4884872436523
1.14, -95.4904479980469
1.152, -94.5761871337891
1.164, -93.7449722290039
1.176, -92.9968109130859
1.188, -92.3331604003906
1.2, -91.7459487915039
1.212, -91.2366333007813
1.224, -90.8008193969727
1.236, -90.4326171875
1.248, -90.1261444091797
1.26, -89.8711242675781
1.272, -89.6579895019531
1.284, -89.4698486328125
1.296, -89.2934646606445
1.308, -89.111930847168
1.32, -88.9134979248047
1.332, -88.6893463134766
1.344, -88.4365234375
1.356, -88.1616592407227
1.368, -87.8757705688477
1.38, -87.5950241088867
1.392, -87.3363265991211
1.404, -87.1202545166016
1.416, -86.9607772827148
1.428, -86.8703765869141
1.44, -86.8498001098633
1.452, -86.8527374267578
1.464, -86.9085922241211
1.476, -87.0364685058594
1.488, -87.2268218994141
1.5, -87.4686126708984
1.512, -87.7471542358398
1.524, -88.0492172241211
1.536, -88.364501953125
1.548, -88.6783218383789
1.56, -88.9796447753906
1.572, -89.2611236572266
1.584, -89.5161514282227
1.596, -89.7417755126953
1.608, -89.9328536987305
1.62, -90.0908660888672
1.632, -90.2172775268555
1.644, -90.3142852783203
1.656, -90.3870468139648
1.668, -90.4406967163086
1.68, -90.4825897216797
1.692, -90.5222778320313
1.704, -90.5663757324219
1.716, -90.6207580566406
1.728, -90.6891098022461
1.74, -90.7750930786133
1.752, -90.8801879882813
1.764, -91.00439453125
1.776, -91.14697265625
1.788, -91.3027801513672
1.8, -91.4593200683594
1.812, -91.5791168212891
1.824, -91.3828887939453
1.836, -90.7964096069336
1.848, -89.6425552368164
1.86, -87.8250579833984
1.872, -85.4166717529297
1.884, -82.5849609375
1.896, -79.5166015625
1.908, -76.4004745483398
1.92, -73.3306427001953
1.932, -70.4070663452148
1.944, -67.6804504394531
1.956, -65.1779937744141
1.968, -62.912181854248
1.98, -60.8800811767578
1.992, -59.0816917419434
2.004, -57.4839401245117
2.016, -56.0765380859375
2.028, -54.8403739929199
2.04, -53.7548713684082
2.052, -52.796516418457
2.064, -51.9469299316406
2.076, -51.1906776428223
2.088, -50.5057182312012
2.1, -49.8824920654297
2.112, -49.3099746704102
2.124, -48.7793502807617
2.136, -48.284740447998
2.148, -47.8224639892578
2.16, -47.385913848877
2.172, -46.9714088439941
2.184, -46.5782165527344
2.196, -46.2041358947754
2.208, -45.8484268188477
2.22, -45.5096206665039
2.232, -45.1884536743164
2.244, -44.8797798156738
2.256, -44.5850677490234
2.268, -44.3035888671875
2.28, -44.0353355407715
2.292, -43.7788429260254
2.304, -43.533374786377
2.316, -43.2996635437012
2.328, -43.0747756958008
2.34, -42.8587036132813
2.352, -42.6514511108398
2.364, -42.4530181884766
2.376, -42.2626686096191
2.388, -42.0818748474121
2.4, -41.9076957702637
2.412, -41.7416000366211
2.424, -41.5828552246094
2.436, -41.4336624145508
2.448, -41.2932891845703
2.46, -41.1624717712402
2.472, -41.0419387817383
2.484, -40.9317016601563
2.496, -40.8317489624023
2.508, -40.7420845031738
2.52, -40.6649169921875
2.532, -40.5995101928711
2.544, -40.5473289489746
2.556, -40.5091133117676
2.568, -40.4841232299805
2.58, -40.4745712280273
2.592, -40.4745712280273
2.604, -40.4797134399414
2.616, -40.4988212585449
2.628, -40.5311584472656
2.64, -40.5759887695313
2.652, -40.6311111450195
2.664, -40.6950492858887
2.676, -40.7656059265137
2.688, -40.8390960693359
2.7, -40.9140625
2.712, -40.9897613525391
2.724, -41.0625190734863
2.736, -41.1323394775391
2.748, -41.1970138549805
2.76, -41.2565422058105
2.772, -41.308723449707
2.784, -41.3542900085449
2.796, -41.3939743041992
2.808, -41.4292526245117
2.82, -41.4615898132324
2.832, -41.4939270019531
2.844, -41.5284690856934
2.856, -41.5688896179199
2.868, -41.6166610717773
2.88, -41.6761894226074
2.892, -41.7482147216797
2.904, -41.8327331542969
2.916, -41.930477142334
2.928, -42.0399856567383
2.94, -42.1590423583984
2.952, -42.2876586914063
2.964, -42.4236221313477
2.976, -42.5647277832031
2.988, -42.7109794616699
3.0, -42.861644744873
3.012, -43.0145111083984
3.024, -43.1695823669434
3.036, -43.3268585205078
3.048, -43.4833984375
3.06, -43.6406745910645
3.072, -43.7950134277344
3.084, -43.9464111328125
3.096, -44.0933952331543
3.108, -44.2352409362793
3.12, -44.3704681396484
3.132, -44.5005531311035
3.144, -44.624755859375
3.156, -44.746021270752
3.168, -44.8658142089844
3.18, -44.9870796203613
3.192, -45.1105499267578
3.204, -45.2384262084961
3.216, -45.3707160949707
3.228, -45.5096206665039
3.24, -45.6536674499512
3.252, -45.8035926818848
3.264, -45.9557266235352
3.276, -46.1115341186523
3.288, -46.265869140625
3.3, -46.4209403991699
3.312, -46.5752792358398
3.324, -46.7303504943848
3.336, -46.8854217529297
3.348, -47.0412254333496
3.36, -47.1970329284668
3.372, -47.3557815551758
3.384, -47.5181999206543
3.396, -47.6842956542969
3.408, -47.8533325195313
3.42, -48.0267753601074
3.432, -48.2031631469727
3.444, -48.3802833557129
3.456, -48.5603408813477
3.468, -48.742603302002
3.48, -48.9263381958008
3.492, -49.1108093261719
3.504, -49.296012878418
3.516, -49.4826850891113
3.528, -49.669361114502
3.54, -49.8589744567871
3.552, -50.0500564575195
3.564, -50.2426109313965
3.576, -50.438102722168
3.588, -50.635066986084
3.6, -50.8334999084473
3.612, -51.0334014892578
3.624, -51.2347755432129
3.636, -51.4346771240234
3.648, -51.6309051513672
3.66, -51.8219909667969
3.672, -52.0057220458984
3.684, -52.1799049377441
3.696, -52.3437957763672
3.708, -52.4937210083008
3.72, -52.6311531066895
3.732, -52.7531547546387
3.744, -52.8597183227539
3.756, -52.9508514404297
3.768, -53.028018951416
3.78, -53.0912246704102
3.792, -53.1389961242676
3.804, -53.1728019714355
3.816, -53.1926460266113
3.828, -53.1897048950195
3.84, -53.1683921813965
3.852, -53.1331176757813
3.864, -53.0860786437988
3.876, -53.0265502929688
3.888, -52.9582023620605
3.9, -52.880298614502
3.912, -52.7935752868652
3.924, -52.6987686157227
3.936, -52.5988159179688
3.948, -52.4922523498535
3.96, -52.380542755127
3.972, -52.2651557922363
3.984, -52.1460952758789
3.996, -52.024097442627
4.008, -51.9006271362305
4.02, -51.776424407959
4.032, -51.650749206543
4.044, -51.525074005127
4.056, -51.3971977233887
4.068, -51.2693176269531
4.08, -51.1399688720703
4.092, -51.008415222168
4.104, -50.8753890991211
4.116, -50.7408981323242
4.128, -50.6064033508301
4.14, -50.4719123840332
4.152, -50.3388862609863
4.164, -50.2080688476563
4.176, -50.0794563293457
4.188, -49.955249786377
4.2, -49.8347206115723
4.212, -49.7186012268066
4.224, -49.6090965270996
4.236, -49.5047340393066
4.248, -49.405517578125
4.26, -49.312915802002
4.272, -49.2261924743652
4.284, -49.1431465148926
4.296, -49.065242767334
4.308, -48.9924850463867
4.32, -48.922664642334
4.332, -48.8572540283203
4.344, -48.7955207824707
4.356, -48.7374610900879
4.368, -48.6823387145996
4.38, -48.6316299438477
4.392, -48.5845947265625
4.404, -48.5404968261719
4.416, -48.5008125305176
4.428, -48.4633293151855
4.44, -48.4295234680176
4.452, -48.3979187011719
4.464, -48.368522644043
4.476, -48.3413314819336
4.488, -48.314136505127
4.5, -48.2891502380371
4.512, -48.2648963928223
4.524, -48.2413787841797
4.536, -48.2193298339844
4.548, -48.1980171203613
4.56, -48.1789093017578
4.572, -48.1612701416016
4.584, -48.1458358764648
4.596, -48.1326065063477
4.608, -48.12158203125
4.62, -48.1127662658691
4.632, -48.1076202392578
4.644, -48.1054153442383
4.656, -48.1054153442383
4.668, -48.1076202392578
4.68, -48.1120300292969
4.692, -48.1201133728027
4.704, -48.1311378479004
4.716, -48.1458358764648
4.728, -48.1612701416016
4.74, -48.1789093017578
4.752, -48.1950759887695
4.764, -48.2105102539063
4.776, -48.2252082824707
4.788, -48.2369689941406
4.8, -48.247257232666
4.812, -48.2546081542969
4.824, -48.2612228393555
4.836, -48.2671012878418
4.848, -48.2729797363281
4.86, -48.2788619995117
4.872, -48.2862091064453
4.884, -48.2942924499512
4.896, -48.3053169250488
4.908, -48.318546295166
4.92, -48.334716796875
4.932, -48.352352142334
4.944, -48.3721961975098
4.956, -48.3935089111328
4.968, -48.4155578613281
4.98, -48.4376068115234
4.992, -48.4618606567383
5.004, -48.4861106872559
5.016, -48.5125694274902
5.028, -48.5397644042969
5.04, -48.5676918029785
5.052, -48.5970878601074
5.064, -48.6279563903809
5.076, -48.658088684082
5.088, -48.6882209777832
5.1, -48.7168807983398
5.112, -48.7433395385742
5.124, -48.7690620422363
5.136, -48.7918472290039
5.148, -48.8116874694824
5.16, -48.8307991027832
5.172, -48.8477020263672
5.184, -48.8638687133789
5.196, -48.8785667419434
5.208, -48.8932685852051
5.22, -48.9079666137695
5.232, -48.9234008789063
5.244, -48.9388313293457
5.256, -48.9535331726074
5.268, -48.9682312011719
5.28, -48.9843978881836
5.292, -48.9998321533203
5.304, -49.0145301818848
5.316, -49.0299644470215
5.328, -49.0446624755859
5.34, -49.0593643188477
5.352, -49.0740623474121
5.364, -49.0894966125488
5.376, -49.1056632995605
5.388, -49.1218338012695
5.4, -49.1380004882813
5.412, -49.1549034118652
5.424, -49.1725425720215
5.436, -49.1894454956055
5.448, -49.2041435241699
5.46, -49.2144355773926
5.472, -49.2012062072754
5.484, -49.1637229919434
5.496, -49.0953750610352
5.508, -48.9888076782227
5.52, -48.8374137878418
5.532, -48.637508392334
5.544, -48.389835357666
5.556, -48.0988006591797
5.568, -47.7717552185059
5.58, -47.4160461425781
5.592, -47.0426979064941
5.604, -46.6546516418457
5.616, -46.2636642456055
5.628, -45.8734130859375
5.64, -45.4890403747559
5.652, -45.1134872436523
5.664, -44.751163482666
5.676, -44.4006004333496
5.688, -44.0632629394531
5.7, -43.7406272888184
5.712, -43.432689666748
5.724, -43.1409187316895
5.736, -42.8638496398926
5.748, -42.605884552002
5.76, -42.3633575439453
5.772, -42.1384658813477
5.784, -41.9334182739258
5.796, -41.7474784851074
5.808, -41.5799140930176
5.82, -41.4299850463867
5.832, -41.2976989746094
5.844, -41.178638458252
5.856, -41.0728073120117
5.868, -40.9780006408691
5.88, -40.8949546813965
5.892, -40.821460723877
5.904, -40.7589912414551
5.916, -40.7068099975586
5.928, -40.6678581237793
5.94, -40.6406669616699
5.952, -40.6267013549805
5.964, -40.6252326965332
5.976, -40.6259651184082
5.988, -40.6377258300781
6.0, -40.6605072021484
6.012, -40.6913757324219
6.024, -40.7273864746094
6.036, -40.7648696899414
6.048, -40.8001480102539
6.06, -40.8280754089355
6.072, -40.8464469909668
6.084, -40.8361587524414
6.096, -40.805290222168
6.108, -40.7582550048828
6.12, -40.6950492858887
6.132, -40.6171455383301
6.144, -40.5289535522461
6.156, -40.4326782226563
6.168, -40.3327255249023
6.18, -40.2313041687012
6.192, -40.1328239440918
6.204, -40.0402221679688
6.216, -39.9549674987793
6.228, -39.8800048828125
6.24, -39.8160667419434
6.252, -39.7653541564941
6.264, -39.7271385192871
6.276, -39.7021522521973
6.288, -39.6874542236328
6.3, -39.6815719604492
6.312, -39.6808395385742
6.324, -39.6815719604492
6.336, -39.6852493286133
6.348, -39.6896591186523
6.36, -39.6896591186523
6.372, -39.6823081970215
6.384, -39.6705474853516
6.396, -39.6543807983398
6.408, -39.6330680847168
6.42, -39.6102828979492
6.432, -39.5860328674316
6.444, -39.5625114440918
6.456, -39.5389938354492
6.468, -39.5169486999512
6.48, -39.4971046447754
6.492, -39.4779968261719
6.504, -39.4610900878906
6.516, -39.4441871643066
6.528, -39.4294891357422
6.54, -39.41552734375
6.552, -39.4030303955078
6.564, -39.3927421569824
6.576, -39.3853950500488
6.588, -39.3802490234375
6.6, -39.3765754699707
6.612, -39.3751029968262
6.624, -39.3751029968262
6.636, -39.3758392333984
6.648, -39.3787803649902
6.66, -39.3839225769043
6.672, -39.3890686035156
6.684, -39.3956832885742
6.696, -39.4045028686523
6.708, -39.4147911071777
6.72, -39.4265518188477
6.732, -39.4419822692871
6.744, -39.4603576660156
6.756, -39.4824066162109
6.768, -39.508129119873
6.78, -39.537525177002
6.792, -39.5698623657227
6.804, -39.6058731079102
6.816, -39.6448249816895
6.828, -39.684513092041
6.84, -39.7249336242676
6.852, -39.7638854980469
6.864, -39.8006324768066
6.876, -39.8351745605469
6.888, -39.8660430908203
6.9, -39.8932342529297
6.912, -39.9167518615723
6.924, -39.936595916748
6.936, -39.953498840332
6.948, -39.9674644470215
6.96, -39.9806938171387
6.972, -39.9939193725586
6.984, -40.007884979248
6.996, -40.0233192443848
7.008, -40.041690826416
7.02, -40.0637397766113
7.032, -40.0901985168457
7.044, -40.1203308105469
7.056, -40.1556053161621
7.068, -40.1952934265137
7.08, -40.2357139587402
7.092, -40.2783432006836
7.104, -40.3202323913574
7.116, -40.359920501709
7.128, -40.3973999023438
7.14, -40.431209564209
7.152, -40.4606056213379
7.164, -40.4855918884277
7.176, -40.507640838623
7.188, -40.5274848937988
7.2, -40.5458564758301
7.212, -40.5634956359863
7.224, -40.5826034545898
7.236, -40.6031837463379
7.248, -40.6252326965332
7.26, -40.6487503051758
7.272, -40.6737365722656
7.284, -40.6994590759277
7.296, -40.7251815795898
7.308, -40.750171661377
7.32, -40.7744216918945
7.332, -40.7979431152344
7.344, -40.8199882507324
7.356, -40.8413009643555
7.368, -40.8618812561035
7.38, -40.8824577331543
7.392, -40.9030380249023
7.404, -40.9258193969727
7.416, -40.9515419006348
7.428, -40.9809417724609
7.44, -41.0176887512207
7.452, -41.0647239685059
7.464, -41.1264572143555
7.476, -41.2058296203613
7.488, -41.3072509765625
7.5, -41.4336624145508
7.512, -41.5857925415039
7.524, -41.7636489868164
7.536, -41.9664916992188
7.548, -42.1899108886719
7.56, -42.4265594482422
7.572, -42.6690902709961
7.584, -42.9116172790527
7.596, -43.1453285217285
7.608, -43.3672790527344
7.62, -43.5737953186035
7.632, -43.7634086608887
7.644, -43.9375915527344
7.656, -44.0985412597656
7.668, -44.2477340698242
7.68, -44.3859024047852
7.692, -44.519660949707
7.704, -44.6482734680176
7.716, -44.7746810913086
7.728, -44.8981513977051
7.74, -45.0208854675293
7.752, -45.141414642334
7.764, -45.2604751586914
7.776, -45.3795356750488
7.788, -45.4985961914063
7.8, -45.6161842346191
7.812, -45.7337760925293
7.824, -45.8506317138672
7.836, -45.9674835205078
7.848, -46.085807800293
7.86, -46.2048683166504
7.872, -46.3224601745605
7.884, -46.4407844543457
7.896, -46.5598449707031
7.908, -46.6781692504883
7.92, -46.7957572937012
7.932, -46.9140815734863
7.944, -47.0324096679688
7.956, -47.1507339477539
7.968, -47.2697906494141
7.98, -47.3873825073242
7.992, -47.5057067871094
8.004, -47.6240310668945
8.016, -47.743091583252
8.028, -47.8606796264648
8.04, -47.978271484375
8.052, -48.0951271057129
8.064, -48.2105102539063
8.076, -48.3236923217773
8.088, -48.4368705749512
8.1, -48.54931640625
8.112, -48.6610260009766
8.124, -48.7727394104004
8.136, -48.884449005127
8.148, -48.9968948364258
8.16, -49.1093368530273
8.172, -49.2232551574707
8.184, -49.3364334106445
8.196, -49.4496154785156
8.208, -49.5635299682617
8.22, -49.6781806945801
8.232, -49.7928276062012
8.244, -49.9074783325195
8.256, -50.0228652954102
8.268, -50.139720916748
8.28, -50.2573089599609
8.292, -50.3756332397461
8.304, -50.4939575195313
8.316, -50.6122817993164
8.328, -50.7306098937988
8.34, -50.848934173584
8.352, -50.9665222167969
8.364, -51.084114074707
8.376, -51.2002334594727
8.388, -51.3163528442383
8.4, -51.4310035705566
8.412, -51.54638671875
8.424, -51.6603050231934
8.436, -51.7749519348145
8.448, -51.8888702392578
8.46, -52.0013122558594
8.472, -52.1130256652832
8.484, -52.2247352600098
8.496, -52.3364448547363
8.508, -52.4481544494629
8.52, -52.5598640441895
8.532, -52.6715774536133
8.544, -52.7847557067871
8.556, -52.8979377746582
8.568, -53.0125846862793
8.58, -53.1287078857422
8.592, -53.2462959289551
8.604, -53.3646202087402
8.616, -53.4829444885254
8.628, -53.6020050048828
8.64, -53.720329284668
8.652, -53.8386535644531
8.664, -53.9569778442383
8.676, -54.0753059387207
8.688, -54.1943626403809
8.7, -54.3148956298828
8.712, -54.4368934631348
8.724, -54.5588912963867
8.736, -54.6816253662109
8.748, -54.8043632507324
8.76, -54.9278297424316
8.772, -55.0505638122559
8.784, -55.1732978820801
8.796, -55.294563293457
8.808, -55.415828704834
8.82, -55.5363578796387
8.832, -55.6561546325684
8.844, -55.7759475708008
8.856, -55.8957405090332
8.868, -56.0162734985352
8.88, -56.1360664367676
8.892, -56.2573318481445
8.904, -56.3778610229492
8.916, -56.4983901977539
8.928, -56.6174507141113
8.94, -56.7350387573242
8.952, -56.8504257202148
8.964, -56.9643402099609
8.976, -57.0767860412598
8.988, -57.1892318725586
9.0, -57.3002052307129
9.012, -57.4111824035645
9.024, -57.522891998291
9.036, -57.6338653564453
9.048, -57.7463111877441
9.06, -57.858757019043
9.072, -57.9712028503418
9.084, -58.0858535766602
9.096, -58.2019729614258
9.108, -58.3202972412109
9.12, -58.4393577575684
9.132, -58.5606231689453
9.144, -58.681884765625
9.156, -58.8038864135742
9.168, -58.9258842468262
9.18, -59.0449447631836
9.192, -59.1618003845215
9.204, -59.2757148742676
9.216, -59.3866920471191
9.228, -59.4947280883789
9.24, -59.6020278930664
9.252, -59.7078590393066
9.264, -59.8136901855469
9.276, -59.9202537536621
9.288, -60.0290260314941
9.3, -60.1399993896484
9.312, -60.2539138793945
9.324, -60.3693008422852
9.336, -60.4883613586426
9.348, -60.6096267700195
9.36, -60.7316246032715
9.372, -60.8572998046875
9.384, -60.9844436645508
9.396, -61.1123199462891
9.408, -61.2402000427246
9.42, -61.3688125610352
9.432, -61.4966926574707
9.444, -61.623836517334
9.456, -61.7509803771973
9.468, -61.8781242370605
9.48, -62.0052680969238
9.492, -62.1324119567871
9.504, -62.2617607116699
9.516, -62.391845703125
9.528, -62.5241355895996
9.54, -62.6578941345215
9.552, -62.7931213378906
9.564, -62.9298210144043
9.576, -63.0679893493652
9.588, -63.2061538696289
9.6, -63.3435897827148
9.612, -63.4817581176758
9.624, -63.6191902160645
9.636, -63.7558898925781
9.648, -63.890380859375
9.66, -64.0234069824219
9.672, -64.1527557373047
9.684, -64.280632019043
9.696, -64.4040985107422
9.708, -64.5261001586914
9.72, -64.6451644897461
9.732, -64.7642211914063
9.744, -64.8818130493164
9.756, -64.997932434082
9.768, -65.1140518188477
9.78, -65.2294387817383
9.792, -65.3426132202148
9.804, -65.4535903930664
9.816, -65.5623626708984
9.828, -65.6689300537109
9.84, -65.7718200683594
9.852, -65.8732376098633
9.864, -65.9746627807617
9.876, -66.0775527954102
9.888, -66.1804428100586
9.9, -66.2870101928711
9.912, -66.3957824707031
9.924, -66.5089569091797
9.936, -66.6243438720703
9.948, -66.744140625
9.96, -66.8668746948242
9.972, -66.991813659668
9.984, -67.1189575195313
9.996, -67.2461013793945
10.008, -67.3732452392578
10.02, -67.4989166259766
10.032, -67.6231231689453
10.044, -67.7443923950195
10.056, -67.8649215698242
10.068, -67.9854507446289
10.08, -68.1067123413086
10.092, -68.2316513061523
10.104, -68.3587951660156
10.116, -68.4881439208984
10.128, -68.6189651489258
10.14, -68.7490463256836
10.152, -68.8761901855469
10.164, -69.0003967285156
10.176, -69.1194534301758
10.188, -69.2341079711914
10.2, -69.3428726196289
10.212, -69.4465026855469
10.224, -69.5449829101563
10.236, -69.6375885009766
10.248, -69.7250442504883
10.26, -69.8066177368164
10.272, -69.8837890625
10.284, -69.9580154418945
10.296, -70.0300445556641
10.308, -70.1027984619141
10.32, -70.1748199462891
10.332, -70.2490539550781
10.344, -70.3254852294922
10.356, -70.4041213989258
10.368, -70.4857025146484
10.38, -70.5731582641602
10.392, -70.6664962768555
10.404, -70.7708587646484
10.416, -70.8891830444336
10.428, -71.0244140625
10.44, -71.1758041381836
10.452, -71.3426361083984
10.464, -71.5212249755859
10.476, -71.706428527832
10.488, -71.8945770263672
10.5, -72.0805130004883
10.512, -72.2598419189453
10.524, -72.4325485229492
10.536, -72.595703125
10.548, -72.7507781982422
10.56, -72.8970260620117
10.572, -73.0373992919922
10.584, -73.1704254150391
10.596, -73.2946319580078
10.608, -73.4100112915039
10.62, -73.5151138305664
10.632, -73.6069793701172
10.644, -73.6863479614258
10.656, -73.7517623901367
10.668, -73.8061447143555
10.68, -73.8509750366211
10.692, -73.8928680419922
10.704, -73.9347610473633
10.716, -73.984001159668
10.728, -74.0442657470703
10.74, -74.1184921264648
10.752, -74.203742980957
10.764, -74.2992858886719
10.776, -74.4021759033203
10.788, -74.5080108642578
10.8, -74.6160430908203
10.812, -74.7255477905273
10.824, -74.8350524902344
10.836, -74.9482345581055
10.848, -75.0650939941406
10.86, -75.1856231689453
10.872, -75.3098220825195
10.884, -75.4362335205078
10.896, -75.5648498535156
10.908, -75.6934585571289
10.92, -75.8228073120117
10.932, -75.9536285400391
10.944, -76.0873870849609
10.956, -76.2240829467773
10.968, -76.3659286499023
10.98, -76.5114440917969
10.992, -76.6606369018555
11.004, -76.8127670288086
11.016, -76.9671096801758
11.028, -77.124382019043
11.04, -77.2868041992188
11.052, -77.4595108032227
11.064, -77.6439819335938
11.076, -77.8446197509766
11.088, -78.0621643066406
11.1, -78.2951354980469
11.112, -78.5376663208008
11.124, -78.7838668823242
11.136, -79.0227279663086
11.148, -79.2439422607422
11.16, -79.4416351318359
11.172, -79.6106719970703
11.184, -79.7510452270508
11.196, -79.8701095581055
11.208, -79.9766693115234
11.22, -80.0802993774414
11.232, -80.1890716552734
11.244, -80.3081283569336
11.256, -80.4382095336914
11.268, -80.5771179199219
11.28, -80.7174911499023
11.292, -80.8512496948242
11.304, -80.9739837646484
11.316, -81.0820159912109
11.328, -81.1753540039063
11.34, -81.2569351196289
11.352, -81.3296890258789
11.364, -81.3973007202148
11.376, -81.4575653076172
11.388, -81.5082778930664
11.4, -81.5464935302734
11.412, -81.5685424804688
11.424, -81.5604629516602
11.436, -81.5354690551758
11.448, -81.5031356811523
11.46, -81.4707946777344
11.472, -81.443603515625
11.484, -81.4259643554688
11.496, -81.4237594604492
11.508, -81.4252319335938
11.52, -81.4413986206055
11.532, -81.4781494140625
11.544, -81.5354690551758
11.556, -81.6141128540039
11.568, -81.7155303955078
11.58, -81.8419418334961
11.592, -81.9940719604492
11.604, -82.1741333007813
11.616, -82.3828506469727
11.628, -82.6195068359375
11.64, -82.8745269775391
11.652, -83.1376342773438
11.664, -83.3933944702148
11.676, -83.6241607666016
11.688, -83.8152465820313
11.7, -83.9563522338867
11.712, -84.0430755615234
11.724, -84.0812911987305
11.736, -84.0607147216797
11.748, -84.0342559814453
11.76, -84.0136795043945
11.772, -84.0070648193359
11.784, -84.0070648193359
11.796, -84.0166168212891
11.808, -84.0416030883789
11.82, -84.0761489868164
11.832, -84.1128921508789
11.844, -84.1503753662109
11.856, -84.187126159668
11.868, -84.2275466918945
11.88, -84.2760467529297
11.892, -84.3399887084961
11.904, -84.4245071411133
11.916, -84.5325469970703
11.928, -84.6633605957031
11.94, -84.8110809326172
11.952, -84.9705657958984
11.964, -85.1366577148438
11.976, -85.3049621582031
11.988, -85.4747314453125
12.0, -85.6467056274414
12.012, -85.8245620727539
12.024, -86.009033203125
12.036, -86.1934967041016
12.048, -86.3720932006836
12.06, -86.5352478027344
12.072, -86.6763534545898
12.084, -86.7968826293945
12.096, -86.9071197509766
12.108, -87.0217742919922
12.12, -87.1570053100586
12.132, -87.331184387207
12.144, -87.5568084716797
12.156, -87.8390197753906
12.168, -88.1815032958984
12.18, -88.57763671875
12.192, -89.0185928344727
12.204, -89.4926300048828
12.216, -89.9894485473633
12.228, -90.5031661987305
12.24, -91.0242385864258
12.252, -91.5541305541992
12.264, -92.0803451538086
12.276, -92.5852432250977
12.288, -93.0342864990234
12.3, -93.3907318115234
12.312, -93.6163558959961
12.324, -93.6090087890625
12.336, -93.4010238647461
12.348, -93.1019058227539
12.36, -92.7535400390625
12.372, -92.4022445678711
12.384, -92.0876922607422
12.396, -91.8378143310547
12.408, -91.679069519043
12.42, -91.6246795654297
12.432, -91.6246795654297
12.444, -91.6827392578125
12.456, -91.8495712280273
12.468, -92.112678527832
12.48, -92.4478073120117
12.492, -92.8292388916016
12.504, -93.2194900512695
12.516, -93.5810852050781
12.528, -93.8779983520508
12.54, -94.0874557495117
12.552, -94.2006301879883
12.564, -94.1741790771484
12.576, -94.0837783813477
12.588, -93.9823608398438
12.6, -93.8985748291016
12.612, -93.8522720336914
12.624, -93.8471298217773
12.636, -93.8566818237305
12.648, -93.9154815673828
12.66, -94.0235137939453
12.672, -94.1631546020508
12.684, -94.3152847290039
12.696, -94.4563903808594
12.708, -94.5695724487305
12.72, -94.6423263549805
12.732, -94.6607055664063
12.744, -94.610725402832
12.756, -94.5262069702148
12.768, -94.4144973754883
12.78, -94.2836837768555
12.792, -94.143310546875
12.804, -94.0080795288086
12.816, -93.895637512207
12.828, -93.8228759765625
12.84, -93.8030319213867
12.852, -93.8045043945313
12.864, -93.8515396118164
12.876, -93.9698638916016
12.888, -94.1616821289063
12.9, -94.4255218505859
12.912, -94.7555084228516
12.924, -95.1464996337891
12.936, -95.5948104858398
12.948, -96.0989761352539
12.96, -96.6523818969727
12.972, -97.2594375610352
12.984, -97.9120635986328
12.996, -98.6029052734375
13.008, -99.318733215332
13.02, -100.039703369141
13.032, -100.737892150879
13.044, -101.390518188477
13.056, -101.960090637207
13.068, -102.408401489258
13.08, -102.692092895508
13.092, -102.620803833008
13.104, -102.259948730469
13.116, -101.725646972656
13.128, -101.081840515137
13.14, -100.402030944824
13.152, -99.7494049072266
13.164, -99.1754150390625
13.176, -98.7138748168945
13.188, -98.3853607177734
13.2, -98.1920700073242
13.212, -98.1200485229492
13.224, -98.1171112060547
13.236, -98.140625
13.248, -98.2119140625
13.26, -98.2912902832031
13.272, -98.3273010253906
13.284, -98.2604217529297
13.296, -98.1567993164063
13.308, -98.0421447753906
13.32, -97.9458694458008
13.332, -97.8944244384766
13.344, -97.891487121582
13.356, -97.9083862304688
13.368, -97.9951095581055
13.38, -98.1531219482422
13.392, -98.3684616088867
13.404, -98.6139297485352
13.416, -98.8571929931641
13.428, -99.0607681274414
13.44, -99.1952590942383
13.452, -99.1754150390625
13.464, -99.0012359619141
13.476, -98.7153472900391
13.488, -98.317008972168
13.5, -97.8113784790039
13.512, -97.1984405517578
13.524, -96.4928970336914
13.536, -95.7175445556641
13.548, -94.9024963378906
13.56, -94.0830459594727
13.572, -93.2929840087891
13.584, -92.5683364868164
13.596, -91.9289474487305
13.608, -91.3968505859375
13.62, -90.9823455810547
13.632, -90.6869049072266
13.644, -90.50537109375
13.656, -90.4237976074219
13.668, -90.4135055541992
13.68, -90.4208526611328
13.692, -90.466423034668
13.704, -90.5303573608398
13.716, -90.5803375244141
13.728, -90.537712097168
13.74, -90.4208526611328
13.752, -90.2422637939453
13.764, -90.0166397094727
13.776, -89.7616195678711
13.788, -89.4970397949219
13.8, -89.2420196533203
13.812, -89.0097732543945
13.824, -88.8113403320313
13.836, -88.649658203125
13.848, -88.5239868164063
13.86, -88.4306488037109
13.872, -88.3571548461914
13.884, -88.2910079956055
13.896, -88.2182464599609
13.908, -88.1234436035156
13.92, -87.9955673217773
13.932, -87.8294677734375
13.944, -87.6258926391602
13.956, -87.3892440795898
13.968, -87.1305465698242
13.98, -86.8637619018555
13.992, -86.5977172851563
14.004, -86.3463668823242
14.016, -86.119270324707
14.028, -85.9230422973633
14.04, -85.7650299072266
14.052, -85.6489105224609
14.064, -85.5798263549805
14.076, -85.5592498779297
14.088, -85.5599822998047
14.1, -85.5901184082031
14.112, -85.6702270507813
14.124, -85.7973709106445
14.136, -85.9634628295898
14.148, -86.1604309082031
14.16, -86.3794403076172
14.172, -86.6065368652344
14.184, -86.828483581543
14.196, -87.0327987670898
14.208, -87.2091827392578
14.22, -87.3480834960938
14.232, -87.4421539306641
14.244, -87.4833145141602
14.256, -87.4333343505859
14.268, -87.3458786010742
14.28, -87.2334365844727
14.292, -87.1077575683594
14.304, -86.9842910766602
14.316, -86.8718490600586
14.328, -86.7777709960938
14.34, -86.7013397216797
14.352, -86.6366653442383
14.364, -86.5764007568359
14.376, -86.5080490112305
14.388, -86.4213333129883
14.4, -86.3118209838867
14.412, -86.1824722290039
14.424, -86.042106628418
14.436, -85.905403137207
14.448, -85.7878112792969
14.46, -85.7018280029297
14.472, -85.6562576293945
14.484, -85.65185546875
14.496, -85.6584625244141
14.508, -85.7069702148438
14.52, -85.7929611206055
14.532, -85.903938293457
14.544, -86.0215225219727
14.556, -86.1258850097656
14.568, -86.2008514404297
14.58, -86.2302474975586
14.592, -86.1876220703125
14.604, -86.118537902832
14.616, -86.0376968383789
14.628, -85.9517059326172
14.64, -85.8671875
14.652, -85.7856063842773
14.664, -85.7033004760742
14.676, -85.6121673583984
14.688, -85.5055999755859
14.7, -85.3806610107422
14.712, -85.2366104125977
14.724, -85.0800704956055
14.736, -84.9191207885742
14.748, -84.7691955566406
14.76, -84.6442565917969
14.772, -84.5582656860352
14.784, -84.5215225219727
14.796, -84.5207824707031
14.808, -84.5420989990234
14.82, -84.621467590332
14.832, -84.7522888183594
14.844, -84.9147109985352
14.856, -85.0859527587891
14.868, -85.2358779907227
14.88, -85.3402404785156
14.892, -85.3681640625
14.904, -85.3078994750977
14.916, -85.224853515625
14.928, -85.1447448730469
14.94, -85.0940322875977
14.952, -85.0837478637695
14.964, -85.0859527587891
14.976, -85.1271057128906
14.988, -85.2123565673828
15.0, -85.329216003418
15.012, -85.4541549682617
15.024, -85.5629272460938
15.036, -85.6386260986328
15.048, -85.6724319458008
15.06, -85.6445007324219
15.072, -85.6026077270508
15.084, -85.5592498779297
15.096, -85.5210342407227
15.108, -85.4908981323242
15.12, -85.4659118652344
15.132, -85.4438629150391
15.144, -85.4218139648438
15.156, -85.401237487793
15.168, -85.3858032226563
15.18, -85.3821334838867
15.192, -85.3835983276367
15.204, -85.401969909668
15.216, -85.4482727050781
15.228, -85.5291137695313
15.24, -85.6459732055664
15.252, -85.7973709106445
15.264, -85.9781646728516
15.276, -86.1795349121094
15.288, -86.3941345214844
15.3, -86.6124114990234
15.312, -86.8292236328125
15.324, -87.042350769043
15.336, -87.2525405883789
15.348, -87.4597930908203
15.36, -87.6670455932617
15.372, -87.8728332519531
15.384, -88.0734710693359
15.396, -88.2623443603516
15.408, -88.4321136474609
15.42, -88.5746917724609
15.432, -88.6864013671875
15.444, -88.7643051147461
15.456, -88.8091354370117
15.468, -88.8098754882813
15.48, -88.7731246948242
15.492, -88.7165374755859
15.504, -88.649658203125
15.516, -88.57763671875
15.528, -88.5092849731445
15.54, -88.4497528076172
15.552, -88.4005126953125
15.564, -88.3600921630859
15.576, -88.3218765258789
15.588, -88.2777786254883
15.6, -88.22119140625
15.612, -88.1521072387695
15.624, -88.0719985961914
15.636, -87.9889526367188
15.648, -87.9161911010742
15.66, -87.864013671875
15.672, -87.8434295654297
15.684, -87.8434295654297
15.696, -87.8603363037109
15.708, -87.9161911010742
15.72, -88.0058517456055
15.732, -88.1227111816406
15.744, -88.2579345703125
15.756, -88.4063949584961
15.768, -88.5658721923828
15.78, -88.7363815307617
15.792, -88.9230575561523
15.804, -89.1310424804688
15.816, -89.3654861450195
15.828, -89.6293258666992
15.84, -89.9291839599609
15.852, -90.2621078491211
15.864, -90.6259002685547
15.876, -91.0154190063477
15.888, -91.4211044311523
15.9, -91.8326644897461
15.912, -92.2324752807617
15.924, -92.6058197021484
15.936, -92.9336013793945
15.948, -93.2011184692383
15.96, -93.4002838134766
15.972, -93.5325775146484
15.984, -93.611213684082
15.996, -93.6553115844727
16.008, -93.6898498535156
16.02, -93.7427673339844
16.032, -93.8375778198242
16.044, -93.9948501586914
16.056, -94.2204742431641
16.068, -94.50048828125
16.08, -94.8018112182617
16.092, -95.0575714111328
16.104, -95.181770324707
16.116, -95.0090637207031
16.128, -94.7092056274414
16.14, -94.3373336791992
16.152, -93.9316482543945
16.164, -93.5215530395508
16.176, -93.1166000366211
16.188, -92.7145919799805
