% Measurement ID: 3820
% Mode ID: S
% Date and time: 2020-12-05 09:45:16
% Sample ID: DP68-53
% Measurement type: ringdown
% Frequency [Hz]: 1216113.0
% Quality factor: 77628878.29103072
% Temperature [K]: 293.0
% Pressure [mBar]: 6.7e-09
% Notes: 
% Bad.
%
% measurement data
% time [s], power [dBm]
0.3, -103.183288574219
0.6, -101.642127990723
0.9, -99.7540740966797
1.2, -99.7099761962891
1.5, -100.70140838623
1.8, -99.7011566162109
2.1, -99.7121810913086
2.4, -100.004684448242
2.7, -99.9260482788086
3.0, -98.6031646728516
3.3, -96.7180480957031
3.6, -96.7261352539063
3.9, -96.384391784668
4.2, -96.6305923461914
4.5, -96.5240249633789
4.8, -96.2432861328125
5.1, -95.961067199707
5.4, -95.9904632568359
5.7, -96.6136932373047
6.0, -96.2837066650391
6.3, -95.5612640380859
6.6, -96.3711624145508
6.9, -96.2697372436523
7.2, -97.0936050415039
7.5, -98.0887069702148
7.8, -97.6955184936523
8.1, -98.6501998901367
8.4, -98.1879272460938
8.7, -97.2648468017578
9.0, -97.1516647338867
9.3, -98.0409393310547
9.6, -97.9652404785156
9.9, -98.7692565917969
10.2, -99.1587753295898
10.5, -99.5754852294922
10.8, -98.4348602294922
11.1, -98.4025268554688
11.4, -97.5441207885742
11.7, -97.1847381591797
12.0, -97.206787109375
12.3, -97.0436248779297
12.6, -98.4841003417969
12.9, -98.1034088134766
13.2, -97.5426483154297
13.5, -97.1935577392578
13.8, -96.6504364013672
14.1, -96.6276550292969
14.4, -96.6489639282227
14.7, -96.8385848999023
15.0, -96.4968338012695
15.3, -96.4931640625
15.6, -96.3079605102539
15.9, -97.5948333740234
16.2, -99.0852813720703
16.5, -99.70556640625
16.8, -97.8667602539063
17.1, -99.1903762817383
17.4, -99.4939041137695
17.7, -100.144325256348
18.0, -100.902778625488
18.3, -99.7312927246094
18.6, -99.7018966674805
18.9, -100.702140808105
19.2, -101.112968444824
19.5, -101.112968444824
19.8, -101.980934143066
20.1, -101.573043823242
20.4, -101.329040527344
20.7, -102.152168273926
21.0, -101.692100524902
21.3, -101.598030090332
21.6, -102.530662536621
21.9, -101.785438537598
22.2, -103.739631652832
22.5, -104.183540344238
22.8, -103.595588684082
23.1, -102.363098144531
23.4, -102.693817138672
23.7, -101.612731933594
24.0, -102.314590454102
24.3, -102.249183654785
24.6, -102.615913391113
24.9, -104.571586608887
25.2, -105.944442749023
25.5, -103.171531677246
25.8, -104.657569885254
26.1, -105.793045043945
26.4, -104.044631958008
26.7, -103.475059509277
27.0, -103.371429443359
27.3, -104.648750305176
27.6, -104.051246643066
27.9, -103.965995788574
28.2, -104.204116821289
28.5, -103.74845123291
28.8, -100.651428222656
29.1, -101.087249755859
29.4, -100.627182006836
29.7, -100.409637451172
30.0, -99.4454040527344
30.3, -99.8216857910156
30.6, -62.0587577819824
30.9, -62.2013320922852
31.2, -62.3453826904297
31.5, -62.4548873901367
31.8, -62.6077537536621
32.1, -62.7319564819336
32.4, -62.8473434448242
32.7, -62.9744873046875
33.0, -63.1486663818359
33.3, -63.3052101135254
33.6, -63.405158996582
33.9, -63.5462684631348
34.2, -63.6469535827637
34.5, -63.7395553588867
34.8, -63.8299522399902
35.1, -63.9526863098145
35.4, -64.0842437744141
35.7, -64.1797866821289
36.0, -64.2260818481445
36.3, -64.3561706542969
36.6, -64.4766998291016
36.9, -64.5979614257813
37.2, -64.7471542358398
37.5, -64.9330902099609
37.8, -64.9823303222656
38.1, -65.0771408081055
38.4, -65.1991424560547
38.7, -65.3123168945313
39.0, -65.3828735351563
39.3, -65.5497055053711
39.6, -65.6849365234375
39.9, -65.8826293945313
40.2, -65.9943389892578
40.5, -66.0935592651367
40.8, -66.220703125
41.1, -66.3654861450195
41.4, -66.5029144287109
41.7, -66.5536270141602
42.0, -66.6910629272461
42.3, -66.8556900024414
42.6, -66.9784240722656
42.9, -67.1401062011719
43.2, -67.2731323242188
43.5, -67.43408203125
43.8, -67.6663208007813
44.1, -67.7287902832031
44.4, -67.895622253418
44.7, -67.9882202148438
45.0, -68.0088043212891
45.3, -68.1432952880859
45.6, -68.2314910888672
45.9, -68.2946929931641
46.2, -68.3792114257813
46.5, -68.4960632324219
46.8, -68.6599578857422
47.1, -68.823844909668
47.4, -69.0186080932617
47.7, -69.2390823364258
48.0, -69.4022445678711
48.3, -69.6256637573242
48.6, -69.7697067260742
48.9, -69.9306640625
49.2, -70.0438385009766
49.5, -70.2121429443359
49.8, -70.2297821044922
50.1, -70.4201278686523
50.4, -70.5325775146484
50.7, -70.8147888183594
51.0, -70.9066543579102
51.3, -71.0154266357422
51.6, -71.1932830810547
51.9, -71.2770614624023
52.2, -71.4130249023438
52.5, -71.4247894287109
52.8, -71.6011734008789
53.1, -71.6937713623047
53.4, -71.753303527832
53.7, -71.9340972900391
54.0, -72.0752029418945
54.3, -72.072265625
54.6, -72.1148910522461
54.9, -72.1722183227539
55.2, -72.3294906616211
55.5, -72.4066619873047
55.8, -72.4419403076172
56.1, -72.4492874145508
56.4, -72.5984802246094
56.7, -72.7454681396484
57.0, -72.9130325317383
57.3, -73.0622253417969
57.6, -73.1827545166016
57.9, -73.3745727539063
58.2, -73.5465469360352
58.5, -73.6891250610352
58.8, -73.7956924438477
59.1, -73.9948577880859
59.4, -74.0124969482422
59.7, -74.0992202758789
60.0, -74.28369140625
60.3, -74.3968734741211
60.6, -74.6548309326172
60.9, -74.8848648071289
61.2, -74.9657135009766
61.5, -75.1531219482422
61.8, -75.2773208618164
62.1, -75.3853607177734
62.4, -75.4382781982422
62.7, -75.4926605224609
63.0, -75.5779113769531
63.3, -75.5786514282227
63.6, -75.749153137207
63.9, -75.9343566894531
64.2, -75.9909439086914
64.5, -76.0725250244141
64.8, -75.9887390136719
65.1, -76.2158355712891
65.4, -76.2305374145508
65.7, -76.2981491088867
66.0, -76.4973220825195
66.3, -76.6031494140625
66.6, -76.6303405761719
66.9, -76.8971252441406
67.2, -77.0044250488281
67.5, -77.0470504760742
67.8, -77.3432312011719
68.1, -77.4027633666992
68.4, -77.5651779174805
68.7, -77.6666030883789
69.0, -77.7489166259766
69.3, -77.8532791137695
69.6, -77.8826751708984
69.9, -77.8540115356445
70.2, -78.2964401245117
70.5, -78.2207412719727
70.8, -78.352294921875
71.1, -78.4875259399414
71.4, -78.8035507202148
71.7, -79.0005111694336
72.0, -79.1188354492188
72.3, -79.2856674194336
72.6, -79.2555389404297
72.9, -79.5384826660156
73.2, -79.9147720336914
73.5, -79.9625473022461
73.8, -80.4086532592773
74.1, -80.9848403930664
74.4, -81.0010070800781
74.7, -81.315559387207
75.0, -82.1085586547852
75.3, -82.4576568603516
75.6, -82.91845703125
75.9, -83.3807373046875
76.2, -83.7195434570313
76.5, -84.1913681030273
76.8, -84.4294891357422
77.1, -84.2332611083984
77.4, -84.5007781982422
77.7, -84.1737289428711
78.0, -83.950309753418
78.3, -84.1017074584961
78.6, -84.8050384521484
78.9, -85.9713821411133
79.2, -86.096321105957
79.5, -86.8121490478516
79.8, -86.7129364013672
80.1, -86.8827056884766
80.4, -87.0002975463867
80.7, -86.2521286010742
81.0, -86.4042663574219
81.3, -86.305778503418
81.6, -86.0661926269531
81.9, -86.3579635620117
82.2, -86.6769256591797
82.5, -86.4174957275391
82.8, -86.8106842041016
83.1, -86.2146530151367
83.4, -86.7790832519531
83.7, -87.0091171264648
84.0, -87.3721771240234
84.3, -87.6940765380859
84.6, -87.1730041503906
84.9, -87.4397888183594
85.2, -86.9767761230469
85.5, -86.7467422485352
85.8, -86.7570343017578
86.1, -87.1487503051758
86.4, -87.8719329833984
86.7, -87.5015258789063
87.0, -87.5088729858398
87.3, -86.7173461914063
87.6, -87.5367965698242
87.9, -86.5247955322266
88.2, -86.5490417480469
88.5, -86.8319931030273
88.8, -87.7837371826172
89.1, -88.2136764526367
89.4, -87.8631134033203
89.7, -88.2989273071289
90.0, -88.3907928466797
90.3, -89.4616012573242
90.6, -89.1661529541016
90.9, -88.9566955566406
91.2, -88.9846267700195
91.5, -88.2070617675781
91.8, -88.3878555297852
92.1, -88.2570343017578
92.4, -88.0865325927734
92.7, -88.1519393920898
93.0, -88.1254806518555
93.3, -88.5730590820313
93.6, -89.2969741821289
93.9, -89.5762481689453
94.2, -89.4696807861328
94.5, -89.3704681396484
94.8, -91.337158203125
95.1, -91.0931549072266
95.4, -90.947639465332
95.7, -90.6690979003906
96.0, -90.8153533935547
96.3, -90.6213302612305
96.6, -91.5569000244141
96.9, -91.5517578125
97.2, -90.8219680786133
97.5, -91.3790512084961
97.8, -91.0490646362305
98.1, -90.9197158813477
98.4, -90.5566558837891
98.7, -90.7073135375977
99.0, -90.6316146850586
99.3, -89.6423950195313
99.6, -89.6210784912109
99.9, -89.5586090087891
100.2, -89.871696472168
100.5, -89.9738464355469
100.8, -89.7776184082031
101.1, -89.7930526733398
101.4, -90.4993286132813
101.7, -90.8168182373047
102.0, -89.872428894043
102.3, -89.8650817871094
102.6, -89.4917297363281
102.9, -90.1928634643555
103.2, -91.7391662597656
103.5, -90.7168731689453
103.8, -90.3685073852539
104.1, -90.3670425415039
104.4, -91.1784133911133
104.7, -91.0475921630859
105.0, -90.5008010864258
105.3, -91.1350479125977
105.6, -91.7016830444336
105.9, -92.1874771118164
106.2, -93.1561279296875
106.5, -93.6617584228516
106.8, -93.6294250488281
107.1, -92.9848861694336
107.4, -93.3148727416992
107.7, -93.4207000732422
108.0, -93.1678848266602
108.3, -91.5473480224609
108.6, -91.0586166381836
108.9, -91.1210861206055
109.2, -90.9601364135742
109.5, -90.6896743774414
109.8, -90.9373550415039
110.1, -91.1717987060547
110.4, -91.1791458129883
110.7, -91.4620971679688
111.0, -91.6032028198242
111.3, -91.7112426757813
111.6, -93.7844924926758
111.9, -94.5209045410156
112.2, -94.9133605957031
112.5, -95.4799957275391
112.8, -94.3452529907227
113.1, -94.1718063354492
113.4, -93.6352996826172
113.7, -92.0875244140625
114.0, -91.9133453369141
114.3, -90.8785552978516
114.6, -91.3018798828125
114.9, -90.9064865112305
115.2, -90.0128021240234
115.5, -89.8540573120117
115.8, -89.944450378418
116.1, -90.1024627685547
116.4, -89.942985534668
116.7, -89.9635620117188
117.0, -90.6029586791992
117.3, -91.7406387329102
117.6, -91.6480331420898
117.9, -91.3143768310547
118.2, -90.7381820678711
118.5, -90.4199523925781
118.8, -90.4067306518555
119.1, -89.9804611206055
119.4, -89.1845245361328
119.7, -88.377571105957
120.0, -88.5429306030273
120.3, -89.2242126464844
120.6, -88.950080871582
120.9, -88.5517501831055
121.2, -88.5730590820313
121.5, -88.8663024902344
121.8, -88.7406234741211
122.1, -89.9672317504883
122.4, -90.1134872436523
122.7, -90.0370559692383
123.0, -89.6350402832031
123.3, -89.7658615112305
123.6, -90.3685073852539
123.9, -90.6000137329102
124.2, -89.9348983764648
124.5, -89.3520965576172
124.8, -89.6490097045898
125.1, -90.1156921386719
125.4, -90.4258346557617
125.7, -90.2692947387695
126.0, -90.2244644165039
126.3, -90.0216217041016
126.6, -89.6100540161133
126.9, -89.3939819335938
127.2, -88.7810440063477
127.5, -88.1071090698242
127.8, -88.0424346923828
128.1, -88.2710037231445
128.4, -87.8542938232422
128.7, -87.8116683959961
129.0, -87.878547668457
129.3, -88.5583648681641
129.6, -88.9295043945313
129.9, -89.6262283325195
130.2, -90.1921234130859
130.5, -90.4383316040039
130.8, -90.377326965332
131.1, -90.5368118286133
131.4, -90.8300476074219
131.7, -91.1188812255859
132.0, -91.836181640625
132.3, -91.2739486694336
132.6, -90.8403396606445
132.9, -89.9885482788086
133.2, -89.8569946289063
133.5, -89.8937454223633
133.8, -89.5644912719727
134.1, -89.2741928100586
134.4, -89.0720825195313
134.7, -89.3337173461914
135.0, -88.5789413452148
135.3, -88.7134323120117
135.6, -88.4797210693359
135.9, -88.9544906616211
136.2, -88.5796737670898
136.5, -89.5431747436523
136.8, -89.4351425170898
137.1, -88.3158340454102
137.4, -87.7418441772461
137.7, -87.2575225830078
138.0, -87.1752090454102
138.3, -87.9939270019531
138.6, -88.736213684082
138.9, -88.5804138183594
139.2, -89.3991317749023
139.5, -88.7185745239258
139.8, -88.7200469970703
140.1, -89.2396469116211
140.4, -89.19775390625
140.7, -89.5078964233398
141.0, -90.195068359375
141.3, -89.8540573120117
141.6, -90.7558212280273
141.9, -90.6205902099609
142.2, -91.803108215332
142.5, -91.2504348754883
142.8, -91.1967849731445
143.1, -90.733039855957
143.4, -91.1306381225586
143.7, -91.156364440918
144.0, -90.4258346557617
144.3, -90.5397491455078
144.6, -90.6220626831055
144.9, -91.5826263427734
145.2, -91.4951705932617
145.5, -91.8663101196289
145.8, -91.5282440185547
146.1, -91.4371109008789
146.4, -90.8572463989258
146.7, -90.5125579833984
147.0, -90.9895324707031
147.3, -90.8587112426758
147.6, -91.0637588500977
147.9, -91.6142272949219
148.2, -90.8925170898438
148.5, -91.304817199707
148.8, -90.9851226806641
149.1, -90.9616012573242
149.4, -91.1277008056641
149.7, -91.5252990722656
150.0, -92.0294647216797
150.3, -91.337158203125
150.6, -91.2423477172852
150.9, -91.2151565551758
151.2, -91.6090850830078
151.5, -91.5620498657227
151.8, -92.4204559326172
152.1, -92.7026672363281
152.4, -94.3768539428711
152.7, -94.9346694946289
153.0, -94.049072265625
153.3, -93.9256057739258
153.6, -93.3670501708984
153.9, -93.8116912841797
154.2, -93.2766571044922
154.5, -93.3148727416992
154.8, -93.1127624511719
155.1, -92.9466705322266
155.4, -94.440055847168
155.7, -93.2178573608398
156.0, -94.9015960693359
156.3, -93.5640182495117
156.6, -93.3641128540039
156.9, -92.4042816162109
157.2, -91.7207946777344
157.5, -90.9623413085938
157.8, -90.5118255615234
158.1, -90.8454818725586
158.4, -90.9821853637695
158.7, -90.3075103759766
159.0, -91.1005096435547
159.3, -90.229606628418
159.6, -90.4206924438477
159.9, -90.7565536499023
160.2, -90.6507263183594
160.5, -90.9792404174805
160.8, -91.4532775878906
161.1, -92.2462768554688
161.4, -91.6179046630859
161.7, -91.622314453125
162.0, -91.5473480224609
162.3, -91.0960998535156
162.6, -91.6862487792969
162.9, -92.4395599365234
163.2, -92.3241729736328
163.5, -94.2541198730469
163.8, -93.8616638183594
164.1, -95.0588760375977
164.4, -94.3864059448242
164.7, -94.4003753662109
165.0, -95.7210540771484
165.3, -96.4721603393555
165.6, -98.045654296875
165.9, -98.9973983764648
166.2, -98.0669708251953
166.5, -97.8494262695313
166.8, -100.030723571777
167.1, -98.8371810913086
167.4, -98.9518356323242
167.7, -97.9875946044922
168.0, -99.3104858398438
168.3, -97.6759872436523
168.6, -97.5966110229492
168.9, -99.2502212524414
169.2, -102.143661499023
169.5, -102.725730895996
169.8, -102.447929382324
170.1, -102.376640319824
170.4, -100.698043823242
170.7, -101.147087097168
171.0, -102.987373352051
171.3, -103.237983703613
171.6, -105.228927612305
171.9, -103.611328125
172.2, -104.44401550293
172.5, -103.267379760742
172.8, -102.54052734375
173.1, -104.791641235352
173.4, -110.807098388672
173.7, -109.460693359375
174.0, -105.361213684082
174.3, -123.219436645508
174.6, -108.549369812012
174.9, -109.838447570801
175.2, -103.061599731445
175.5, -101.245567321777
175.8, -101.529991149902
176.1, -97.9214553833008
176.4, -97.3254165649414
176.7, -96.7999420166016
177.0, -97.7061157226563
177.3, -96.9638290405273
177.6, -97.2070922851563
177.9, -96.7734832763672
178.2, -97.154914855957
178.5, -95.1117935180664
178.8, -95.1970443725586
179.1, -94.8641204833984
179.4, -94.5267791748047
179.7, -94.2842559814453
180.0, -94.763427734375
180.3, -95.3888626098633
180.6, -94.8802871704102
180.9, -94.4951782226563
181.2, -94.54736328125
181.5, -95.2029266357422
181.8, -95.4035568237305
182.1, -96.9895553588867
182.4, -99.296516418457
182.7, -101.918037414551
183.0, -101.890846252441
183.3, -101.895988464355
183.6, -104.313194274902
183.9, -102.676490783691
184.2, -104.399185180664
184.5, -105.544952392578
184.8, -103.831809997559
185.1, -105.290664672852
185.4, -103.868560791016
185.7, -105.673561096191
186.0, -105.526573181152
186.3, -106.51432800293
186.6, -103.648078918457
186.9, -102.579483032227
187.2, -102.61181640625
187.5, -101.836456298828
187.8, -104.304374694824
188.1, -104.571159362793
188.4, -104.511627197266
188.7, -101.416809082031
189.0, -100.853851318359
189.3, -100.024841308594
189.6, -99.577262878418
189.9, -99.6698684692383
190.2, -98.0316925048828
190.5, -98.4741287231445
190.8, -97.3151321411133
191.1, -95.6850433349609
191.4, -96.0319290161133
191.7, -95.296257019043
192.0, -94.5378036499023
192.3, -93.0142822265625
192.6, -92.4990921020508
192.9, -93.0796890258789
193.2, -93.8704833984375
193.5, -94.4701919555664
193.8, -94.4209518432617
194.1, -94.1188888549805
194.4, -93.7455444335938
194.7, -93.9226608276367
195.0, -93.8793029785156
195.3, -94.4466705322266
195.6, -93.3325119018555
195.9, -92.8547973632813
196.2, -92.6005096435547
196.5, -92.9246215820313
196.8, -91.6943359375
197.1, -91.7215270996094
197.4, -91.5392608642578
197.7, -91.655387878418
198.0, -91.6693496704102
198.3, -92.1257400512695
198.6, -92.9892959594727
198.9, -92.9922332763672
199.2, -93.2193298339844
199.5, -94.19091796875
199.8, -95.4586791992188
200.1, -94.5694046020508
200.4, -95.7533874511719
200.7, -95.7350158691406
201.0, -97.5811767578125
201.3, -97.0160140991211
201.6, -98.6519775390625
201.9, -99.1502685546875
202.2, -99.1370391845703
202.5, -99.3171005249023
202.8, -99.0855941772461
203.1, -99.0613403320313
203.4, -99.290641784668
203.7, -97.9765701293945
204.0, -95.4116439819336
204.3, -95.5299682617188
204.6, -93.6845474243164
204.9, -93.0422134399414
205.2, -93.7242279052734
205.5, -92.6152114868164
205.8, -92.0691528320313
206.1, -92.7769012451172
206.4, -92.0941390991211
206.7, -92.1389694213867
207.0, -91.8824768066406
207.3, -92.2933120727539
207.6, -91.8663101196289
207.9, -91.7862014770508
208.2, -91.7869415283203
208.5, -92.3307876586914
208.8, -92.0426940917969
209.1, -91.8133926391602
209.4, -91.7310791015625
209.7, -92.3939971923828
210.0, -92.5931625366211
210.3, -91.871452331543
210.6, -91.4157943725586
210.9, -91.6274566650391
211.2, -91.0483245849609
211.5, -90.8616561889648
211.8, -90.4750747680664
212.1, -90.7756652832031
212.4, -91.1519546508789
212.7, -91.2247085571289
213.0, -91.9148178100586
213.3, -92.3241729736328
213.6, -92.3660659790039
213.9, -93.1517181396484
214.2, -93.6161956787109
214.5, -94.1424102783203
214.8, -94.2938079833984
215.1, -95.0721054077148
215.4, -94.1152191162109
215.7, -95.1470642089844
216.0, -94.8236923217773
216.3, -94.7266845703125
216.6, -94.0777359008789
216.9, -93.9880752563477
217.2, -94.2563247680664
217.5, -94.0997848510742
217.8, -94.5745544433594
218.1, -94.9207077026367
218.4, -95.1441268920898
218.7, -95.6865081787109
219.0, -97.2151794433594
219.3, -97.3445281982422
219.6, -96.0561828613281
219.9, -97.9104309082031
220.2, -99.328125
220.5, -99.6162185668945
220.8, -100.933219909668
221.1, -99.8455200195313
221.4, -99.97119140625
221.7, -99.5691833496094
222.0, -100.010879516602
222.3, -100.094657897949
222.6, -100.417297363281
222.9, -97.5642776489258
223.2, -96.5493240356445
223.5, -95.8239440917969
223.8, -95.7761764526367
224.1, -96.2340393066406
224.4, -96.8557968139648
224.7, -97.1211090087891
225.0, -96.7110137939453
225.3, -97.579704284668
225.6, -97.5723571777344
225.9, -96.9682388305664
226.2, -97.3158645629883
226.5, -97.5752944946289
226.8, -98.1323776245117
227.1, -100.179176330566
227.4, -100.464332580566
227.7, -99.2722702026367
228.0, -99.2553634643555
228.3, -99.4016189575195
228.6, -100.437141418457
228.9, -99.1465911865234
229.2, -98.9290542602539
229.5, -98.2235107421875
229.8, -97.3195419311523
230.1, -96.8432998657227
230.4, -96.2075805664063
230.7, -95.8305587768555
231.0, -95.798957824707
231.3, -96.6926422119141
231.6, -96.3876419067383
231.9, -97.0674591064453
232.2, -97.8479614257813
232.5, -97.9435043334961
232.8, -98.5005798339844
233.1, -100.883247375488
233.4, -101.527786254883
233.7, -100.487113952637
234.0, -100.127731323242
234.3, -98.5035247802734
234.6, -98.4836807250977
234.9, -98.6894607543945
235.2, -99.5985794067383
235.5, -100.535621643066
235.8, -99.0650177001953
236.1, -101.057426452637
236.4, -102.870513916016
236.7, -102.809516906738
237.0, -102.614761352539
237.3, -101.599807739258
237.6, -102.888885498047
237.9, -104.355087280273
238.2, -102.099563598633
238.5, -99.5588912963867
238.8, -100.11597442627
239.1, -101.49250793457
239.4, -101.432243347168
239.7, -99.2031860351563
240.0, -99.6926498413086
240.3, -102.478797912598
240.6, -103.283546447754
240.9, -103.764198303223
241.2, -102.73161315918
241.5, -103.17992401123
241.8, -102.678695678711
242.1, -103.172576904297
242.4, -101.163993835449
242.7, -99.7308654785156
243.0, -101.385940551758
243.3, -99.9425277709961
243.6, -99.1759872436523
243.9, -98.8504104614258
244.2, -98.8739318847656
244.5, -99.0584030151367
244.8, -98.8974456787109
245.1, -99.0635452270508
245.4, -98.6769714355469
245.7, -97.6451187133789
246.0, -98.6916656494141
246.3, -99.3075408935547
246.6, -102.264190673828
246.9, -102.916816711426
247.2, -101.684326171875
247.5, -99.9359130859375
247.8, -100.556198120117
248.1, -101.583641052246
248.4, -101.636558532715
248.7, -103.168899536133
249.0, -103.693641662598
249.3, -101.89892578125
249.6, -100.140960693359
249.9, -100.444488525391
250.2, -100.321754455566
250.5, -99.1789321899414
250.8, -99.1781921386719
251.1, -98.2301254272461
251.4, -99.9726638793945
251.7, -100.384223937988
252.0, -99.8859405517578
252.3, -101.722541809082
252.6, -101.480018615723
252.9, -102.447189331055
253.2, -102.543472290039
253.5, -102.387664794922
253.8, -101.363899230957
254.1, -100.464332580566
254.4, -100.705390930176
254.7, -98.4123916625977
255.0, -97.6370315551758
255.3, -98.9540405273438
255.6, -99.5978469848633
255.9, -99.6198883056641
256.2, -99.7036743164063
256.5, -99.8815307617188
256.8, -98.5601119995117
257.1, -98.7107772827148
257.4, -98.7100372314453
257.7, -98.0522689819336
258.0, -98.2007293701172
258.3, -98.68798828125
258.6, -98.0868148803711
258.9, -98.1132736206055
259.2, -98.0368347167969
259.5, -96.3780899047852
259.8, -96.3839645385742
260.1, -96.369270324707
260.4, -96.4163055419922
260.7, -95.6019897460938
261.0, -96.2509460449219
261.3, -97.5289993286133
261.6, -97.3812713623047
261.9, -96.9770584106445
262.2, -97.7046432495117
262.5, -97.6326217651367
262.8, -97.7649078369141
263.1, -99.2487487792969
263.4, -99.8756484985352
263.7, -99.8322906494141
264.0, -99.6544342041016
264.3, -101.417549133301
264.6, -102.049591064453
264.9, -102.505989074707
265.2, -103.545188903809
265.5, -104.078750610352
265.8, -103.440826416016
266.1, -103.961898803711
266.4, -103.142440795898
266.7, -100.097602844238
267.0, -100.996429443359
267.3, -101.387413024902
267.6, -101.213966369629
267.9, -99.9520797729492
268.2, -99.4111709594727
268.5, -99.7933349609375
268.8, -98.9834365844727
269.1, -100.079223632813
269.4, -100.714950561523
269.7, -98.1441421508789
270.0, -98.3043518066406
270.3, -101.005981445313
270.6, -99.4787826538086
270.9, -100.128463745117
271.2, -99.9263610839844
271.5, -100.330574035645
271.8, -101.156646728516
272.1, -99.7279281616211
272.4, -99.9586944580078
272.7, -99.0855941772461
273.0, -98.3903427124023
273.3, -99.081916809082
273.6, -98.7482604980469
273.9, -99.4449768066406
274.2, -98.4807434082031
274.5, -99.8043594360352
274.8, -98.4300308227539
275.1, -98.0632934570313
275.4, -99.6639862060547
275.7, -101.091232299805
276.0, -101.229400634766
276.3, -103.473159790039
276.6, -104.691688537598
276.9, -100.845764160156
277.2, -104.044944763184
277.5, -102.730140686035
277.8, -102.172325134277
278.1, -100.08878326416
278.4, -100.169624328613
278.7, -100.906028747559
279.0, -100.982460021973
279.3, -102.27889251709
279.6, -100.677467346191
279.9, -101.173545837402
280.2, -100.570167541504
280.5, -102.77717590332
280.8, -104.11255645752
281.1, -103.992767333984
281.4, -104.288940429688
281.7, -103.520935058594
282.0, -102.843322753906
282.3, -102.162773132324
282.6, -101.887908935547
282.9, -102.957969665527
283.2, -103.926620483398
283.5, -103.58854675293
283.8, -100.75537109375
284.1, -100.413619995117
284.4, -100.523124694824
284.7, -101.718132019043
285.0, -102.021667480469
285.3, -103.58854675293
285.6, -106.828880310059
285.9, -106.993507385254
286.2, -110.910720825195
286.5, -108.666961669922
286.8, -105.704429626465
287.1, -116.305152893066
287.4, -104.246315002441
287.7, -105.94255065918
288.0, -103.556945800781
288.3, -102.978553771973
288.6, -102.289184570313
288.9, -112.497451782227
289.2, -101.384475708008
289.5, -101.482223510742
289.8, -101.764434814453
290.1, -100.595886230469
290.4, -100.287216186523
290.7, -100.212249755859
291.0, -100.913375854492
291.3, -100.726707458496
291.6, -101.879089355469
291.9, -102.912406921387
292.2, -102.985168457031
292.5, -101.744590759277
292.8, -102.309020996094
293.1, -101.205146789551
293.4, -102.636070251465
293.7, -102.63313293457
294.0, -103.092468261719
294.3, -103.030731201172
294.6, -102.908729553223
294.9, -103.639259338379
295.2, -102.409713745117
295.5, -102.151748657227
295.8, -102.164237976074
296.1, -118.037399291992
296.4, -106.919281005859
296.7, -129.099670410156
297.0, -108.173820495605
297.3, -124.701805114746
297.6, -111.469276428223
297.9, -121.571708679199
298.2, -109.51139831543
298.5, -124.171913146973
298.8, -105.448669433594
299.1, -105.448669433594
299.4, -105.63020324707
