% Measurement ID: 2709
% Mode ID: 1
% Date and time: 2020-02-24 14:18:50
% Sample ID: TOT27-82
% Measurement type: ringdown
% Frequency [Hz]: 291709.0
% Quality factor: 8946463.738009153
% Temperature [K]: 293.0
% Pressure [mBar]: 4.18e-07
% Notes: 
% 
%
% measurement data
% time [s], power [dBm]
0.0, 10.199
0.16221628838451269, 10.18435
0.32443257676902537, 10.18923
0.48664886515353806, 10.20388
0.6488651535380507, 10.22341
0.8110814419225634, 10.2283
0.9732977303070761, 10.24783
1.1355140186915889, 10.25271
1.2977303070761015, 10.26736
1.4599465954606141, 10.26736
1.6221628838451267, 10.27712
1.7843791722296396, 10.28689
1.9465954606141522, 10.30642
2.108811748998665, 10.33084
2.2710280373831777, 10.3992
2.4332443257676903, 10.45291
2.595460614152203, 10.5408
2.7576769025367156, 10.58474
2.9198931909212282, 10.63845
3.082109479305741, 10.66775
3.2443257676902535, 10.70681
3.4065420560747666, 10.73123
3.568758344459279, 10.75564
3.730974632843792, 10.75564
3.8931909212283045, 10.74587
4.0554072096128175, 10.74099
4.21762349799733, 10.73611
4.379839786381843, 10.72634
4.542056074766355, 10.73611
4.704272363150868, 10.74587
4.866488651535381, 10.77517
5.028704939919893, 10.80935
5.190921228304406, 10.86306
5.353137516688919, 10.92654
5.515353805073431, 10.9656
5.677570093457944, 10.99002
5.8397863818424565, 11.00955
6.002002670226969, 11.01931
6.164218958611482, 11.00955
6.326435246995994, 10.99978
6.488651535380507, 10.98513
6.6508678237650205, 10.9656
6.813084112149533, 10.9656
6.975300400534046, 10.99002
7.137516688918558, 11.01443
7.299732977303071, 11.04861
7.461949265687584, 11.08767
7.624165554072096, 11.13162
7.786381842456609, 11.1658
7.9485981308411215, 11.19509
8.110814419225635, 11.20974
8.273030707610147, 11.19509
8.43524699599466, 11.18533
8.597463284379172, 11.16091
8.759679572763686, 11.13162
8.921895861148197, 11.10232
9.08411214953271, 11.07791
9.246328437917223, 11.04861
9.408544726301736, 11.01443
9.570761014686248, 10.9949
9.732977303070761, 10.98513
9.895193591455273, 10.9949
10.057409879839787, 11.01443
10.219626168224298, 11.05837
10.381842456608812, 11.09744
10.544058744993325, 11.12185
10.706275033377837, 11.13162
10.86849132176235, 11.14138
11.030707610146862, 11.14627
11.192923898531376, 11.13162
11.355140186915888, 11.12185
11.517356475300401, 11.33181
11.679572763684913, 11.29275
11.841789052069426, 11.23904
12.004005340453938, 11.18533
12.166221628838452, 11.1072
12.328437917222963, 11.05837
12.490654205607477, 10.98025
12.652870493991989, 10.91677
12.815086782376502, 10.84841
12.977303070761014, 10.78005
13.139519359145527, 10.68728
13.301735647530041, 10.62869
13.463951935914553, 10.52615
13.626168224299066, 10.43826
13.788384512683578, 10.32595
13.950600801068092, 10.24783
14.112817089452603, 10.15017
14.275033377837117, 10.0574
14.437249666221629, 9.940211
14.599465954606142, 9.842555
14.761682242990654, 9.735133
14.923898531375167, 9.637477
15.086114819759679, 9.534937
15.248331108144193, 9.427516
15.410547396528704, 9.320094
15.572763684913218, 9.212672
15.734979973297731, 9.115016
15.897196261682243, 8.992945
16.059412550066757, 8.880641
16.22162883845127, 8.75857
16.38384512683578, 8.651148
16.546061415220294, 8.548609
16.708277703604807, 8.421656
16.87049399198932, 8.309352
17.03271028037383, 8.187281
17.194926568758344, 8.065211
17.357142857142858, 7.943141
17.51935914552737, 7.806422
17.68157543391188, 7.689234
17.843791722296395, 7.557398
18.006008010680908, 7.435328
18.16822429906542, 7.308375
18.330440587449935, 7.181422
18.492656875834445, 7.044703
18.65487316421896, 6.912867
18.817089452603472, 6.79568
18.979305740987986, 6.658961
19.141522029372496, 6.536891
19.30373831775701, 6.409937
19.465954606141523, 6.263453
19.628170894526036, 6.1365
19.790387182910546, 6.009547
19.95260347129506, 5.892359
20.114819759679573, 5.760523
20.277036048064087, 5.618922
20.439252336448597, 5.472437
20.60146862483311, 5.340602
20.763684913217624, 5.199
20.925901201602137, 5.072047
21.08811748998665, 4.930445
21.25033377837116, 4.788844
21.412550066755674, 4.642359
21.574766355140188, 4.510523
21.7369826435247, 4.368922
21.89919893190921, 4.232203
22.061415220293725, 4.085719
22.22363150867824, 3.944117
22.385847797062752, 3.79275
22.548064085447262, 3.660914
22.710280373831775, 3.524195
22.87249666221629, 3.387477
23.034712950600802, 3.240992
23.196929238985312, 3.114039
23.359145527369826, 2.982203
23.52136181575434, 2.845484
23.683578104138853, 2.679469
23.845794392523366, 2.537867
24.008010680907876, 2.396266
24.17022696929239, 2.259547
24.332443257676903, 2.113062
24.494659546061417, 1.961695
24.656875834445927, 1.810328
24.81909212283044, 1.663844
24.981308411214954, 1.532008
25.143524699599467, 1.385523
25.305740987983977, 1.214625
25.46795727636849, 1.068141
25.630173564753004, 0.9363047
25.792389853137518, 0.7947031
25.954606141522028, 0.6482187
26.11682242990654, 0.4724375
26.279038718291055, 0.3406016
26.44125500667557, 0.199
26.603471295060082, 0.05739844
26.765687583444592, -0.0744375
26.927903871829105, -0.2111563
27.09012016021362, -0.3625234
27.252336448598133, -0.5090078
27.414552736982643, -0.6652578
27.576769025367156, -0.8117422
27.73898531375167, -0.9533438
27.901201602136183, -1.104711
28.063417890520693, -1.260961
28.225634178905207, -1.402563
28.38785046728972, -1.549047
28.550066755674234, -1.705297
28.712283044058747, -1.851781
28.874499332443257, -2.003148
29.03671562082777, -2.154516
29.198931909212284, -2.296117
29.361148197596798, -2.437719
29.523364485981308, -2.574438
29.68558077436582, -2.730688
29.847797062750335, -2.886938
30.010013351134848, -3.038305
30.172229639519358, -3.184789
30.33444592790387, -3.316625
30.496662216288385, -3.463109
30.6588785046729, -3.609594
30.82109479305741, -3.765844
30.983311081441922, -3.902563
31.145527369826436, -4.05393
31.30774365821095, -4.21018
31.469959946595463, -4.361547
31.632176234979973, -4.498266
31.794392523364486, -4.64475
31.956608811749, -4.801
32.11882510013351, -4.947484
32.28104138851803, -5.098852
32.44325767690254, -5.245336
32.60547396528705, -5.39182
32.76769025367156, -5.543188
32.929906542056074, -5.70432
33.09212283044059, -5.850805
33.2543391188251, -6.007055
33.416555407209614, -6.143773
33.57877169559413, -6.300023
33.74098798397864, -6.431859
33.903204272363155, -6.563695
34.06542056074766, -6.695531
34.227636849132175, -6.842016
34.38985313751669, -6.9885
34.5520694259012, -7.149633
34.714285714285715, -7.310766
34.87650200267023, -7.452367
35.03871829105474, -7.6135
35.200934579439256, -7.750219
35.36315086782376, -7.896703
35.525367156208276, -8.043188
35.68758344459279, -8.189672
35.8497997329773, -8.336156
36.012016021361816, -8.482641
36.17423230974633, -8.619359
36.33644859813084, -8.765844
36.49866488651536, -8.922094
36.66088117489987, -9.078344
36.82309746328438, -9.229711
36.98531375166889, -9.376195
37.147530040053404, -9.517797
37.30974632843792, -9.664281
37.47196261682243, -9.771703
37.634178905206944, -9.913305
37.79639519359146, -10.06467
37.95861148197597, -10.23069
38.12082777036048, -10.37229
38.28304405874499, -10.50901
38.445260347129505, -10.64084
38.60747663551402, -10.79221
38.76969292389853, -10.92893
38.931909212283045, -11.07053
39.09412550066756, -11.23655
39.25634178905207, -11.37815
39.418558077436586, -11.53928
39.58077436582109, -11.676
39.742990654205606, -11.83713
39.90520694259012, -11.96897
40.06742323097463, -12.12522
40.22963951935915, -12.27659
40.39185580774366, -12.4133
40.55407209612817, -12.54514
40.71628838451269, -12.70627
40.87850467289719, -12.84788
41.04072096128171, -12.97483
41.20293724966622, -13.09202
41.365153538050734, -13.2385
41.52736982643525, -13.3801
41.68958611481976, -13.5217
41.851802403204275, -13.66819
42.01401869158879, -13.81955
42.1762349799733, -13.96116
42.33845126835781, -14.09788
42.50066755674232, -14.21018
42.662883845126835, -14.3762
42.82510013351135, -14.51291
42.98731642189586, -14.6594
43.149532710280376, -14.79612
43.31174899866489, -14.92795
43.4739652870494, -15.07444
43.63618157543391, -15.2258
43.79839786381842, -15.38694
43.960614152202936, -15.52854
44.12283044058745, -15.67502
44.28504672897196, -15.80198
44.44726301735648, -15.94358
44.60947930574099, -16.0803
44.771695594125504, -16.21213
44.93391188251002, -16.32444
45.096128170894524, -16.4758
45.25834445927904, -16.60276
45.42056074766355, -16.75901
45.582777036048064, -16.90061
45.74499332443258, -17.02268
45.90720961281709, -17.19846
46.069425901201605, -17.35959
46.23164218958612, -17.50608
46.393858477970625, -17.66233
46.55607476635514, -17.79416
46.71829105473965, -17.95041
46.880507343124165, -18.10178
47.04272363150868, -18.2385
47.20493991989319, -18.37522
47.367156208277706, -18.53147
47.52937249666222, -18.68772
47.69158878504673, -18.82932
47.85380507343124, -18.97092
48.01602136181575, -19.09788
48.178237650200266, -19.21018
48.34045393858478, -19.35666
48.50267022696929, -19.51291
48.66488651535381, -19.68381
48.82710280373832, -19.80588
48.989319092122834, -19.95725
49.15153538050734, -20.08909
49.313751668891854, -20.2258
49.47596795727637, -20.3967
49.63818424566088, -20.5676
49.800400534045394, -20.72385
49.96261682242991, -20.83616
50.12483311081442, -21.00217
50.287049399198935, -21.11448
50.44926568758345, -21.27073
50.611481975967955, -21.41233
50.77369826435247, -21.56858
50.93591455273698, -21.7053
51.098130841121495, -21.86643
51.26034712950601, -22.02756
51.42256341789052, -22.11545
51.584779706275036, -22.31077
51.74699599465955, -22.42795
51.909212283044056, -22.56955
52.07142857142857, -22.71116
52.23364485981308, -22.83811
52.395861148197596, -22.96995
52.55807743658211, -23.10178
52.72029372496662, -23.27268
52.88251001335114, -23.41916
53.04472630173565, -23.57541
53.206942590120164, -23.74631
53.36915887850467, -23.85373
53.531375166889184, -23.96604
53.6935914552737, -24.16623
53.85580774365821, -24.32248
54.018024032042725, -24.44944
54.18024032042724, -24.58127
54.34245660881175, -24.7717
54.504672897196265, -24.93772
54.66688918558078, -25.10373
54.829105473965285, -25.2551
54.9913217623498, -25.42112
55.15353805073431, -25.53342
55.315754339118826, -25.71897
55.47797062750334, -25.77268
55.64018691588785, -25.91428
55.802403204272366, -26.0803
55.96461949265688, -26.17795
56.126835781041386, -26.30002
56.2890520694259, -26.43186
56.45126835781041, -26.59299
56.61348464619493, -26.72971
56.77570093457944, -26.8469
56.937917222963954, -27.01291
57.10013351134847, -27.13987
57.26234979973298, -27.2717
57.424566088117494, -27.38889
57.586782376502, -27.49143
57.748998664886514, -27.5842
57.91121495327103, -27.73557
58.07343124165554, -27.91135
58.235647530040055, -28.08225
58.39786381842457, -28.2385
58.56008010680908, -28.3801
58.722296395193595, -28.56565
58.8845126835781, -28.65842
59.046728971962615, -28.8635
59.20894526034713, -29.02463
59.37116154873164, -29.20041
59.533377837116156, -29.41526
59.69559412550067, -29.53245
59.85781041388518, -29.62522
60.020026702269696, -29.84983
60.18224299065421, -29.90842
60.344459279038716, -29.99631
60.50667556742323, -30.19651
60.66889185580774, -30.34788
60.83110814419226, -30.5676
60.99332443257677, -30.73362
61.155540720961284, -30.98752
61.3177570093458, -31.14866
61.47997329773031, -31.22678
61.64218958611482, -31.31467
61.80440587449933, -31.38791
61.966622162883844, -31.57834
62.12883845126836, -31.69065
62.29105473965287, -31.73459
62.453271028037385, -31.88108
62.6154873164219, -31.94455
62.77770360480641, -32.1008
62.939919893190925, -32.3303
63.10213618157543, -32.51584
63.264352469959945, -32.66721
63.42656875834446, -32.85764
63.58878504672897, -33.00901
63.751001335113486, -33.07737
63.913217623498, -33.10666
64.07543391188251, -33.22873
64.23765020026703, -33.39963
64.39986648865154, -33.53147
64.56208277703605, -33.74143
64.72429906542057, -33.83909
64.88651535380508, -33.97092
65.0487316421896, -33.95139
65.2109479305741, -33.99534
65.3731642189586, -34.22971
65.53538050734312, -34.32737
65.69759679572763, -34.62522
65.85981308411215, -34.78147
66.02202937249666, -34.88401
66.18424566088117, -34.93772
66.34646194926569, -35.09397
66.5086782376502, -35.26975
66.67089452603471, -35.40159
66.83311081441923, -35.43577
66.99532710280374, -35.74827
67.15754339118826, -35.74338
67.31975967957277, -35.92405
67.48197596795728, -35.96799
67.6441922563418, -35.98752
67.80640854472631, -36.21213
67.96862483311081, -36.58811
68.13084112149532, -36.71995
68.29305740987984, -36.90061
68.45527369826435, -36.99338
68.61748998664886, -37.19358
68.77970627503338, -37.17893
68.94192256341789, -37.31077
69.1041388518024, -37.31565
69.26635514018692, -37.4719
69.42857142857143, -37.56955
69.59078771695594, -37.63303
69.75300400534046, -37.84788
69.91522029372497, -38.07248
70.07743658210948, -38.23362
70.239652870494, -38.25315
70.40186915887851, -38.5217
70.56408544726303, -38.78049
70.72630173564752, -38.86838
70.88851802403204, -39.0344
71.05073431241655, -38.84885
71.21295060080107, -39.21995
71.37516688918558, -39.29807
71.53738317757009, -39.30295
71.6995994659546, -39.35666
71.86181575433912, -39.59104
72.02403204272363, -39.58616
72.18624833110815, -39.76194
72.34846461949266, -39.88889
72.51068090787717, -39.71799
72.67289719626169, -39.6594
72.8351134846462, -39.92795
72.99732977303071, -40.19163
73.15954606141523, -40.29416
73.32176234979974, -40.37229
73.48397863818424, -40.53342
73.64619492656875, -40.69455
73.80841121495327, -40.89963
73.97062750333778, -41.25608
74.1328437917223, -41.27561
74.29506008010681, -41.35862
74.45727636849132, -41.30979
74.61949265687583, -41.43674
74.78170894526035, -41.66623
74.94392523364486, -41.93479
75.10614152202938, -42.15452
75.26835781041389, -42.1594
75.4305740987984, -41.79319
75.59279038718292, -41.90061
75.75500667556743, -41.91038
75.91722296395194, -41.97873
76.07943925233646, -41.95432
76.24165554072096, -41.89084
76.40387182910547, -41.80295
76.56608811748998, -41.94944
76.7283044058745, -42.20334
76.89052069425901, -42.4133
77.05273698264352, -42.39866
77.21495327102804, -42.8137
77.37716955941255, -42.79905
77.53938584779706, -43.31663
77.70160213618158, -43.45823
77.86381842456609, -43.11155
78.0260347129506, -43.47776
78.18825100133512, -43.30686
78.35046728971963, -43.17502
78.51268357810414, -43.50705
78.67489986648866, -43.54123
78.83711615487317, -43.61936
78.99933244325767, -43.51194
79.16154873164218, -43.55588
79.3237650200267, -44.08811
79.48598130841121, -43.87327
79.64819759679573, -43.92209
79.81041388518024, -43.84397
79.97263017356475, -44.00022
80.13484646194927, -43.91233
80.29706275033378, -43.8928
80.4592790387183, -43.66819
80.6214953271028, -43.82932
80.78371161548732, -44.02952
80.94592790387183, -44.42014
81.10814419225635, -44.52756
81.27036048064086, -44.33225
81.43257676902537, -44.55198
81.59479305740989, -44.56174
81.75700934579439, -44.55686
81.9192256341789, -44.62034
82.08144192256341, -44.71311
82.24365821094793, -44.86936
82.40587449933244, -45.38694
82.56809078771695, -45.32346
82.73030707610147, -45.38205
82.89252336448598, -45.21604
83.0547396528705, -45.33811
83.21695594125501, -45.49436
83.37917222963952, -46.05588
83.54138851802404, -46.10959
83.70360480640855, -45.93381
83.86582109479306, -46.07053
84.02803738317758, -46.2219
84.19025367156209, -46.03147
84.3524699599466, -46.03635
84.5146862483311, -46.03635
84.67690253671562, -46.71506
84.83911882510013, -46.99827
85.00133511348464, -47.85276
85.16355140186916, -48.48752
85.32576769025367, -49.13205
85.48798397863818, -49.41526
85.6502002670227, -50.49436
85.81241655540721, -50.2258
85.97463284379172, -50.32834
86.13684913217624, -50.45041
86.29906542056075, -51.38303
86.46128170894526, -50.75803
86.62349799732978, -50.60178
86.78571428571429, -51.06565
86.9479305740988, -50.78245
87.11014686248332, -51.33909
87.27236315086782, -50.77756
87.43457943925233, -50.33811
87.59679572763685, -49.76682
87.75901201602136, -49.6301
87.92122830440587, -50.63596
88.08344459279039, -50.54807
88.2456608811749, -52.25705
88.40787716955941, -52.51096
88.57009345794393, -53.5803
88.73230974632844, -54.45432
88.89452603471295, -56.1926
89.05674232309747, -56.94455
89.21895861148198, -56.74436
89.3811748998665, -56.09006
89.54339118825101, -56.14377
89.70560747663552, -54.73264
89.86782376502003, -55.72385
90.03004005340453, -55.02561
90.19225634178905, -55.66038
90.35447263017356, -55.27463
90.51668891855807, -56.30979
90.67890520694259, -55.29416
90.8411214953271, -55.65549
91.00333778371161, -56.90549
91.16555407209613, -56.92991
91.32777036048064, -56.76389
91.48998664886516, -56.80295
91.65220293724967, -56.76877
91.81441922563418, -56.42698
91.9766355140187, -56.62229
92.13885180240321, -56.60764
92.30106809078772, -56.64182
92.46328437917224, -57.66721
92.62550066755675, -56.95432
92.78771695594125, -56.96409
92.94993324432576, -57.80881
93.11214953271028, -58.29221
93.27436582109479, -59.70334
93.4365821094793, -61.57834
93.59879839786382, -61.61741
93.76101468624833, -61.30491
93.92323097463284, -63.34104
94.08544726301736, -63.01877
94.24766355140187, -60.9387
94.40987983978638, -58.99534
94.5720961281709, -58.19455
94.73431241655541, -57.86252
94.89652870493993, -58.70237
95.05874499332444, -58.01389
95.22096128170895, -57.71604
95.38317757009347, -56.6467
95.54539385847796, -57.03245
95.70761014686248, -56.76877
95.86982643524699, -57.52561
96.0320427236315, -59.30784
96.19425901201602, -59.99143
96.35647530040053, -60.12815
96.51869158878505, -60.60178
96.68090787716956, -60.20139
96.84312416555407, -58.21897
97.00534045393859, -59.05881
97.1675567423231, -58.20432
97.32977303070761, -57.76975
97.49198931909213, -58.39963
97.65420560747664, -59.43967
97.81642189586115, -62.44748
97.97863818424567, -63.0969
98.14085447263018, -60.5676
98.30307076101468, -62.40842
98.4652870493992, -62.04709
98.62750333778371, -60.88498
98.78971962616822, -61.69553
98.95193591455273, -61.80784
99.11415220293725, -62.80881
99.27636849132176, -61.91526
99.43858477970628, -60.69944
99.60080106809079, -61.96409
99.7630173564753, -62.5012
99.92523364485982, -62.1594
100.08744993324433, -62.91623
100.24966622162884, -61.91038
100.41188251001336, -61.03635
100.57409879839787, -61.05588
100.73631508678238, -64.2053
100.8985313751669, -61.92502
101.0607476635514, -63.53147
101.22296395193591, -65.05491
101.38518024032042, -63.95139
101.54739652870494, -63.73166
101.70961281708945, -59.73752
101.87182910547396, -59.58127
102.03404539385848, -59.50315
102.19626168224299, -58.39963
102.3584779706275, -58.18967
102.52069425901202, -59.69358
102.68291054739653, -58.56077
102.84512683578104, -59.6301
103.00734312416556, -58.93186
103.16955941255007, -61.86643
103.33177570093459, -61.71018
103.4939919893191, -60.92405
103.65620827770361, -60.32346
103.81842456608811, -62.50608
103.98064085447263, -62.67209
104.14285714285714, -62.04709
104.30507343124165, -59.81077
104.46728971962617, -60.21604
104.62950600801068, -59.75705
104.79172229639519, -59.61545
104.9539385847797, -61.30979
105.11615487316422, -65.57248
105.27837116154873, -68.65354
105.44058744993325, -72.38889
105.60280373831776, -70.81174
105.76502002670227, -72.53049
105.92723631508679, -66.49045
106.0894526034713, -68.00901
106.25166889185581, -68.41428
106.41388518024033, -70.46506
106.57610146862484, -69.59104
106.73831775700934, -65.81174
106.90053404539385, -65.67014
107.06275033377837, -68.80002
107.22496662216288, -65.48948
107.3871829105474, -63.11155
107.54939919893191, -63.13108
107.71161548731642, -60.88498
107.87383177570094, -62.11057
108.03604806408545, -60.92405
108.19826435246996, -61.58811
108.36048064085448, -60.72873
108.52269692923899, -58.34104
108.6849132176235, -58.21897
108.84712950600802, -57.77463
109.00934579439253, -56.81272
109.17156208277704, -55.44065
109.33377837116156, -55.52366
109.49599465954606, -55.78733
109.65821094793057, -56.60764
109.82042723631508, -56.63694
109.9826435246996, -55.84104
110.14485981308411, -54.96213
110.30707610146862, -54.99143
110.46929238985314, -54.47385
110.63150867823765, -54.70823
110.79372496662216, -54.51291
110.95594125500668, -55.33323
111.11815754339119, -55.73362
111.2803738317757, -56.51975
111.44259012016022, -57.1008
111.60480640854473, -57.49631
111.76702269692925, -57.23264
111.92923898531376, -55.86545
112.09145527369827, -55.65061
112.25367156208277, -55.66526
112.41588785046729, -57.90647
112.5781041388518, -56.5051
112.74032042723631, -56.8762
112.90253671562083, -57.49631
113.06475300400534, -58.22873
113.22696929238985, -58.68284
113.38918558077437, -60.19163
113.55140186915888, -60.65061
113.7136181575434, -63.05784
113.87583444592791, -58.99534
114.03805073431242, -57.82834
114.20026702269693, -59.08323
114.36248331108145, -58.82444
114.52469959946596, -58.58518
114.68691588785047, -57.17405
114.84913217623499, -57.98459
115.01134846461949, -58.72678
115.173564753004, -59.06858
115.33578104138851, -57.86252
115.49799732977303, -57.66233
115.66021361815754, -59.12229
115.82242990654206, -59.3176
115.98464619492657, -57.79416
116.14686248331108, -57.20334
116.3090787716956, -57.47678
116.47129506008011, -56.11448
116.63351134846462, -55.69944
116.79572763684914, -55.67014
116.95794392523365, -56.77366
117.12016021361816, -56.69065
117.28237650200268, -57.4426
117.44459279038719, -57.43772
117.6068090787717, -57.90159
117.7690253671562, -59.64963
117.93124165554072, -59.38596
118.09345794392523, -64.11252
118.25567423230974, -66.13889
118.41789052069426, -66.93479
118.58010680907877, -64.13694
118.74232309746328, -62.301
118.9045393858478, -60.39182
119.06675567423231, -58.86838
119.22897196261682, -57.75998
119.39118825100134, -56.21213
119.55340453938585, -56.40745
119.71562082777037, -56.74924
119.87783711615488, -55.36252
120.04005340453939, -56.14377
120.2022696929239, -54.64475
120.36448598130842, -54.70334
120.52670226969292, -58.75608
120.68891855807743, -60.65061
120.85113484646195, -61.93967
121.01335113484646, -61.52952
121.17556742323097, -60.49924
121.33778371161549, -60.30881
121.5, -68.48264
