% Measurement ID: 2710
% Mode ID: 1
% Date and time: 2020-02-13 14:22:36
% Sample ID: TOT27-83
% Measurement type: ringdown
% Frequency [Hz]: 290200.0
% Quality factor: 8148544.092199189
% Temperature [K]: 293.0
% Pressure [mBar]: 2.74e-07
% Notes: 
% 
%
% measurement data
% time [s], power [dBm]
0.0, -51.43186
0.16221628838451269, -51.43674
0.32443257676902537, -51.80295
0.48664886515353806, -51.7883
0.6488651535380507, -52.23264
0.8110814419225634, -51.97873
0.9732977303070761, -52.15452
1.1355140186915889, -52.37424
1.2977303070761015, -52.11057
1.4599465954606141, -51.65159
1.6221628838451267, -51.28538
1.7843791722296396, -51.3635
1.9465954606141522, -52.01291
2.108811748998665, -53.11155
2.2710280373831777, -52.8967
2.4332443257676903, -53.19944
2.595460614152203, -53.59006
2.7576769025367156, -53.78538
2.9198931909212282, -53.75608
3.082109479305741, -52.96995
3.2443257676902535, -53.11643
3.4065420560747666, -53.11155
3.568758344459279, -51.94944
3.730974632843792, -51.97385
3.8931909212283045, -52.11545
4.0554072096128175, -52.8137
4.21762349799733, -53.17502
4.379839786381843, -53.46799
4.542056074766355, -53.3801
4.704272363150868, -52.83811
4.866488651535381, -53.01389
5.028704939919893, -53.21897
5.190921228304406, -54.0051
5.353137516688919, -25.26487
5.515353805073431, -17.96995
5.677570093457944, -15.10373
5.8397863818424565, -14.22483
6.002002670226969, -14.18088
6.164218958611482, -14.90842
6.326435246995994, -17.42307
6.488651535380507, -23.25315
6.6508678237650205, -21.21213
6.813084112149533, -16.86155
6.975300400534046, -14.98655
7.137516688918558, -14.36643
7.299732977303071, -14.40061
7.461949265687584, -15.15745
7.624165554072096, -16.74924
7.786381842456609, -19.23459
7.9485981308411215, -20.58225
8.110814419225635, -17.88205
8.273030707610147, -15.38694
8.43524699599466, -13.55588
8.597463284379172, -12.25217
8.759679572763686, -11.2219
8.921895861148197, -10.43577
9.08411214953271, -9.913305
9.246328437917223, -9.483617
9.408544726301736, -9.107641
9.570761014686248, -8.82932
9.732977303070761, -8.614477
9.895193591455273, -8.399633
10.057409879839787, -8.096898
10.219626168224298, -7.750219
10.381842456608812, -7.408422
10.544058744993325, -7.02268
10.706275033377837, -6.583227
10.86849132176235, -6.070531
11.030707610146862, -5.528539
11.192923898531376, -4.986547
11.355140186915888, -4.464086
11.517356475300401, -3.961156
11.679572763684913, -3.443578
11.841789052069426, -2.916234
12.004005340453938, -2.398656
12.166221628838452, -1.890844
12.328437917222963, -1.412328
12.490654205607477, -0.972875
12.652870493991989, -0.5334219
12.815086782376502, -0.09396875
12.977303070761014, 0.3210703
13.139519359145527, 0.7214609
13.301735647530041, 1.107203
13.463951935914553, 1.439234
13.626168224299066, 1.746852
13.788384512683578, 2.078883
13.950600801068092, 2.362086
14.112817089452603, 2.650172
14.275033377837117, 2.913844
14.437249666221629, 3.13357
14.599465954606142, 3.343531
14.761682242990654, 3.558375
14.923898531375167, 3.724391
15.086114819759679, 3.890406
15.248331108144193, 4.022242
15.410547396528704, 4.149195
15.572763684913218, 4.285914
15.734979973297731, 4.378687
15.897196261682243, 4.447047
16.059412550066757, 4.534937
16.22162883845127, 4.617945
16.38384512683578, 4.700953
16.546061415220294, 4.798609
16.708277703604807, 4.915797
16.87049399198932, 5.04275
17.03271028037383, 5.169703
17.194926568758344, 5.311305
17.357142857142858, 5.467555
17.51935914552737, 5.623805
17.68157543391188, 5.784937
17.843791722296395, 5.931422
18.006008010680908, 6.063258
18.16822429906542, 6.199977
18.330440587449935, 6.341578
18.492656875834445, 6.468531
18.65487316421896, 6.600367
18.817089452603472, 6.717555
18.979305740987986, 6.829859
19.141522029372496, 6.937281
19.30373831775701, 7.034937
19.465954606141523, 7.132594
19.628170894526036, 7.215602
19.790387182910546, 7.303492
19.95260347129506, 7.381617
20.114819759679573, 7.449977
20.277036048064087, 7.50857
20.439252336448597, 7.567164
20.60146862483311, 7.620875
20.763684913217624, 7.66482
20.925901201602137, 7.694117
21.08811748998665, 7.718531
21.25033377837116, 7.723414
21.412550066755674, 7.718531
21.574766355140188, 7.679469
21.7369826435247, 7.620875
21.89919893190921, 7.532984
22.061415220293725, 7.371852
22.22363150867824, 7.142359
22.385847797062752, 6.829859
22.548064085447262, 6.453883
22.710280373831775, 6.048609
22.87249666221629, 5.765406
23.034712950600802, 5.716578
23.196929238985312, 5.609156
23.359145527369826, 5.467555
23.52136181575434, 5.32107
23.683578104138853, 5.189234
23.845794392523366, 5.04275
24.008010680907876, 4.8865
24.17022696929239, 4.744898
24.332443257676903, 4.603297
24.494659546061417, 4.456812
24.656875834445927, 4.305445
24.81909212283044, 4.163844
24.981308411214954, 4.002711
25.143524699599467, 3.861109
25.305740987983977, 3.709742
25.46795727636849, 3.573023
25.630173564753004, 3.431422
25.792389853137518, 3.280055
25.954606141522028, 3.138453
26.11682242990654, 2.991969
26.279038718291055, 2.840602
26.44125500667557, 2.689234
26.603471295060082, 2.537867
26.765687583444592, 2.3865
26.927903871829105, 2.235133
27.09012016021362, 2.083766
27.252336448598133, 1.947047
27.414552736982643, 1.781031
27.576769025367156, 1.624781
27.73898531375167, 1.468531
27.901201602136183, 1.317164
28.063417890520693, 1.165797
28.225634178905207, 1.009547
28.38785046728972, 0.8532969
28.550066755674234, 0.6970469
28.712283044058747, 0.5456797
28.874499332443257, 0.3943125
29.03671562082777, 0.2380625
29.198931909212284, 0.08669531
29.361148197596798, -0.0744375
29.523364485981308, -0.2258047
29.68558077436582, -0.3674063
29.847797062750335, -0.5187734
30.010013351134848, -0.6652578
30.172229639519358, -0.816625
30.33444592790387, -0.972875
30.496662216288385, -1.124242
30.6588785046729, -1.285375
30.82109479305741, -1.441625
30.983311081441922, -1.597875
31.145527369826436, -1.749242
31.30774365821095, -1.915258
31.469959946595463, -2.071508
31.632176234979973, -2.222875
31.794392523364486, -2.379125
31.956608811749, -2.540258
32.11882510013351, -2.696508
32.28104138851803, -2.857641
32.44325767690254, -3.018773
32.60547396528705, -3.175023
32.76769025367156, -3.336156
32.929906542056074, -3.492406
33.09212283044059, -3.648656
33.2543391188251, -3.804906
33.416555407209614, -3.966039
33.57877169559413, -4.122289
33.74098798397864, -4.283422
33.903204272363155, -4.439672
34.06542056074766, -4.581273
34.227636849132175, -4.737523
34.38985313751669, -4.884008
34.5520694259012, -5.040258
34.714285714285715, -5.191625
34.87650200267023, -5.347875
35.03871829105474, -5.509008
35.200934579439256, -5.665258
35.36315086782376, -5.826391
35.525367156208276, -5.987523
35.68758344459279, -6.138891
35.8497997329773, -6.304906
36.012016021361816, -6.466039
36.17423230974633, -6.622289
36.33644859813084, -6.783422
36.49866488651536, -6.949438
36.66088117489987, -7.105688
36.82309746328438, -7.261938
36.98531375166889, -7.413305
37.147530040053404, -7.574438
37.30974632843792, -7.73557
37.47196261682243, -7.901586
37.634178905206944, -8.052953
37.79639519359146, -8.209203
37.95861148197597, -8.370336
38.12082777036048, -8.536352
38.28304405874499, -8.692602
38.445260347129505, -8.848852
38.60747663551402, -9.005102
38.76969292389853, -9.151586
38.931909212283045, -9.302953
39.09412550066756, -9.449438
39.25634178905207, -9.61057
39.418558077436586, -9.771703
39.58077436582109, -9.927953
39.742990654205606, -10.09397
39.90520694259012, -10.2551
40.06742323097463, -10.41623
40.22963951935915, -10.57248
40.39185580774366, -10.7385
40.55407209612817, -10.89963
40.71628838451269, -11.05588
40.87850467289719, -11.21702
41.04072096128171, -11.3928
41.20293724966622, -11.55881
41.365153538050734, -11.71018
41.52736982643525, -11.8762
41.68958611481976, -12.03733
41.851802403204275, -12.1887
42.01401869158879, -12.34495
42.1762349799733, -12.50608
42.33845126835781, -12.67698
42.50066755674232, -12.83323
42.662883845126835, -12.98459
42.82510013351135, -13.14573
42.98731642189586, -13.30198
43.149532710280376, -13.4387
43.31174899866489, -13.59983
43.4739652870494, -13.76096
43.63618157543391, -13.91233
43.79839786381842, -14.07346
43.960614152202936, -14.23459
44.12283044058745, -14.40061
44.28504672897196, -14.57151
44.44726301735648, -14.73264
44.60947930574099, -14.89866
44.771695594125504, -15.06955
44.93391188251002, -15.21604
45.096128170894524, -15.3967
45.25834445927904, -15.56272
45.42056074766355, -15.71897
45.582777036048064, -15.8801
45.74499332443258, -16.051
45.90720961281709, -16.21702
46.069425901201605, -16.37815
46.23164218958612, -16.54416
46.393858477970625, -16.68577
46.55607476635514, -16.85178
46.71829105473965, -17.02756
46.880507343124165, -17.17893
47.04272363150868, -17.34006
47.20493991989319, -17.5012
47.367156208277706, -17.65256
47.52937249666222, -17.83323
47.69158878504673, -17.97483
47.85380507343124, -18.09202
48.01602136181575, -18.2385
48.178237650200266, -18.39475
48.34045393858478, -18.54612
48.50267022696929, -18.69748
48.66488651535381, -18.85862
48.82710280373832, -19.02463
48.989319092122834, -19.2053
49.15153538050734, -19.33713
49.313751668891854, -19.50315
49.47596795727637, -19.63987
49.63818424566088, -19.77659
49.800400534045394, -19.93284
49.96261682242991, -20.10373
50.12483311081442, -20.26975
50.287049399198935, -20.43088
50.44926568758345, -20.57737
50.611481975967955, -20.72385
50.77369826435247, -20.88498
50.93591455273698, -21.04612
51.098130841121495, -21.19748
51.26034712950601, -21.3928
51.42256341789052, -21.52463
51.584779706275036, -21.70041
51.74699599465955, -21.8762
51.909212283044056, -22.03733
52.07142857142857, -22.19358
52.23364485981308, -22.34983
52.395861148197596, -22.50608
52.55807743658211, -22.6428
52.72029372496662, -22.77463
52.88251001335114, -22.93577
53.04472630173565, -23.07248
53.206942590120164, -23.21409
53.36915887850467, -23.36057
53.531375166889184, -23.5217
53.6935914552737, -23.68772
53.85580774365821, -23.89768
54.018024032042725, -24.07346
54.18024032042724, -24.25901
54.34245660881175, -24.39084
54.504672897196265, -24.58616
54.66688918558078, -24.74729
54.829105473965285, -24.91819
54.9913217623498, -25.02561
55.15353805073431, -25.22092
55.315754339118826, -25.41135
55.47797062750334, -25.59202
55.64018691588785, -25.69944
55.802403204272366, -25.82639
55.96461949265688, -25.95334
56.126835781041386, -26.04123
56.2890520694259, -26.26096
56.45126835781041, -26.42698
56.61348464619493, -26.56858
56.77570093457944, -26.71506
56.937917222963954, -26.92014
57.10013351134847, -27.08616
57.26234979973298, -27.21799
57.424566088117494, -27.35471
57.586782376502, -27.53049
57.748998664886514, -27.7844
57.91121495327103, -27.94553
58.07343124165554, -28.08225
58.235647530040055, -28.28733
58.39786381842457, -28.45334
58.56008010680908, -28.66819
58.722296395193595, -28.76096
58.8845126835781, -28.99534
59.046728971962615, -29.1467
59.20894526034713, -29.27366
59.37116154873164, -29.43967
59.533377837116156, -29.60569
59.69559412550067, -29.74729
59.85781041388518, -29.9426
60.020026702269696, -30.08909
60.18224299065421, -30.30881
60.344459279038716, -30.47483
60.50667556742323, -30.71409
60.66889185580774, -30.87522
60.83110814419226, -31.00705
60.99332443257677, -31.20237
61.155540720961284, -31.38791
61.3177570093458, -31.59788
61.47997329773031, -31.75901
61.64218958611482, -31.94455
61.80440587449933, -32.14475
61.966622162883844, -32.26682
62.12883845126836, -32.49631
62.29105473965287, -32.56955
62.453271028037385, -32.71604
62.6154873164219, -32.84299
62.77770360480641, -33.02366
62.939919893190925, -33.16526
63.10213618157543, -33.41916
63.264352469959945, -33.47288
63.42656875834446, -33.62424
63.58878504672897, -33.72678
63.751001335113486, -33.80979
63.913217623498, -33.94651
64.07543391188251, -34.11741
64.23765020026703, -34.36643
64.39986648865154, -34.44455
64.56208277703605, -34.56663
64.72429906542057, -34.83518
64.88651535380508, -34.9719
65.0487316421896, -35.01584
65.2109479305741, -35.07444
65.3731642189586, -35.29905
65.53538050734312, -35.46995
65.69759679572763, -35.70432
65.85981308411215, -35.86057
66.02202937249666, -36.03147
66.18424566088117, -36.24631
66.34646194926569, -36.39768
66.5086782376502, -36.48557
66.67089452603471, -36.5637
66.83311081441923, -36.7883
66.99532710280374, -36.89573
67.15754339118826, -37.08616
67.31975967957277, -37.28635
67.48197596795728, -37.54514
67.6441922563418, -37.73557
67.80640854472631, -37.78928
67.96862483311081, -37.83323
68.13084112149532, -37.96018
68.29305740987984, -38.2092
68.45527369826435, -38.31174
68.61748998664886, -38.5217
68.77970627503338, -38.73655
68.94192256341789, -38.85373
69.1041388518024, -39.08811
69.26635514018692, -39.22971
69.42857142857143, -39.47385
69.59078771695594, -39.54221
69.75300400534046, -39.65452
69.91522029372497, -39.71799
70.07743658210948, -39.87424
70.239652870494, -39.83518
70.40186915887851, -39.90354
70.56408544726303, -40.15745
70.72630173564752, -40.47483
70.88851802403204, -40.77268
71.05073431241655, -40.9094
71.21295060080107, -41.10471
71.37516688918558, -41.36838
71.53738317757009, -41.52463
71.6995994659546, -41.52463
71.86181575433912, -41.6467
72.02403204272363, -41.71506
72.18624833110815, -42.04709
72.34846461949266, -42.45725
72.51068090787717, -42.60373
72.67289719626169, -42.62327
72.8351134846462, -42.8137
72.99732977303071, -42.89182
73.15954606141523, -43.0969
73.32176234979974, -43.21409
73.48397863818424, -43.31174
73.64619492656875, -43.28245
73.80841121495327, -43.21897
73.97062750333778, -43.54612
74.1328437917223, -43.65842
74.29506008010681, -43.91233
74.45727636849132, -44.3469
74.61949265687583, -44.9426
74.78170894526035, -45.426
74.94392523364486, -45.32346
75.10614152202938, -45.20627
75.26835781041389, -45.57248
75.4305740987984, -45.67991
75.59279038718292, -45.81663
75.75500667556743, -45.94846
75.91722296395194, -45.98752
76.07943925233646, -46.16819
76.24165554072096, -46.31467
76.40387182910547, -46.81272
76.56608811748998, -47.42795
76.7283044058745, -47.05198
76.89052069425901, -46.71995
77.05273698264352, -47.02268
77.21495327102804, -47.17405
77.37716955941255, -47.1887
77.53938584779706, -47.1008
77.70160213618158, -47.32541
77.86381842456609, -47.57932
78.0260347129506, -47.69651
78.18825100133512, -47.64768
78.35046728971963, -47.58909
78.51268357810414, -48.02854
78.67489986648866, -48.76584
78.83711615487317, -48.53635
78.99933244325767, -48.60471
79.16154873164218, -48.37522
79.3237650200267, -48.21897
79.48598130841121, -48.08225
79.64819759679573, -48.54612
79.81041388518024, -48.82444
79.97263017356475, -49.0344
80.13484646194927, -49.19065
80.29706275033378, -49.56174
80.4592790387183, -49.53245
80.6214953271028, -49.79123
80.78371161548732, -49.70823
80.94592790387183, -49.54709
81.10814419225635, -49.96702
81.27036048064086, -50.42112
81.43257676902537, -51.1926
81.59479305740989, -50.83616
81.75700934579439, -50.83127
81.9192256341789, -50.48459
82.08144192256341, -50.75803
82.24365821094793, -51.59299
82.40587449933244, -52.09592
82.56809078771695, -52.36448
82.73030707610147, -52.28147
82.89252336448598, -52.14475
83.0547396528705, -51.89084
83.21695594125501, -51.78342
83.37917222963952, -51.51487
83.54138851802404, -51.91526
83.70360480640855, -52.22776
83.86582109479306, -51.676
84.02803738317758, -51.74924
84.19025367156209, -52.11545
84.3524699599466, -52.17893
84.5146862483311, -51.65159
84.67690253671562, -51.14866
84.83911882510013, -51.30979
85.00133511348464, -51.7883
85.16355140186916, -51.71506
85.32576769025367, -51.051
85.48798397863818, -51.09495
85.6502002670227, -51.09983
85.81241655540721, -51.52463
85.97463284379172, -52.32541
86.13684913217624, -53.56077
86.29906542056075, -53.67307
86.46128170894526, -53.52659
86.62349799732978, -54.49338
86.78571428571429, -54.33225
86.9479305740988, -54.26389
87.11014686248332, -54.50315
87.27236315086782, -55.14768
87.43457943925233, -55.3967
87.59679572763685, -55.95823
87.75901201602136, -56.79319
87.92122830440587, -55.18674
88.08344459279039, -54.9133
88.2456608811749, -55.09397
88.40787716955941, -54.39573
88.57009345794393, -54.84006
88.73230974632844, -55.69455
88.89452603471295, -57.03245
89.05674232309747, -56.68088
89.21895861148198, -57.6135
89.3811748998665, -57.86741
89.54339118825101, -57.71116
89.70560747663552, -59.2053
89.86782376502003, -58.16038
90.03004005340453, -58.2385
90.19225634178905, -58.90745
90.35447263017356, -59.07834
90.51668891855807, -59.52756
90.67890520694259, -59.81077
90.8411214953271, -57.68186
91.00333778371161, -57.09592
91.16555407209613, -57.54026
91.32777036048064, -58.02366
91.48998664886516, -58.32151
91.65220293724967, -58.04319
91.81441922563418, -57.926
91.9766355140187, -59.71311
92.13885180240321, -58.77561
92.30106809078772, -58.62424
92.46328437917224, -59.79612
92.62550066755675, -60.426
92.78771695594125, -60.0012
92.94993324432576, -59.59104
93.11214953271028, -60.26487
93.27436582109479, -60.69944
93.4365821094793, -61.30002
93.59879839786382, -61.57346
93.76101468624833, -64.31272
93.92323097463284, -63.51682
94.08544726301736, -62.61838
94.24766355140187, -63.77073
94.40987983978638, -64.04905
94.5720961281709, -64.49338
94.73431241655541, -62.08127
94.89652870493993, -61.91526
95.05874499332444, -63.07248
95.22096128170895, -62.34983
95.38317757009347, -62.59885
95.54539385847796, -62.29123
95.70761014686248, -62.72092
95.86982643524699, -62.97483
96.0320427236315, -63.18479
96.19425901201602, -63.30686
96.35647530040053, -63.94163
96.51869158878505, -60.73362
96.68090787716956, -60.69944
96.84312416555407, -58.71213
97.00534045393859, -58.68284
97.1675567423231, -59.84495
97.32977303070761, -59.99143
97.49198931909213, -61.07053
97.65420560747664, -61.9885
97.81642189586115, -62.46702
97.97863818424567, -62.36448
98.14085447263018, -62.28635
98.30307076101468, -62.63303
98.4652870493992, -63.8635
98.62750333778371, -61.42698
98.78971962616822, -61.80295
98.95193591455273, -62.38401
99.11415220293725, -61.3635
99.27636849132176, -61.26096
99.43858477970628, -60.60666
99.60080106809079, -60.17209
99.7630173564753, -60.96799
99.92523364485982, -60.6262
100.08744993324433, -60.05979
100.24966622162884, -60.08909
100.41188251001336, -60.89963
100.57409879839787, -61.38791
100.73631508678238, -61.43186
100.8985313751669, -61.12424
101.0607476635514, -60.52366
101.22296395193591, -61.52463
101.38518024032042, -61.13889
101.54739652870494, -60.57737
101.70961281708945, -60.99729
101.87182910547396, -62.05198
102.03404539385848, -61.99827
102.19626168224299, -63.06272
102.3584779706275, -62.69651
102.52069425901202, -63.26291
102.68291054739653, -65.69944
102.84512683578104, -67.07151
103.00734312416556, -64.98166
103.16955941255007, -63.56565
103.33177570093459, -63.54123
103.4939919893191, -62.13498
103.65620827770361, -61.95432
103.81842456608811, -64.63987
103.98064085447263, -64.51291
104.14285714285714, -63.90256
104.30507343124165, -63.87327
104.46728971962617, -64.49338
104.62950600801068, -61.71018
104.79172229639519, -61.81272
104.9539385847797, -60.64573
105.11615487316422, -59.95725
105.27837116154873, -59.49827
105.44058744993325, -58.93186
105.60280373831776, -58.47776
105.76502002670227, -58.91233
105.92723631508679, -58.68284
106.0894526034713, -58.31663
106.25166889185581, -58.49729
106.41388518024033, -58.5803
106.57610146862484, -60.06467
106.73831775700934, -61.41721
106.90053404539385, -65.55295
107.06275033377837, -65.68479
107.22496662216288, -68.88791
107.3871829105474, -65.7678
107.54939919893191, -66.3928
107.71161548731642, -66.00217
107.87383177570094, -66.95432
108.03604806408545, -64.11741
108.19826435246996, -62.68186
108.36048064085448, -61.66623
108.52269692923899, -59.89377
108.6849132176235, -61.05588
108.84712950600802, -62.6428
109.00934579439253, -62.46213
109.17156208277704, -63.4094
109.33377837116156, -64.14182
109.49599465954606, -64.57151
109.65821094793057, -62.74534
109.82042723631508, -60.88498
109.9826435246996, -59.42502
110.14485981308411, -59.57639
110.30707610146862, -60.68967
110.46929238985314, -61.26096
110.63150867823765, -61.0217
110.79372496662216, -59.87424
110.95594125500668, -60.83127
111.11815754339119, -62.02756
111.2803738317757, -65.43088
111.44259012016022, -71.91526
111.60480640854473, -69.53245
111.76702269692925, -69.56174
111.92923898531376, -73.45823
112.09145527369827, -73.3508
112.25367156208277, -71.11936
112.41588785046729, -69.60569
112.5781041388518, -69.55198
112.74032042723631, -67.46702
112.90253671562083, -73.02366
113.06475300400534, -77.76975
113.22696929238985, -70.40647
113.38918558077437, -68.95627
113.55140186915888, -66.9885
113.7136181575434, -66.34885
113.87583444592791, -69.44944
114.03805073431242, -80.68088
114.20026702269693, -80.75994
114.36248331108145, -80.83878
114.52469959946596, -80.91739
114.68691588785047, -80.99577
114.84913217623499, -81.07393
115.01134846461949, -81.15187
115.173564753004, -81.22957
115.33578104138851, -81.30706
115.49799732977303, -81.38431
115.66021361815754, -81.46134
115.82242990654206, -81.53815
115.98464619492657, -81.61473
116.14686248331108, -81.69108
116.3090787716956, -81.76721
116.47129506008011, -81.84311
116.63351134846462, -81.91879
116.79572763684914, -81.99424
116.95794392523365, -82.06947
117.12016021361816, -82.14447
117.28237650200268, -82.21924
117.44459279038719, -82.29379
117.6068090787717, -82.36811
117.7690253671562, -82.44221
117.93124165554072, -82.51608
118.09345794392523, -82.58973
118.25567423230974, -82.66315
118.41789052069426, -82.73634
118.58010680907877, -82.80931
118.74232309746328, -82.88205
118.9045393858478, -82.91596
119.06675567423231, -82.94761
119.22897196261682, -82.97701
119.39118825100134, -83.00414
119.55340453938585, -83.02902
119.71562082777037, -83.05164
119.87783711615488, -83.072
120.04005340453939, -83.09011
120.2022696929239, -83.10595
120.36448598130842, -83.11954
120.52670226969292, -83.13087
120.68891855807743, -83.13995
120.85113484646195, -83.14676
121.01335113484646, -83.15132
121.17556742323097, -83.15362
121.33778371161549, -83.15367
121.5, -83.15145
