% Measurement ID: 2697
% Mode ID: 1
% Date and time: 2020-02-26 09:32:28
% Sample ID: TOT26-83
% Measurement type: ringdown
% Frequency [Hz]: 290419.0
% Quality factor: 24705949.14765249
% Temperature [K]: 293.0
% Pressure [mBar]: 4.32e-08
% Notes: 
% 
%
% measurement data
% time [s], power [dBm]
0.0, 10.82888
0.24032042723631508, 10.80447
0.48064085447263016, 10.78982
0.7209612817089452, 10.77517
0.9612817089452603, 10.74587
1.2016021361815754, 10.72634
1.4419225634178905, 10.70681
1.6822429906542056, 10.67752
1.9225634178905207, 10.64822
2.162883845126836, 10.61892
2.403204272363151, 10.59451
2.6435246995994657, 10.56521
2.883845126835781, 10.53103
3.1241655540720963, 10.50173
3.364485981308411, 10.46267
3.604806408544726, 10.43337
3.8451268357810413, 10.39431
4.085447263017357, 10.35525
4.325767690253672, 10.32595
4.566088117489986, 10.28689
4.806408544726302, 10.25759
5.046728971962617, 10.20877
5.287049399198931, 10.1697
5.527369826435247, 10.12576
5.767690253671562, 10.09158
6.008010680907877, 10.04275
6.248331108144193, 10.00369
6.488651535380507, 9.964625
6.728971962616822, 9.915797
6.969292389853138, 9.866969
7.209612817089452, 9.818141
7.449933244325767, 9.769312
7.690253671562083, 9.725367
7.930574098798398, 9.681422
8.170894526034713, 9.637477
8.411214953271028, 9.583766
8.651535380507344, 9.534937
8.891855807743658, 9.486109
9.132176234979973, 9.427516
9.372496662216289, 9.378687
9.612817089452603, 9.329859
9.853137516688918, 9.281031
10.093457943925234, 9.232203
10.333778371161548, 9.173609
10.574098798397863, 9.124781
10.814419225634179, 9.066187
11.054739652870493, 9.007594
11.29506008010681, 8.958766
11.535380507343124, 8.900172
11.775700934579438, 8.851344
12.016021361815755, 8.797633
12.256341789052069, 8.743922
12.496662216288385, 8.685328
12.7369826435247, 8.626734
12.977303070761014, 8.563258
13.21762349799733, 8.499781
13.457943925233645, 8.450953
13.698264352469959, 8.392359
13.938584779706275, 8.333766
14.17890520694259, 8.275172
14.419225634178904, 8.216578
14.65954606141522, 8.157984
14.899866488651535, 8.099391
15.14018691588785, 8.031031
15.380507343124165, 7.972437
15.62082777036048, 7.918727
15.861148197596796, 7.85525
16.10146862483311, 7.791773
16.341789052069426, 7.728297
16.58210947930574, 7.669703
16.822429906542055, 7.606227
17.06275033377837, 7.54275
17.303070761014688, 7.479273
17.543391188251, 7.42068
17.783711615487316, 7.357203
18.024032042723633, 7.288844
18.264352469959945, 7.23025
18.50467289719626, 7.161891
18.744993324432578, 7.093531
18.98531375166889, 7.034937
19.225634178905207, 6.966578
19.465954606141523, 6.903102
19.706275033377835, 6.839625
19.94659546061415, 6.776148
20.186915887850468, 6.712672
20.42723631508678, 6.644312
20.667556742323097, 6.57107
20.907877169559413, 6.507594
21.148197596795725, 6.439234
21.38851802403204, 6.375758
21.628838451268358, 6.312281
21.869158878504674, 6.243922
22.109479305740987, 6.175562
22.349799732977303, 6.107203
22.59012016021362, 6.038844
22.83044058744993, 5.970484
23.070761014686248, 5.902125
23.311081441922564, 5.838648
23.551401869158877, 5.770289
23.791722296395193, 5.70193
24.03204272363151, 5.628687
24.27236315086782, 5.560328
24.512683578104138, 5.491969
24.753004005340454, 5.423609
24.99332443257677, 5.35525
25.233644859813083, 5.291773
25.4739652870494, 5.223414
25.714285714285715, 5.150172
25.954606141522028, 5.081812
26.194926568758344, 5.013453
26.43524699599466, 4.945094
26.675567423230973, 4.866969
26.91588785046729, 4.798609
27.156208277703605, 4.735133
27.396528704939918, 4.661891
27.636849132176234, 4.593531
27.87716955941255, 4.525172
28.117489986648863, 4.447047
28.35781041388518, 4.378687
28.598130841121495, 4.305445
28.838451268357808, 4.232203
29.078771695594124, 4.168727
29.31909212283044, 4.100367
29.559412550066757, 4.027125
29.79973297730307, 3.949
30.040053404539385, 3.880641
30.2803738317757, 3.802516
30.520694259012014, 3.734156
30.76101468624833, 3.656031
31.001335113484647, 3.592555
31.24165554072096, 3.519312
31.481975967957275, 3.450953
31.72229639519359, 3.382594
31.962616822429904, 3.299586
32.20293724966622, 3.226344
32.44325767690253, 3.148219
32.68357810413885, 3.084742
32.923898531375166, 3.021266
33.16421895861148, 2.943141
33.4045393858478, 2.869898
33.64485981308411, 2.796656
33.88518024032042, 2.718531
34.12550066755674, 2.650172
34.365821094793056, 2.572047
34.606141522029375, 2.503687
34.84646194926569, 2.435328
35.086782376502, 2.366969
35.32710280373832, 2.288844
35.56742323097463, 2.210719
35.807743658210946, 2.142359
36.048064085447265, 2.064234
36.28838451268358, 1.986109
36.52870493991989, 1.91775
36.76902536715621, 1.844508
37.00934579439252, 1.771266
37.249666221628836, 1.693141
37.489986648865155, 1.624781
37.73030707610147, 1.546656
37.97062750333778, 1.468531
38.2109479305741, 1.400172
38.45126835781041, 1.32693
38.691588785046726, 1.25857
38.931909212283045, 1.185328
39.17222963951936, 1.107203
39.41255006675567, 1.029078
39.65287049399199, 0.9607187
39.8931909212283, 0.8825937
40.133511348464616, 0.8044687
40.373831775700936, 0.7409922
40.61415220293725, 0.66775
40.85447263017356, 0.589625
41.09479305740988, 0.5115
41.33511348464619, 0.4431406
41.575433911882506, 0.3650156
41.815754339118826, 0.2868906
42.05607476635514, 0.2136484
42.29639519359145, 0.1501719
42.53671562082777, 0.07204687
42.77703604806408, -0.006078125
43.0173564753004, -0.07932031
43.257676902536716, -0.1623281
43.49799732977303, -0.2306875
43.73831775700935, -0.3088125
43.97863818424566, -0.3820547
44.21895861148197, -0.4504141
44.45927903871829, -0.5236563
44.699599465954606, -0.6017813
44.93991989319092, -0.6799063
45.18024032042724, -0.7482656
45.42056074766355, -0.8263906
45.66088117489986, -0.9045156
45.90120160213618, -0.9777578
46.141522029372496, -1.041234
46.38184245660881, -1.119359
46.62216288384513, -1.197484
46.86248331108144, -1.275609
47.10280373831775, -1.353734
47.34312416555407, -1.426977
47.583444592790386, -1.500219
47.8237650200267, -1.568578
48.06408544726302, -1.646703
48.30440587449933, -1.715063
48.54472630173564, -1.793188
48.78504672897196, -1.871313
49.025367156208276, -1.949438
49.26568758344459, -2.02268
49.50600801068091, -2.100805
49.74632843791722, -2.169164
49.98664886515354, -2.232641
50.22696929238985, -2.310766
50.467289719626166, -2.388891
50.707610146862486, -2.467016
50.9479305740988, -2.545141
51.18825100133511, -2.623266
51.42857142857143, -2.696508
51.66889185580774, -2.764867
51.909212283044056, -2.838109
52.149532710280376, -2.916234
52.38985313751669, -2.994359
52.630173564753, -3.072484
52.87049399198932, -3.150609
53.11081441922563, -3.223852
53.351134846461946, -3.297094
53.591455273698266, -3.365453
53.83177570093458, -3.443578
54.07209612817089, -3.521703
54.31241655540721, -3.599828
54.55273698264352, -3.677953
54.793057409879836, -3.746313
55.033377837116156, -3.824438
55.27369826435247, -3.89768
55.51401869158878, -3.970922
55.7543391188251, -4.044164
55.99465954606141, -4.127172
56.234979973297726, -4.200414
56.475300400534046, -4.283422
56.71562082777036, -4.351781
56.95594125500667, -4.429906
57.19626168224299, -4.503148
57.4365821094793, -4.576391
57.676902536715616, -4.654516
57.917222963951936, -4.732641
58.15754339118825, -4.810766
58.39786381842457, -4.888891
58.63818424566088, -4.967016
58.87850467289719, -5.035375
59.11882510013351, -5.1135
59.359145527369826, -5.191625
59.59946595460614, -5.26975
59.83978638184246, -5.338109
60.08010680907877, -5.426
60.32042723631508, -5.504125
60.5607476635514, -5.572484
60.801068090787716, -5.645727
61.04138851802403, -5.718969
61.28170894526035, -5.797094
61.52202937249666, -5.880102
61.762349799732974, -5.963109
62.00267022696929, -6.031469
62.242990654205606, -6.109594
62.48331108144192, -6.182836
62.72363150867824, -6.256078
62.96395193591455, -6.324438
63.204272363150864, -6.402563
63.44459279038718, -6.480688
63.684913217623496, -6.563695
63.92523364485981, -6.636938
64.16555407209613, -6.715063
64.40587449933244, -6.783422
64.64619492656875, -6.851781
64.88651535380507, -6.929906
65.1268357810414, -7.008031
65.3671562082777, -7.095922
65.60747663551402, -7.164281
65.84779706275033, -7.242406
66.08811748998664, -7.315648
66.32843791722296, -7.388891
66.56875834445928, -7.467016
66.8090787716956, -7.540258
67.04939919893191, -7.623266
67.28971962616822, -7.701391
67.53004005340453, -7.779516
67.77036048064085, -7.857641
68.01068090787717, -7.926
68.25100133511349, -7.999242
68.4913217623498, -8.077367
68.73164218958611, -8.160375
68.97196261682242, -8.228734
69.21228304405875, -8.306859
69.45260347129506, -8.384984
69.69292389853138, -8.463109
69.93324432576769, -8.531469
70.173564753004, -8.599828
70.41388518024031, -8.687719
70.65420560747664, -8.756078
70.89452603471295, -8.834203
71.13484646194927, -8.917211
71.37516688918558, -8.990453
71.61548731642189, -9.068578
71.8558077436582, -9.14182
72.09612817089453, -9.215063
72.33644859813084, -9.29807
72.57676902536716, -9.376195
72.81708945260347, -9.449438
73.05740987983978, -9.527563
73.2977303070761, -9.605688
73.53805073431242, -9.674047
73.77837116154873, -9.742406
74.01869158878505, -9.820531
74.25901201602136, -9.888891
74.49933244325767, -9.971898
74.73965287049398, -10.05491
74.97997329773031, -10.13303
75.22029372496662, -10.19651
75.46061415220294, -10.26975
75.70093457943925, -10.34788
75.94125500667556, -10.41623
76.18157543391187, -10.50413
76.4218958611482, -10.58225
76.66221628838451, -10.67014
76.90253671562083, -10.7385
77.14285714285714, -10.81663
77.38317757009345, -10.88987
77.62349799732978, -10.96311
77.86381842456609, -11.051
78.1041388518024, -11.12913
78.34445927903872, -11.19748
78.58477970627503, -11.27561
78.82510013351134, -11.35373
79.06542056074767, -11.42698
79.30574098798398, -11.49045
79.5460614152203, -11.58811
79.7863818424566, -11.65647
80.02670226969292, -11.74436
80.26702269692923, -11.8176
80.50734312416556, -11.89084
80.74766355140187, -11.97385
80.98798397863818, -12.04221
81.2283044058745, -12.10569
81.46862483311081, -12.1887
81.70894526034712, -12.26194
81.94926568758345, -12.34006
82.18958611481976, -12.41819
82.42990654205607, -12.49631
82.67022696929239, -12.5842
82.9105473965287, -12.64768
83.15086782376501, -12.72092
83.39118825100134, -12.80881
83.63150867823765, -12.88694
83.87182910547396, -12.9553
84.11214953271028, -13.04319
84.35246995994659, -13.11155
84.5927903871829, -13.17991
84.83311081441923, -13.24827
85.07343124165554, -13.32639
85.31375166889185, -13.40452
85.55407209612817, -13.48752
85.79439252336448, -13.57053
86.0347129506008, -13.64866
86.27503337783712, -13.72678
86.51535380507343, -13.79514
86.75567423230974, -13.87815
86.99599465954606, -13.95139
87.23631508678237, -14.01975
87.4766355140187, -14.10764
87.71695594125501, -14.176
87.95727636849132, -14.24436
88.19759679572763, -14.32737
88.43791722296395, -14.40549
88.67823765020026, -14.47873
88.91855807743659, -14.54709
89.1588785046729, -14.62522
89.39919893190921, -14.70823
89.63951935914552, -14.7717
89.87983978638184, -14.85959
90.12016021361815, -14.92795
90.36048064085448, -15.01584
90.60080106809079, -15.09397
90.8411214953271, -15.15256
91.08144192256341, -15.24534
91.32176234979973, -15.32834
91.56208277703604, -15.40647
91.80240320427237, -15.49436
92.04272363150868, -15.55295
92.28304405874499, -15.64084
92.5233644859813, -15.7092
92.76368491321762, -15.78733
93.00400534045394, -15.85569
93.24432576769026, -15.94846
93.48464619492657, -16.03147
93.72496662216288, -16.10959
93.9652870493992, -16.19748
94.2056074766355, -16.26584
94.44592790387183, -16.3342
94.68624833110815, -16.3928
94.92656875834446, -16.49045
95.16688918558077, -16.5637
95.40720961281708, -16.62717
95.6475300400534, -16.7053
95.88785046728972, -16.7883
96.12817089452604, -16.85178
96.36849132176235, -16.92014
96.60881174899866, -16.99827
96.84913217623497, -17.07639
97.08945260347129, -17.14963
97.32977303070761, -17.23264
97.57009345794393, -17.29123
97.81041388518024, -17.37913
98.05073431241655, -17.44748
98.29105473965286, -17.53049
98.53137516688918, -17.6135
98.7716955941255, -17.69163
99.01201602136182, -17.76975
99.25233644859813, -17.83811
99.49265687583444, -17.926
99.73297730307075, -17.99436
99.97329773030708, -18.05784
100.2136181575434, -18.13108
100.4539385847797, -18.22873
100.69425901201602, -18.27756
100.93457943925233, -18.35569
101.17489986648864, -18.42893
101.41522029372497, -18.52659
101.65554072096128, -18.59983
101.8958611481976, -18.68772
102.13618157543391, -18.74631
102.37650200267022, -18.80002
102.61682242990653, -18.88303
102.85714285714286, -18.95139
103.09746328437917, -19.03928
103.33778371161549, -19.10764
103.5781041388518, -19.18088
103.81842456608811, -19.26389
104.05874499332442, -19.35178
104.29906542056075, -19.42014
104.53938584779706, -19.4885
104.77970627503338, -19.57639
105.02002670226969, -19.64475
105.260347129506, -19.69846
105.50066755674231, -19.79123
105.74098798397864, -19.86936
105.98130841121495, -19.94748
106.22162883845127, -20.01584
106.46194926568758, -20.0842
106.70226969292389, -20.17209
106.9425901201602, -20.24045
107.18291054739653, -20.30881
107.42323097463284, -20.40647
107.66355140186916, -20.46506
107.90387182910547, -20.54319
108.14419225634178, -20.61155
108.38451268357811, -20.68967
108.62483311081442, -20.7678
108.86515353805073, -20.83616
109.10547396528705, -20.91428
109.34579439252336, -21.00217
109.58611481975967, -21.08518
109.826435246996, -21.15842
110.06675567423231, -21.21702
110.30707610146862, -21.29514
110.54739652870494, -21.35373
110.78771695594125, -21.43186
111.02803738317756, -21.50022
111.26835781041389, -21.59788
111.5086782376502, -21.65159
111.74899866488651, -21.71506
111.98931909212283, -21.80295
112.22963951935914, -21.83225
112.46995994659545, -21.92991
112.71028037383178, -22.02268
112.95060080106809, -22.09592
113.1909212283044, -22.17405
113.43124165554072, -22.28635
113.67156208277703, -22.34006
113.91188251001334, -22.39866
114.15220293724967, -22.49631
114.39252336448598, -22.54514
114.6328437917223, -22.62327
114.8731642189586, -22.69163
115.11348464619492, -22.74045
115.35380507343123, -22.85276
115.59412550066756, -22.926
115.83444592790387, -23.01389
116.07476635514018, -23.07248
116.3150867823765, -23.19944
116.55540720961281, -23.25315
116.79572763684914, -23.33616
117.03604806408545, -23.39963
117.27636849132176, -23.46799
117.51668891855807, -23.56565
117.75700934579439, -23.62424
117.9973297730307, -23.68772
118.23765020026703, -23.76584
118.47797062750334, -23.82444
118.71829105473965, -23.90256
118.95861148197596, -23.9758
119.19893190921228, -24.01975
119.43925233644859, -24.07346
119.67957276368492, -24.15647
119.91989319092123, -24.19553
120.16021361815754, -24.24436
120.40053404539385, -24.34202
120.64085447263017, -24.41526
120.88117489986648, -24.49827
121.1214953271028, -24.59592
121.36181575433912, -24.68381
121.60213618157543, -24.77659
121.84245660881174, -24.86936
122.08277703604806, -24.93772
122.32309746328437, -25.00608
122.5634178905207, -25.07932
122.80373831775701, -25.17209
123.04405874499332, -25.27952
123.28437917222963, -25.35276
123.52469959946595, -25.41623
123.76502002670227, -25.50413
124.00534045393859, -25.5676
124.2456608811749, -25.65549
124.48598130841121, -25.7385
124.72630173564752, -25.81663
124.96662216288384, -25.91916
125.20694259012016, -25.95823
125.44726301735648, -26.04123
125.68758344459279, -26.08518
125.9279038718291, -26.17795
126.16822429906541, -26.28538
126.40854472630173, -26.38303
126.64886515353805, -26.46116
126.88918558077437, -26.53928
127.12950600801068, -26.61252
127.36982643524699, -26.7053
127.6101468624833, -26.75413
127.85046728971962, -26.85178
128.09078771695593, -26.97873
128.33110814419226, -27.03245
128.57142857142856, -27.12522
128.81174899866488, -27.21311
129.0520694259012, -27.29612
129.2923898531375, -27.38401
129.53271028037383, -27.45725
129.77303070761013, -27.49631
130.01335113484646, -27.5842
130.2536715620828, -27.67209
130.49399198931908, -27.78928
130.7343124165554, -27.85276
130.9746328437917, -28.00413
131.21495327102804, -28.07737
131.45527369826436, -28.14084
131.69559412550066, -28.27268
131.935914552737, -28.33616
132.1762349799733, -28.40452
132.41655540720961, -28.48264
132.6568758344459, -28.57053
132.89719626168224, -28.68284
133.13751668891857, -28.7219
133.37783711615486, -28.84397
133.6181575433912, -28.90256
133.8584779706275, -28.99534
134.09879839786382, -29.08811
134.33911882510014, -29.18088
134.57943925233644, -29.25901
134.81975967957277, -29.33225
135.06008010680907, -29.39084
135.3004005340454, -29.43479
135.5407209612817, -29.49827
135.78104138851802, -29.53733
136.02136181575435, -29.61545
136.26168224299064, -29.6887
136.50200267022697, -29.79123
136.74232309746327, -29.83518
136.9826435246996, -29.93772
137.22296395193592, -30.0842
137.46328437917222, -30.16721
137.70360480640855, -30.25998
137.94392523364485, -30.30393
138.18424566088117, -30.3967
138.4245660881175, -30.4553
138.6648865153538, -30.50413
138.90520694259013, -30.60178
139.14552736982643, -30.7385
139.38584779706275, -30.80686
139.62616822429905, -30.8801
139.86648865153538, -30.97288
140.1068090787717, -31.0217
140.347129506008, -31.051
140.58744993324433, -31.13889
140.82777036048063, -31.21702
141.06809078771695, -31.30491
141.30841121495328, -31.40745
141.54873164218958, -31.48069
141.7890520694259, -31.55881
142.0293724966622, -31.64182
142.26969292389853, -31.71995
142.51001335113483, -31.81272
142.75033377837116, -31.94944
142.99065420560748, -32.03245
143.23097463284378, -32.17405
143.4712950600801, -32.23264
143.7116154873164, -32.35471
143.95193591455273, -32.42795
144.19225634178906, -32.48166
144.43257676902536, -32.57932
144.6728971962617, -32.6135
144.91321762349799, -32.68186
145.1535380507343, -32.7844
145.3938584779706, -32.86741
145.63417890520694, -32.93577
145.87449933244326, -33.01389
146.11481975967956, -33.00901
146.3551401869159, -33.02854
146.5954606141522, -33.06272
146.83578104138851, -33.08225
147.07610146862484, -33.16526
147.31642189586114, -33.1262
147.55674232309747, -33.2385
147.79706275033377, -33.33127
148.0373831775701, -33.41428
148.27770360480642, -33.49729
148.51802403204272, -33.5217
148.75834445927904, -33.57053
148.99866488651534, -33.74143
149.23898531375167, -33.94651
149.47930574098797, -34.0344
149.7196261682243, -34.08323
149.95994659546062, -34.10764
150.20026702269692, -34.2883
150.44058744993325, -34.39573
150.68090787716955, -34.52268
150.92122830440587, -34.58616
151.1615487316422, -34.62522
151.4018691588785, -34.76194
151.64218958611482, -34.84006
151.88251001335112, -34.92795
152.12283044058745, -34.92795
152.36315086782375, -34.93284
152.60347129506007, -35.04514
152.8437917222964, -35.09397
153.0841121495327, -35.10373
153.32443257676903, -35.18186
153.56475300400533, -35.26487
153.80507343124165, -35.26975
154.04539385847798, -35.43088
154.28571428571428, -35.50413
154.5260347129506, -35.5676
154.7663551401869, -35.56272
155.00667556742323, -35.56272
155.24699599465956, -35.55295
155.48731642189586, -35.68967
155.72763684913218, -35.7678
155.96795727636848, -35.85569
156.2082777036048, -35.84104
156.4485981308411, -35.95334
156.68891855807743, -36.01194
156.92923898531376, -36.03147
157.16955941255006, -36.07541
157.40987983978638, -36.23166
157.65020026702268, -36.29514
157.890520694259, -36.45139
158.13084112149534, -36.64182
158.37116154873164, -36.76877
158.61148197596796, -36.72971
158.85180240320426, -36.89084
159.0921228304406, -36.93967
159.33244325767689, -36.98362
159.5727636849132, -37.10569
159.81308411214954, -37.23264
160.05340453938584, -37.29612
160.29372496662216, -37.4426
160.53404539385846, -37.56955
160.7743658210948, -37.55002
161.01468624833112, -37.73557
161.25500667556742, -37.8137
161.49532710280374, -37.95041
161.73564753004004, -37.98459
161.97596795727637, -38.15061
162.2162883845127, -38.47288
162.456608811749, -38.39475
162.69692923898532, -38.54123
162.93724966622162, -38.67795
163.17757009345794, -38.81467
163.41789052069424, -38.77561
163.65821094793057, -38.81467
163.8985313751669, -38.90256
164.1388518024032, -38.91233
164.37917222963952, -38.96116
164.61949265687582, -38.9758
164.85981308411215, -38.96604
165.10013351134847, -39.0344
165.34045393858477, -39.2053
165.5807743658211, -39.24436
165.8210947930574, -39.42502
166.06141522029372, -39.55686
166.30173564753002, -39.63498
166.54205607476635, -39.72776
166.78237650200268, -39.81077
167.02269692923898, -39.79612
167.2630173564753, -39.95725
167.5033377837116, -40.00608
167.74365821094793, -40.00608
167.98397863818425, -40.00608
168.22429906542055, -40.01584
168.46461949265688, -40.15745
168.70493991989318, -40.21604
168.9452603471295, -40.26487
169.1855807743658, -40.42112
169.42590120160213, -40.48459
169.66622162883846, -40.46995
169.90654205607476, -40.63596
170.14686248331108, -40.6262
170.38718291054738, -40.58713
170.6275033377837, -40.68967
170.86782376502003, -40.7385
171.10814419225633, -40.91916
171.34846461949266, -40.95823
171.58878504672896, -41.17795
171.82910547396529, -41.23166
172.0694259012016, -41.3342
172.3097463284379, -41.3342
172.55006675567424, -41.34885
172.79038718291054, -41.676
173.03070761014686, -41.54905
173.27102803738316, -41.70041
173.5113484646195, -41.8469
173.75166889185581, -41.68088
173.9919893190921, -41.66135
174.23230974632844, -41.92991
174.47263017356474, -42.05686
174.71295060080107, -41.99338
174.9532710280374, -42.20823
175.1935914552737, -42.39866
175.43391188251002, -42.79416
175.67423230974632, -42.76487
175.91455273698264, -42.93577
176.15487316421894, -43.03342
176.39519359145527, -43.21897
176.6355140186916, -43.2678
176.8758344459279, -43.43381
177.11615487316422, -43.56565
177.35647530040052, -43.54123
177.59679572763685, -43.46311
177.83711615487317, -43.62424
178.07743658210947, -43.51194
178.3177570093458, -43.77073
178.5580774365821, -43.90745
178.79839786381842, -44.19553
179.03871829105475, -44.43479
179.27903871829105, -44.61545
179.51935914552737, -44.55198
179.75967957276367, -44.68381
180.0, -44.88889
