% Measurement ID: 3000
% Mode ID: 1
% Date and time: 2020-02-27 16:21:12
% Sample ID: TOT30-57
% Measurement type: ringdown
% Frequency [Hz]: 181458.0
% Quality factor: 25528152.898851193
% Temperature [K]: 293.0
% Pressure [mBar]: 2.22e-07
% Notes: 
% 
%
% measurement data
% time [s], power [dBm]
0.0, 7.152125
0.24032042723631508, 7.10818
0.48064085447263016, 7.074
0.7209612817089452, 7.034937
0.9612817089452603, 6.995875
1.2016021361815754, 6.956812
1.4419225634178905, 6.927516
1.6822429906542056, 6.888453
1.9225634178905207, 6.849391
2.162883845126836, 6.805445
2.403204272363151, 6.771266
2.6435246995994657, 6.732203
2.883845126835781, 6.693141
3.1241655540720963, 6.654078
3.364485981308411, 6.619898
3.604806408544726, 6.580836
3.8451268357810413, 6.541773
4.085447263017357, 6.507594
4.325767690253672, 6.468531
4.566088117489986, 6.424586
4.806408544726302, 6.385523
5.046728971962617, 6.351344
5.287049399198931, 6.312281
5.527369826435247, 6.273219
5.767690253671562, 6.239039
6.008010680907877, 6.199977
6.248331108144193, 6.160914
6.488651535380507, 6.121852
6.728971962616822, 6.077906
6.969292389853138, 6.043727
7.209612817089452, 6.004664
7.449933244325767, 5.965602
7.690253671562083, 5.926539
7.930574098798398, 5.887477
8.170894526034713, 5.848414
8.411214953271028, 5.809352
8.651535380507344, 5.770289
8.891855807743658, 5.726344
9.132176234979973, 5.692164
9.372496662216289, 5.653102
9.612817089452603, 5.614039
9.853137516688918, 5.574977
10.093457943925234, 5.531031
10.333778371161548, 5.491969
10.574098798397863, 5.452906
10.814419225634179, 5.408961
11.054739652870493, 5.374781
11.29506008010681, 5.335719
11.535380507343124, 5.291773
11.775700934579438, 5.252711
12.016021361815755, 5.208766
12.256341789052069, 5.174586
12.496662216288385, 5.135523
12.7369826435247, 5.096461
12.977303070761014, 5.057398
13.21762349799733, 5.013453
13.457943925233645, 4.979273
13.698264352469959, 4.935328
13.938584779706275, 4.891383
14.17890520694259, 4.857203
14.419225634178904, 4.818141
14.65954606141522, 4.774195
14.899866488651535, 4.740016
15.14018691588785, 4.69607
15.380507343124165, 4.657008
15.62082777036048, 4.613062
15.861148197596796, 4.574
16.10146862483311, 4.530055
16.341789052069426, 4.490992
16.58210947930574, 4.456812
16.822429906542055, 4.412867
17.06275033377837, 4.368922
17.303070761014688, 4.329859
17.543391188251, 4.290797
17.783711615487316, 4.241969
18.024032042723633, 4.202906
18.264352469959945, 4.168727
18.50467289719626, 4.129664
18.744993324432578, 4.085719
18.98531375166889, 4.041773
19.225634178905207, 4.002711
19.465954606141523, 3.963648
19.706275033377835, 3.91482
19.94659546061415, 3.880641
20.186915887850468, 3.841578
20.42723631508678, 3.802516
20.667556742323097, 3.753687
20.907877169559413, 3.714625
21.148197596795725, 3.675562
21.38851802403204, 3.626734
21.628838451268358, 3.587672
21.869158878504674, 3.548609
22.109479305740987, 3.51443
22.349799732977303, 3.465602
22.59012016021362, 3.431422
22.83044058744993, 3.382594
23.070761014686248, 3.338648
23.311081441922564, 3.299586
23.551401869158877, 3.255641
23.791722296395193, 3.216578
24.03204272363151, 3.177516
24.27236315086782, 3.13357
24.512683578104138, 3.089625
24.753004005340454, 3.050562
24.99332443257677, 3.006617
25.233644859813083, 2.962672
25.4739652870494, 2.923609
25.714285714285715, 2.88943
25.954606141522028, 2.840602
26.194926568758344, 2.796656
26.43524699599466, 2.752711
26.675567423230973, 2.708766
26.91588785046729, 2.669703
27.156208277703605, 2.630641
27.396528704939918, 2.586695
27.636849132176234, 2.547633
27.87716955941255, 2.503687
28.117489986648863, 2.454859
28.35781041388518, 2.415797
28.598130841121495, 2.371852
28.838451268357808, 2.337672
29.078771695594124, 2.283961
29.31909212283044, 2.254664
29.559412550066757, 2.205836
29.79973297730307, 2.161891
30.040053404539385, 2.117945
30.2803738317757, 2.078883
30.520694259012014, 2.034937
30.76101468624833, 1.990992
31.001335113484647, 1.947047
31.24165554072096, 1.912867
31.481975967957275, 1.868922
31.72229639519359, 1.824977
31.962616822429904, 1.781031
32.20293724966622, 1.737086
32.44325767690253, 1.693141
32.68357810413885, 1.649195
32.923898531375166, 1.610133
33.16421895861148, 1.57107
33.4045393858478, 1.532008
33.64485981308411, 1.478297
33.88518024032042, 1.439234
34.12550066755674, 1.395289
34.365821094793056, 1.356227
34.606141522029375, 1.312281
34.84646194926569, 1.273219
35.086782376502, 1.229273
35.32710280373832, 1.190211
35.56742323097463, 1.141383
35.807743658210946, 1.097437
36.048064085447265, 1.053492
36.28838451268358, 1.004664
36.52870493991989, 0.9656016
36.76902536715621, 0.9265391
37.00934579439252, 0.8825937
37.249666221628836, 0.8435312
37.489986648865155, 0.7995859
37.73030707610147, 0.7507578
37.97062750333778, 0.7116953
38.2109479305741, 0.66775
38.45126835781041, 0.6286875
38.691588785046726, 0.5847422
38.931909212283045, 0.5407969
39.17222963951936, 0.5017344
39.41255006675567, 0.4529062
39.65287049399199, 0.4089609
39.8931909212283, 0.35525
40.133511348464616, 0.3210703
40.373831775700936, 0.2820078
40.61415220293725, 0.2380625
40.85447263017356, 0.1892344
41.09479305740988, 0.1404062
41.33511348464619, 0.1013437
41.575433911882506, 0.06228125
41.815754339118826, 0.008570312
42.05607476635514, -0.035375
42.29639519359145, -0.06467188
42.53671562082777, -0.1086172
42.77703604806408, -0.1623281
43.0173564753004, -0.2062734
43.257676902536716, -0.2551016
43.49799732977303, -0.2990469
43.73831775700935, -0.3381094
43.97863818424566, -0.3771719
44.21895861148197, -0.426
44.45927903871829, -0.4699453
44.699599465954606, -0.5138906
44.93991989319092, -0.5578359
45.18024032042724, -0.6017813
45.42056074766355, -0.6506094
45.66088117489986, -0.6847891
45.90120160213618, -0.7336172
46.141522029372496, -0.7775625
46.38184245660881, -0.8312734
46.62216288384513, -0.8752188
46.86248331108144, -0.9142813
47.10280373831775, -0.9631094
47.34312416555407, -1.007055
47.583444592790386, -1.046117
47.8237650200267, -1.08518
48.06408544726302, -1.129125
48.30440587449933, -1.168188
48.54472630173564, -1.217016
48.78504672897196, -1.265844
49.025367156208276, -1.309789
49.26568758344459, -1.348852
49.50600801068091, -1.387914
49.74632843791722, -1.436742
49.98664886515354, -1.480688
50.22696929238985, -1.529516
50.467289719626166, -1.563695
50.707610146862486, -1.617406
50.9479305740988, -1.656469
51.18825100133511, -1.705297
51.42857142857143, -1.734594
51.66889185580774, -1.783422
51.909212283044056, -1.83225
52.149532710280376, -1.876195
52.38985313751669, -1.925023
52.630173564753, -1.964086
52.87049399198932, -2.008031
53.11081441922563, -2.047094
53.351134846461946, -2.095922
53.591455273698266, -2.134984
53.83177570093458, -2.17893
54.07209612817089, -2.227758
54.31241655540721, -2.271703
54.55273698264352, -2.325414
54.793057409879836, -2.364477
55.033377837116156, -2.398656
55.27369826435247, -2.442602
55.51401869158878, -2.49143
55.7543391188251, -2.540258
55.99465954606141, -2.57932
56.234979973297726, -2.623266
56.475300400534046, -2.667211
56.71562082777036, -2.711156
56.95594125500667, -2.750219
57.19626168224299, -2.799047
57.4365821094793, -2.842992
57.676902536715616, -2.89182
57.917222963951936, -2.940648
58.15754339118825, -2.984594
58.39786381842457, -3.023656
58.63818424566088, -3.067602
58.87850467289719, -3.11643
59.11882510013351, -3.160375
59.359145527369826, -3.209203
59.59946595460614, -3.253148
59.83978638184246, -3.292211
60.08010680907877, -3.345922
60.32042723631508, -3.384984
60.5607476635514, -3.42893
60.801068090787716, -3.472875
61.04138851802403, -3.511938
61.28170894526035, -3.565648
61.52202937249666, -3.609594
61.762349799732974, -3.658422
62.00267022696929, -3.697484
62.242990654205606, -3.736547
62.48331108144192, -3.780492
62.72363150867824, -3.834203
62.96395193591455, -3.878148
63.204272363150864, -3.922094
63.44459279038718, -3.966039
63.684913217623496, -4.009984
63.92523364485981, -4.05393
64.16555407209613, -4.107641
64.40587449933244, -4.14182
64.64619492656875, -4.185766
64.88651535380507, -4.239477
65.1268357810414, -4.283422
65.3671562082777, -4.327367
65.60747663551402, -4.36643
65.84779706275033, -4.400609
66.08811748998664, -4.444555
66.32843791722296, -4.503148
66.56875834445928, -4.542211
66.8090787716956, -4.586156
67.04939919893191, -4.630102
67.28971962616822, -4.674047
67.53004005340453, -4.717992
67.77036048064085, -4.771703
68.01068090787717, -4.820531
68.25100133511349, -4.854711
68.4913217623498, -4.893773
68.73164218958611, -4.937719
68.97196261682242, -4.99143
69.21228304405875, -5.040258
69.45260347129506, -5.07932
69.69292389853138, -5.123266
69.93324432576769, -5.167211
70.173564753004, -5.216039
70.41388518024031, -5.259984
70.65420560747664, -5.308813
70.89452603471295, -5.352758
71.13484646194927, -5.386938
71.37516688918558, -5.435766
71.61548731642189, -5.484594
71.8558077436582, -5.538305
72.09612817089453, -5.577367
72.33644859813084, -5.626195
72.57676902536716, -5.670141
72.81708945260347, -5.714086
73.05740987983978, -5.758031
73.2977303070761, -5.801977
73.53805073431242, -5.841039
73.77837116154873, -5.875219
74.01869158878505, -5.933813
74.25901201602136, -5.977758
74.49933244325767, -6.031469
74.73965287049398, -6.065648
74.97997329773031, -6.114477
75.22029372496662, -6.153539
75.46061415220294, -6.20725
75.70093457943925, -6.260961
75.94125500667556, -6.300023
76.18157543391187, -6.343969
76.4218958611482, -6.392797
76.66221628838451, -6.436742
76.90253671562083, -6.480688
77.14285714285714, -6.524633
77.38317757009345, -6.563695
77.62349799732978, -6.607641
77.86381842456609, -6.646703
78.1041388518024, -6.695531
78.34445927903872, -6.744359
78.58477970627503, -6.788305
78.82510013351134, -6.83225
79.06542056074767, -6.871313
79.30574098798398, -6.920141
79.5460614152203, -6.968969
79.7863818424566, -7.02268
80.02670226969292, -7.061742
80.26702269692923, -7.095922
80.50734312416556, -7.14475
80.74766355140187, -7.193578
80.98798397863818, -7.242406
81.2283044058745, -7.291234
81.46862483311081, -7.340063
81.70894526034712, -7.379125
81.94926568758345, -7.42307
82.18958611481976, -7.467016
82.42990654205607, -7.520727
82.67022696929239, -7.57932
82.9105473965287, -7.623266
83.15086782376501, -7.662328
83.39118825100134, -7.706273
83.63150867823765, -7.745336
83.87182910547396, -7.794164
84.11214953271028, -7.842992
84.35246995994659, -7.89182
84.5927903871829, -7.926
84.83311081441923, -7.969945
85.07343124165554, -8.009008
85.31375166889185, -8.077367
85.55407209612817, -8.126195
85.79439252336448, -8.175023
86.0347129506008, -8.209203
86.27503337783712, -8.253148
86.51535380507343, -8.301977
86.75567423230974, -8.355688
86.99599465954606, -8.414281
87.23631508678237, -8.453344
87.4766355140187, -8.502172
87.71695594125501, -8.541234
87.95727636849132, -8.580297
88.19759679572763, -8.629125
88.43791722296395, -8.687719
88.67823765020026, -8.731664
88.91855807743659, -8.780492
89.1588785046729, -8.809789
89.39919893190921, -8.853734
89.63951935914552, -8.912328
89.87983978638184, -8.956273
90.12016021361815, -9.000219
90.36048064085448, -9.034398
90.60080106809079, -9.078344
90.8411214953271, -9.117406
91.08144192256341, -9.166234
91.32176234979973, -9.219945
91.56208277703604, -9.259008
91.80240320427237, -9.29807
92.04272363150868, -9.342016
92.28304405874499, -9.385961
92.5233644859813, -9.434789
92.76368491321762, -9.493383
93.00400534045394, -9.537328
93.24432576769026, -9.581273
93.48464619492657, -9.615453
93.72496662216288, -9.649633
93.9652870493992, -9.698461
94.2056074766355, -9.747289
94.44592790387183, -9.791234
94.68624833110815, -9.859594
94.92656875834446, -9.893773
95.16688918558077, -9.927953
95.40720961281708, -9.971898
95.6475300400534, -10.02073
95.88785046728972, -10.07444
96.12817089452604, -10.12815
96.36849132176235, -10.16721
96.60881174899866, -10.20627
96.84913217623497, -10.2551
97.08945260347129, -10.2844
97.32977303070761, -10.34299
97.57009345794393, -10.37717
97.81041388518024, -10.44553
98.05073431241655, -10.47971
98.29105473965286, -10.52854
98.53137516688918, -10.57737
98.7716955941255, -10.63108
99.01201602136182, -10.67991
99.25233644859813, -10.72873
99.49265687583444, -10.77756
99.73297730307075, -10.84104
99.97329773030708, -10.87034
100.2136181575434, -10.91428
100.4539385847797, -10.95823
100.69425901201602, -11.01194
100.93457943925233, -11.06565
101.17489986648864, -11.10959
101.41522029372497, -11.13889
101.65554072096128, -11.17307
101.8958611481976, -11.2219
102.13618157543391, -11.27561
102.37650200267022, -11.32444
102.61682242990653, -11.38303
102.85714285714286, -11.42698
103.09746328437917, -11.46604
103.33778371161549, -11.50998
103.5781041388518, -11.54416
103.81842456608811, -11.59299
104.05874499332442, -11.6467
104.29906542056075, -11.68577
104.53938584779706, -11.73459
104.77970627503338, -11.76877
105.02002670226969, -11.8176
105.260347129506, -11.85178
105.50066755674231, -11.89084
105.74098798397864, -11.94455
105.98130841121495, -11.99338
106.22162883845127, -12.04709
106.46194926568758, -12.08127
106.70226969292389, -12.11057
106.9425901201602, -12.14475
107.18291054739653, -12.19846
107.42323097463284, -12.25705
107.66355140186916, -12.31565
107.90387182910547, -12.36936
108.14419225634178, -12.4133
108.38451268357811, -12.4426
108.62483311081442, -12.46702
108.86515353805073, -12.52561
109.10547396528705, -12.57932
109.34579439252336, -12.63303
109.58611481975967, -12.69163
109.826435246996, -12.7258
110.06675567423231, -12.76487
110.30707610146862, -12.79905
110.54739652870494, -12.82834
110.78771695594125, -12.87717
111.02803738317756, -12.93577
111.26835781041389, -12.98948
111.5086782376502, -13.05295
111.74899866488651, -13.0969
111.98931909212283, -13.1262
112.22963951935914, -13.14573
112.46995994659545, -13.17502
112.71028037383178, -13.22873
112.95060080106809, -13.28245
113.1909212283044, -13.34592
113.43124165554072, -13.39475
113.67156208277703, -13.44358
113.91188251001334, -13.46799
114.15220293724967, -13.51194
114.39252336448598, -13.55588
114.6328437917223, -13.60959
114.8731642189586, -13.69748
115.11348464619492, -13.75608
115.35380507343123, -13.79514
115.59412550066756, -13.8342
115.83444592790387, -13.86838
116.07476635514018, -13.90745
116.3150867823765, -13.96116
116.55540720961281, -14.0051
116.79572763684914, -14.06858
117.03604806408545, -14.13694
117.27636849132176, -14.18088
117.51668891855807, -14.21018
117.75700934579439, -14.26389
117.9973297730307, -14.29319
118.23765020026703, -14.35178
118.47797062750334, -14.42502
118.71829105473965, -14.48362
118.95861148197596, -14.54709
119.19893190921228, -14.58616
119.43925233644859, -14.61545
119.67957276368492, -14.66916
119.91989319092123, -14.69358
120.16021361815754, -14.74729
120.40053404539385, -14.79612
120.64085447263017, -14.84495
120.88117489986648, -14.92307
121.1214953271028, -14.9719
121.36181575433912, -15.01096
121.60213618157543, -15.05979
121.84245660881174, -15.08909
122.08277703604806, -15.13303
122.32309746328437, -15.19163
122.5634178905207, -15.24534
122.80373831775701, -15.29905
123.04405874499332, -15.34299
123.28437917222963, -15.38205
123.52469959946595, -15.426
123.76502002670227, -15.46506
124.00534045393859, -15.51389
124.2456608811749, -15.5676
124.48598130841121, -15.62131
124.72630173564752, -15.68967
124.96662216288384, -15.73362
125.20694259012016, -15.78245
125.44726301735648, -15.84104
125.68758344459279, -15.89475
125.9279038718291, -15.91916
126.16822429906541, -15.94846
126.40854472630173, -15.97776
126.64886515353805, -16.03147
126.88918558077437, -16.09983
127.12950600801068, -16.17307
127.36982643524699, -16.21213
127.6101468624833, -16.24143
127.85046728971962, -16.28049
128.09078771695593, -16.30491
128.33110814419226, -16.3342
128.57142857142856, -16.38303
128.81174899866488, -16.44163
129.0520694259012, -16.52952
129.2923898531375, -16.61252
129.53271028037383, -16.66135
129.77303070761013, -16.69065
130.01335113484646, -16.71018
130.2536715620828, -16.74436
130.49399198931908, -16.75901
130.7343124165554, -16.81272
130.9746328437917, -16.83713
131.21495327102804, -16.91038
131.45527369826436, -16.96897
131.69559412550066, -17.02268
131.935914552737, -17.07151
132.1762349799733, -17.09592
132.41655540720961, -17.1301
132.6568758344459, -17.14963
132.89719626168224, -17.17893
133.13751668891857, -17.25217
133.37783711615486, -17.32541
133.6181575433912, -17.37424
133.8584779706275, -17.42795
134.09879839786382, -17.5012
134.33911882510014, -17.53049
134.57943925233644, -17.55491
134.81975967957277, -17.5842
135.06008010680907, -17.62327
135.3004005340454, -17.65745
135.5407209612817, -17.71116
135.78104138851802, -17.79416
136.02136181575435, -17.87717
136.26168224299064, -17.93577
136.50200267022697, -17.99436
136.74232309746327, -18.03342
136.9826435246996, -18.07248
137.22296395193592, -18.08225
137.46328437917222, -18.12131
137.70360480640855, -18.14084
137.94392523364485, -18.19455
138.18424566088117, -18.25315
138.4245660881175, -18.32151
138.6648865153538, -18.37034
138.90520694259013, -18.4387
139.14552736982643, -18.46799
139.38584779706275, -18.48752
139.62616822429905, -18.54612
139.86648865153538, -18.56077
140.1068090787717, -18.61936
140.347129506008, -18.62424
140.58744993324433, -18.68284
140.82777036048063, -18.74631
141.06809078771695, -18.81467
141.30841121495328, -18.88303
141.54873164218958, -18.96116
141.7890520694259, -19.00022
142.0293724966622, -19.02952
142.26969292389853, -19.0637
142.51001335113483, -19.11252
142.75033377837116, -19.14182
142.99065420560748, -19.21018
143.23097463284378, -19.27854
143.4712950600801, -19.36643
143.7116154873164, -19.43479
143.95193591455273, -19.51291
144.19225634178906, -19.53733
144.43257676902536, -19.57151
144.6728971962617, -19.58616
144.91321762349799, -19.60569
145.1535380507343, -19.6594
145.3938584779706, -19.68381
145.63417890520694, -19.70823
145.87449933244326, -19.76194
146.11481975967956, -19.83518
146.3551401869159, -19.90354
146.5954606141522, -20.00608
146.83578104138851, -20.05002
147.07610146862484, -20.10373
147.31642189586114, -20.13303
147.55674232309747, -20.16721
147.79706275033377, -20.18186
148.0373831775701, -20.20627
148.27770360480642, -20.23069
148.51802403204272, -20.28928
148.75834445927904, -20.37229
148.99866488651534, -20.42112
149.23898531375167, -20.46995
149.47930574098797, -20.52366
149.7196261682243, -20.58713
149.95994659546062, -20.65549
150.20026702269692, -20.67014
150.44058744993325, -20.71409
150.68090787716955, -20.73362
150.92122830440587, -20.74827
151.1615487316422, -20.79221
151.4018691588785, -20.84104
151.64218958611482, -20.8801
151.88251001335112, -20.97288
152.12283044058745, -21.08518
152.36315086782375, -21.11936
152.60347129506007, -21.17795
152.8437917222964, -21.22678
153.0841121495327, -21.27073
153.32443257676903, -21.30491
153.56475300400533, -21.34397
153.80507343124165, -21.36838
154.04539385847798, -21.37815
154.28571428571428, -21.39768
154.5260347129506, -21.45139
154.7663551401869, -21.49045
155.00667556742323, -21.55881
155.24699599465956, -21.62229
155.48731642189586, -21.65159
155.72763684913218, -21.75901
155.96795727636848, -21.82248
156.2082777036048, -21.83713
156.4485981308411, -21.8469
156.68891855807743, -21.85666
156.92923898531376, -21.89573
157.16955941255006, -21.94944
157.40987983978638, -21.94944
157.65020026702268, -21.99338
157.890520694259, -22.06174
158.13084112149534, -22.1594
158.37116154873164, -22.19358
158.61148197596796, -22.29123
158.85180240320426, -22.39866
159.0921228304406, -22.4719
159.33244325767689, -22.48655
159.5727636849132, -22.51096
159.81308411214954, -22.50608
160.05340453938584, -22.53538
160.29372496662216, -22.54514
160.53404539385846, -22.56467
160.7743658210948, -22.6135
161.01468624833112, -22.70139
161.25500667556742, -22.77463
161.49532710280374, -22.85276
161.73564753004004, -22.93577
161.97596795727637, -23.0383
162.2162883845127, -23.06272
162.456608811749, -23.14084
162.69692923898532, -23.17502
162.93724966622162, -23.24338
163.17757009345794, -23.28245
163.41789052069424, -23.30198
163.65821094793057, -23.25803
163.8985313751669, -23.28245
164.1388518024032, -23.30198
164.37917222963952, -23.33616
164.61949265687582, -23.37034
164.85981308411215, -23.42893
165.10013351134847, -23.49241
165.34045393858477, -23.56565
165.5807743658211, -23.63401
165.8210947930574, -23.7219
166.06141522029372, -23.8342
166.30173564753002, -23.90256
166.54205607476635, -23.96604
166.78237650200268, -24.01975
167.02269692923898, -24.04905
167.2630173564753, -24.06858
167.5033377837116, -24.05881
167.74365821094793, -24.05881
167.98397863818425, -24.02952
168.22429906542055, -24.12229
168.46461949265688, -24.15159
168.70493991989318, -24.16623
168.9452603471295, -24.24436
169.1855807743658, -24.31272
169.42590120160213, -24.42014
169.66622162883846, -24.42991
169.90654205607476, -24.53733
170.14686248331108, -24.62522
170.38718291054738, -24.62522
170.6275033377837, -24.66916
170.86782376502003, -24.69358
171.10814419225633, -24.73752
171.34846461949266, -24.73264
171.58878504672896, -24.73752
171.82910547396529, -24.75705
172.0694259012016, -24.70334
172.3097463284379, -24.74729
172.55006675567424, -24.76682
172.79038718291054, -24.801
173.03070761014686, -24.82541
173.27102803738316, -24.89866
173.5113484646195, -24.98655
173.75166889185581, -25.12327
173.9919893190921, -25.22092
174.23230974632844, -25.38205
174.47263017356474, -25.43577
174.71295060080107, -25.50901
174.9532710280374, -25.56272
175.1935914552737, -25.61155
175.43391188251002, -25.65061
175.67423230974632, -25.65549
175.91455273698264, -25.63108
176.15487316421894, -25.71409
176.39519359145527, -25.7092
176.6355140186916, -25.74338
176.8758344459279, -25.7385
177.11615487316422, -25.78733
177.35647530040052, -25.89963
177.59679572763685, -25.96311
177.83711615487317, -26.0803
178.07743658210947, -26.1633
178.3177570093458, -26.3342
178.5580774365821, -26.37327
178.79839786381842, -26.44163
179.03871829105475, -26.55393
179.27903871829105, -26.66135
179.51935914552737, -26.75413
179.75967957276367, -26.79319
180.0, -26.94944
