% Measurement ID: 3391
% Mode ID: 1
% Date and time: 2020-02-04 09:47:26
% Sample ID: PSE2-75-12
% Measurement type: ringdown
% Frequency [Hz]: 26524.0
% Quality factor: 124158.25920823407
% Temperature [K]: 293.0
% Pressure [mBar]: 3.96e-08
% Notes: 
% 
%
% measurement data
% time [s], power [dBm]
0.0, 7.752711
0.04205607476635514, 7.659937
0.08411214953271028, 7.655055
0.1261682242990654, 7.777125
0.16822429906542055, 7.679469
0.2102803738317757, 7.694117
0.2523364485981308, 7.674586
0.29439252336448596, 7.757594
0.3364485981308411, 7.410914
0.37850467289719625, 7.279078
0.4205607476635514, 7.113062
0.46261682242990654, 7.000758
0.5046728971962616, 6.878687
0.5467289719626168, 6.678492
0.5887850467289719, 6.497828
0.6308411214953271, 6.263453
0.6728971962616822, 5.965602
0.7149532710280373, 5.540797
0.7570093457943925, 5.501734
0.7990654205607476, 5.330836
0.8411214953271028, 5.091578
0.8831775700934579, 4.949977
0.9252336448598131, 4.871852
0.9672897196261682, 4.720484
1.0093457943925233, 4.447047
1.0514018691588785, 4.2615
1.0934579439252337, 4.095484
1.1355140186915886, 3.885523
1.1775700934579438, 3.67068
1.219626168224299, 3.436305
1.2616822429906542, 3.20193
1.3037383177570092, 2.982203
1.3457943925233644, 2.708766
1.3878504672897196, 2.415797
1.4299065420560746, 2.303492
1.4719626168224298, 2.132594
1.514018691588785, 1.91775
1.5560747663551402, 1.712672
1.5981308411214952, 1.541773
1.6401869158878504, 1.312281
1.6822429906542056, 1.058375
1.7242990654205606, 0.8435312
1.7663551401869158, 0.6384531
1.808411214953271, 0.3406016
1.8504672897196262, 0.03786719
1.8925233644859811, -0.2013906
1.9345794392523363, -0.3381094
1.9766355140186915, -0.5724844
2.0186915887850465, -0.816625
2.060747663551402, -1.011938
2.102803738317757, -1.168188
2.144859813084112, -1.392797
2.1869158878504673, -1.695531
2.2289719626168223, -1.905492
2.2710280373831773, -2.11057
2.3130841121495327, -2.388891
2.3551401869158877, -2.667211
2.3971962616822426, -2.89182
2.439252336448598, -3.155492
2.481308411214953, -3.399633
2.5233644859813085, -3.721898
2.5654205607476634, -4.024633
2.6074766355140184, -4.21018
2.649532710280374, -4.444555
2.691588785046729, -4.801
2.733644859813084, -5.020727
2.7757009345794392, -5.264867
2.817757009345794, -5.543188
2.859813084112149, -5.767797
2.9018691588785046, -5.982641
2.9439252336448596, -6.275609
2.985981308411215, -6.529516
3.02803738317757, -6.788305
3.070093457943925, -6.973852
3.1121495327102804, -7.174047
3.1542056074766354, -7.384008
3.1962616822429903, -7.6135
3.2383177570093458, -7.847875
3.2803738317757007, -8.106664
3.3224299065420557, -8.399633
3.364485981308411, -8.839086
3.406542056074766, -9.190648
3.448598130841121, -9.400609
3.4906542056074765, -9.649633
3.5327102803738315, -9.942602
3.574766355140187, -10.0842
3.616822429906542, -10.23557
3.658878504672897, -10.35764
3.7009345794392523, -10.60178
3.7429906542056073, -10.99241
3.7850467289719623, -11.06077
3.8271028037383177, -11.51487
3.8691588785046727, -11.88108
3.9112149532710276, -12.12034
3.953271028037383, -12.46702
3.995327102803738, -12.40354
4.037383177570093, -12.56467
4.079439252336448, -12.77463
4.121495327102804, -13.00413
4.163551401869158, -13.25803
4.205607476635514, -13.62913
4.247663551401869, -14.05393
4.289719626168224, -14.35178
4.331775700934579, -14.53733
4.373831775700935, -14.64963
4.415887850467289, -14.86936
4.457943925233645, -15.0842
4.5, -15.21604
4.5420560747663545, -15.34788
4.58411214953271, -15.56272
4.626168224299065, -15.96311
4.66822429906542, -16.0217
4.710280373831775, -16.26096
4.752336448598131, -16.5344
4.794392523364485, -16.74924
4.836448598130841, -17.21311
4.878504672897196, -17.30588
4.920560747663552, -17.67209
4.962616822429906, -17.96018
5.0046728971962615, -17.98948
5.046728971962617, -18.16038
5.0887850467289715, -18.70725
5.130841121495327, -18.87815
5.172897196261682, -19.16623
5.214953271028037, -19.52268
5.257009345794392, -19.75217
5.299065420560748, -20.03538
5.341121495327102, -20.21604
5.383177570093458, -20.40647
5.425233644859813, -20.77756
5.467289719626168, -21.25608
5.509345794392523, -21.55881
5.5514018691588785, -21.86155
5.593457943925233, -22.38889
5.635514018691588, -22.66721
5.677570093457944, -22.82346
5.719626168224298, -22.91623
5.761682242990654, -22.76975
5.803738317757009, -22.78928
5.845794392523364, -23.05784
5.887850467289719, -22.78928
5.929906542056075, -22.84299
5.97196261682243, -23.2385
6.0140186915887845, -23.30198
6.05607476635514, -23.40452
6.098130841121495, -23.17991
6.14018691588785, -23.26291
6.182242990654205, -23.25315
6.224299065420561, -23.34104
6.266355140186915, -23.57053
6.308411214953271, -23.88791
6.350467289719626, -24.03928
6.392523364485981, -24.02952
6.434579439252336, -24.35666
6.4766355140186915, -24.39084
6.518691588785046, -24.53733
6.5607476635514015, -25.25998
6.602803738317757, -25.56272
6.644859813084111, -25.55295
6.686915887850467, -25.95334
6.728971962616822, -26.676
6.771028037383177, -27.09592
6.813084112149532, -27.07151
6.855140186915888, -27.29612
6.897196261682242, -27.77952
6.939252336448598, -28.08225
6.981308411214953, -27.96995
7.0233644859813085, -27.97483
7.065420560747663, -28.23362
7.107476635514018, -28.92209
7.149532710280374, -28.71702
7.191588785046728, -28.71702
7.233644859813084, -29.0637
7.275700934579439, -29.01487
7.317757009345794, -29.05393
7.359813084112149, -29.46897
7.401869158878505, -29.41038
7.443925233644859, -29.78635
7.485981308411215, -30.16233
7.52803738317757, -30.47971
7.5700934579439245, -32.00315
7.61214953271028, -32.28147
7.654205607476635, -32.66721
7.69626168224299, -33.11643
7.738317757009345, -33.28245
7.780373831775701, -34.32737
7.822429906542055, -34.37131
7.864485981308411, -35.18186
7.906542056074766, -35.54807
7.948598130841121, -35.96311
7.990654205607476, -35.21604
8.03271028037383, -35.2258
8.074766355140186, -35.9387
8.116822429906541, -35.38205
8.158878504672897, -35.39182
8.200934579439252, -37.05198
8.242990654205608, -38.08225
8.285046728971961, -38.39963
8.327102803738317, -40.31858
8.369158878504672, -39.64963
8.411214953271028, -38.71213
8.453271028037383, -37.61838
8.495327102803738, -38.0383
8.537383177570092, -38.50705
8.579439252336448, -37.57444
8.621495327102803, -36.13889
8.663551401869158, -36.03635
8.705607476635514, -36.3928
8.74766355140187, -38.4094
8.789719626168225, -38.38987
8.831775700934578, -38.10666
8.873831775700934, -38.68284
8.91588785046729, -40.10862
8.957943925233645, -42.87717
9.0, -42.35471
9.042056074766355, -41.1926
9.084112149532709, -40.84104
9.126168224299064, -40.96799
9.16822429906542, -41.18284
9.210280373831775, -43.65842
9.25233644859813, -43.66819
9.294392523364486, -43.83909
9.33644859813084, -42.45725
9.378504672897195, -41.13889
9.42056074766355, -38.33127
9.462616822429906, -38.2385
9.504672897196262, -39.99143
9.546728971962617, -40.68479
9.58878504672897, -41.21213
9.630841121495326, -41.22678
9.672897196261681, -41.88596
9.714953271028037, -43.80491
9.757009345794392, -41.49045
9.799065420560748, -38.07737
9.841121495327103, -38.0969
9.883177570093457, -38.07248
9.925233644859812, -39.43967
9.967289719626168, -37.80393
10.009345794392523, -37.91623
10.051401869158878, -39.43479
10.093457943925234, -37.71116
10.135514018691588, -37.74045
10.177570093457943, -39.08323
10.219626168224298, -41.73459
10.261682242990654, -44.19065
10.30373831775701, -44.76194
10.345794392523365, -43.54612
10.387850467289718, -41.63205
10.429906542056074, -41.09983
10.47196261682243, -42.70627
10.514018691588785, -41.82737
10.55607476635514, -41.69065
10.598130841121495, -42.69651
10.640186915887849, -43.42893
10.682242990654204, -41.69553
10.72429906542056, -41.80784
10.766355140186915, -41.63694
10.80841121495327, -41.49045
10.850467289719626, -38.60471
10.892523364485982, -35.72385
10.934579439252335, -35.50413
10.97663551401869, -36.89084
11.018691588785046, -37.31077
11.060747663551401, -37.34983
11.102803738317757, -36.85178
11.144859813084112, -44.87393
11.186915887850466, -44.82216
11.228971962616821, -44.77078
11.271028037383177, -44.71979
11.313084112149532, -44.6692
11.355140186915888, -44.61901
11.397196261682243, -44.5692
11.439252336448597, -44.5198
11.481308411214952, -44.47078
11.523364485981308, -44.42217
11.565420560747663, -44.37394
11.607476635514018, -44.32611
11.649532710280374, -44.27868
11.691588785046727, -44.23164
11.733644859813083, -44.18499
11.775700934579438, -44.13874
11.817757009345794, -44.09288
11.85981308411215, -44.04742
11.901869158878505, -44.00235
11.94392523364486, -43.95767
11.985981308411214, -43.91339
12.028037383177569, -43.86951
12.070093457943925, -43.82602
12.11214953271028, -43.78292
12.154205607476635, -43.74022
12.19626168224299, -43.69791
12.238317757009344, -43.656
12.2803738317757, -43.61448
12.322429906542055, -43.57488
12.36448598130841, -43.53576
12.406542056074766, -43.49711
12.448598130841122, -43.45895
12.490654205607475, -43.42126
12.53271028037383, -43.38405
12.574766355140186, -43.34731
12.616822429906541, -43.31105
12.658878504672897, -43.27527
12.700934579439252, -43.23996
12.742990654205606, -43.20514
12.785046728971961, -43.17078
12.827102803738317, -43.13691
12.869158878504672, -43.10351
12.911214953271028, -43.07059
12.953271028037383, -43.03815
12.995327102803738, -43.00618
13.037383177570092, -42.97469
13.079439252336448, -42.94368
13.121495327102803, -42.91315
13.163551401869158, -42.88309
13.205607476635514, -42.85351
13.24766355140187, -42.8244
13.289719626168223, -42.79577
13.331775700934578, -42.76762
13.373831775700934, -42.73995
13.41588785046729, -42.71275
13.457943925233645, -42.68603
13.5, -42.65979
13.542056074766354, -42.63402
13.584112149532709, -42.60873
13.626168224299064, -42.58392
13.66822429906542, -42.55959
13.710280373831775, -42.53573
13.75233644859813, -42.51235
13.794392523364484, -42.48944
13.83644859813084, -42.46702
13.878504672897195, -42.44414
13.92056074766355, -42.42168
13.962616822429906, -42.39966
14.004672897196262, -42.37806
14.046728971962617, -42.35689
14.08878504672897, -42.33615
14.130841121495326, -42.31584
14.172897196261681, -42.29596
14.214953271028037, -42.2765
14.257009345794392, -42.25747
14.299065420560748, -42.23887
14.341121495327101, -42.2207
14.383177570093457, -42.20295
14.425233644859812, -42.18564
14.467289719626168, -42.16875
14.509345794392523, -42.15229
14.551401869158878, -42.13626
14.593457943925232, -42.12065
14.635514018691588, -42.10548
14.677570093457943, -42.09073
14.719626168224298, -42.07641
14.761682242990654, -42.06252
14.80373831775701, -42.04905
14.845794392523363, -42.03602
14.887850467289718, -42.02341
14.929906542056074, -42.01123
14.97196261682243, -41.99947
15.014018691588785, -41.98815
15.05607476635514, -41.97725
15.098130841121495, -41.96679
15.140186915887849, -41.95675
15.182242990654204, -41.94713
15.22429906542056, -41.93795
15.266355140186915, -41.92919
15.30841121495327, -41.92086
15.350467289719626, -41.91296
15.39252336448598, -41.90549
15.434579439252335, -41.89913
15.47663551401869, -41.89324
15.518691588785046, -41.88781
15.560747663551401, -41.88284
15.602803738317757, -41.87834
15.64485981308411, -41.8743
15.686915887850466, -41.87073
15.728971962616821, -41.86762
15.771028037383177, -41.86497
15.813084112149532, -41.86279
15.855140186915888, -41.86107
15.897196261682241, -41.85982
15.939252336448597, -41.85903
15.981308411214952, -41.85871
16.023364485981308, -41.85885
16.06542056074766, -41.85945
16.10747663551402, -41.86052
16.149532710280372, -41.86205
16.19158878504673, -41.86404
16.233644859813083, -41.8665
16.27570093457944, -41.86942
16.317757009345794, -41.87281
16.359813084112147, -41.87666
16.401869158878505, -41.88098
16.44392523364486, -41.88576
16.485981308411215, -41.891
16.52803738317757, -41.89671
16.570093457943923, -41.90288
16.61214953271028, -41.90952
16.654205607476634, -41.91662
16.69626168224299, -41.92419
16.738317757009344, -41.93221
16.7803738317757, -41.94071
16.822429906542055, -41.94966
16.86448598130841, -41.95908
16.906542056074766, -41.96897
16.94859813084112, -41.97847
16.990654205607477, -41.98838
17.03271028037383, -41.99872
17.074766355140184, -42.00947
17.11682242990654, -42.02064
17.158878504672895, -42.03223
17.200934579439252, -42.04424
17.242990654205606, -42.05666
17.285046728971963, -42.0695
17.327102803738317, -42.08276
17.36915887850467, -42.09644
17.411214953271028, -42.11054
17.45327102803738, -42.12506
17.49532710280374, -42.13999
17.537383177570092, -42.15534
17.57943925233645, -42.17111
17.621495327102803, -42.1873
17.663551401869157, -42.2039
17.705607476635514, -42.22093
17.747663551401867, -42.23837
17.789719626168225, -42.25623
17.83177570093458, -42.27451
17.873831775700932, -42.2932
17.91588785046729, -42.31232
17.957943925233643, -42.33185
18.0, -42.3518
18.042056074766354, -42.37217
18.08411214953271, -42.39296
18.126168224299064, -42.41416
18.168224299065418, -42.43578
18.210280373831775, -42.45783
18.25233644859813, -42.48028
18.294392523364486, -42.50316
18.33644859813084, -42.52646
18.378504672897197, -42.55017
18.42056074766355, -42.5743
18.462616822429904, -42.59885
18.50467289719626, -42.62475
18.546728971962615, -42.65112
18.588785046728972, -42.67796
18.630841121495326, -42.70526
18.67289719626168, -42.73303
18.714953271028037, -42.76127
18.75700934579439, -42.78997
18.799065420560748, -42.81915
18.8411214953271, -42.84878
18.88317757009346, -42.87889
18.925233644859812, -42.90946
18.967289719626166, -42.94051
19.009345794392523, -42.97201
19.051401869158877, -43.00399
19.093457943925234, -43.03643
19.135514018691588, -43.06934
19.17757009345794, -43.10272
19.2196261682243, -43.13656
19.261682242990652, -43.17088
19.30373831775701, -43.20565
19.345794392523363, -43.2409
19.38785046728972, -43.27661
19.429906542056074, -43.31279
19.471962616822427, -43.34944
19.514018691588785, -43.38656
19.556074766355138, -43.42414
19.598130841121495, -43.46219
19.64018691588785, -43.50071
19.682242990654206, -43.53969
19.72429906542056, -43.57914
19.766355140186914, -43.61906
19.80841121495327, -43.65945
19.850467289719624, -43.7003
19.89252336448598, -43.74162
19.934579439252335, -43.78341
19.97663551401869, -43.82566
20.018691588785046, -43.86838
20.0607476635514, -43.91159
20.102803738317757, -43.95527
20.14485981308411, -43.99942
20.186915887850468, -44.04403
20.22897196261682, -44.08911
20.271028037383175, -44.13467
20.313084112149532, -44.18068
20.355140186915886, -44.22717
20.397196261682243, -44.27413
20.439252336448597, -44.32155
20.481308411214954, -44.36945
20.523364485981308, -44.41781
20.56542056074766, -44.46664
20.60747663551402, -44.51593
20.649532710280372, -44.5657
20.69158878504673, -44.61593
20.733644859813083, -44.66664
20.775700934579437, -44.71781
20.817757009345794, -44.76945
20.859813084112147, -44.82156
20.901869158878505, -44.87413
20.94392523364486, -44.92718
20.985981308411215, -44.98069
21.02803738317757, -45.03467
21.070093457943923, -45.08912
21.11214953271028, -45.14404
21.154205607476634, -45.19942
21.19626168224299, -45.25528
21.238317757009344, -45.3116
21.280373831775698, -45.36839
21.322429906542055, -45.42565
21.36448598130841, -45.48338
21.406542056074766, -45.54157
21.44859813084112, -45.60024
21.490654205607477, -45.65937
21.53271028037383, -45.71897
21.574766355140184, -45.77857
21.61682242990654, -45.83861
21.658878504672895, -45.89909
21.700934579439252, -45.96001
21.742990654205606, -46.02138
21.785046728971963, -46.08319
21.827102803738317, -46.14545
21.86915887850467, -46.20814
21.911214953271028, -46.27128
21.95327102803738, -46.33487
21.99532710280374, -46.39889
22.037383177570092, -46.46336
22.079439252336446, -46.52827
22.121495327102803, -46.59362
22.163551401869157, -46.65942
22.205607476635514, -46.72566
22.247663551401867, -46.79234
22.289719626168225, -46.85947
22.33177570093458, -46.92703
22.373831775700932, -46.99504
22.41588785046729, -47.0635
22.457943925233643, -47.13239
22.5, -47.20173
22.542056074766354, -47.27151
22.584112149532707, -47.34174
22.626168224299064, -47.4124
22.668224299065418, -47.48351
22.710280373831775, -47.55507
22.75233644859813, -47.62706
22.794392523364486, -47.6995
22.83644859813084, -47.77238
22.878504672897193, -47.84571
22.92056074766355, -47.91947
22.962616822429904, -47.99368
23.00467289719626, -48.06834
23.046728971962615, -48.14343
23.088785046728972, -48.21897
23.130841121495326, -48.29733
23.17289719626168, -48.37625
23.214953271028037, -48.45575
23.25700934579439, -48.53581
23.299065420560748, -48.61644
23.3411214953271, -48.69764
23.383177570093455, -48.77941
23.425233644859812, -48.86174
23.467289719626166, -48.94464
23.509345794392523, -49.02811
23.551401869158877, -49.11215
23.593457943925234, -49.19676
23.635514018691588, -49.28193
23.67757009345794, -49.36767
23.7196261682243, -49.45398
23.761682242990652, -49.54086
23.80373831775701, -49.6283
23.845794392523363, -49.71632
23.88785046728972, -49.8049
23.929906542056074, -49.89405
23.971962616822427, -49.98377
24.014018691588785, -50.07405
24.056074766355138, -50.1649
24.098130841121495, -50.25633
24.14018691588785, -50.34831
24.182242990654203, -50.44087
24.22429906542056, -50.534
24.266355140186914, -50.62769
24.30841121495327, -50.72195
24.350467289719624, -50.81678
24.39252336448598, -50.91218
24.434579439252335, -51.00814
24.47663551401869, -51.10467
24.518691588785046, -51.20177
24.5607476635514, -51.29944
24.602803738317757, -51.39768
24.64485981308411, -51.49366
24.686915887850464, -51.59006
24.72897196261682, -51.68688
24.771028037383175, -51.78411
24.813084112149532, -51.88175
24.855140186915886, -51.97982
24.897196261682243, -52.07829
24.939252336448597, -52.17719
24.98130841121495, -52.27649
25.023364485981308, -52.37622
25.06542056074766, -52.47636
25.10747663551402, -52.57691
25.149532710280372, -52.67788
25.19158878504673, -52.77927
25.233644859813083, -52.88107
25.275700934579437, -52.98328
25.317757009345794, -53.08591
25.359813084112147, -53.18896
25.401869158878505, -53.29243
25.44392523364486, -53.3963
25.485981308411212, -53.5006
25.52803738317757, -53.60531
25.570093457943923, -53.71043
25.61214953271028, -53.81597
25.654205607476634, -53.92193
25.69626168224299, -54.0283
25.738317757009344, -54.13509
25.780373831775698, -54.24229
25.822429906542055, -54.34991
25.86448598130841, -54.45794
25.906542056074766, -54.56639
25.94859813084112, -54.67525
25.990654205607477, -54.78453
26.03271028037383, -54.89423
26.074766355140184, -55.00434
26.11682242990654, -55.11486
26.158878504672895, -55.2258
26.200934579439252, -55.33882
26.242990654205606, -55.45234
26.28504672897196, -55.56637
26.327102803738317, -55.68089
26.36915887850467, -55.79592
26.411214953271028, -55.91146
26.45327102803738, -56.02749
26.49532710280374, -56.14403
26.537383177570092, -56.26107
26.579439252336446, -56.37862
26.621495327102803, -56.49666
26.663551401869157, -56.61521
26.705607476635514, -56.73427
26.747663551401867, -56.85382
26.78971962616822, -56.97388
26.83177570093458, -57.09444
26.873831775700932, -57.21551
26.91588785046729, -57.33707
26.957943925233643, -57.45914
27.0, -57.58172
27.042056074766354, -57.70479
27.084112149532707, -57.82837
27.126168224299064, -57.95245
27.168224299065418, -58.07704
27.210280373831775, -58.20213
27.25233644859813, -58.32772
27.294392523364486, -58.45381
27.33644859813084, -58.58041
27.378504672897193, -58.70751
27.42056074766355, -58.83511
27.462616822429904, -58.96321
27.50467289719626, -59.09182
27.546728971962615, -59.22093
27.58878504672897, -59.35055
27.630841121495326, -59.48066
27.67289719626168, -59.61128
27.714953271028037, -59.74241
27.75700934579439, -59.86815
27.799065420560748, -59.99408
27.8411214953271, -60.12021
27.883177570093455, -60.24653
27.925233644859812, -60.37305
27.967289719626166, -60.49975
28.009345794392523, -60.62666
28.051401869158877, -60.75375
28.093457943925234, -60.88104
28.135514018691588, -61.00852
28.17757009345794, -61.13619
28.2196261682243, -61.26406
28.261682242990652, -61.39212
28.30373831775701, -61.52037
28.345794392523363, -61.64882
28.387850467289717, -61.77746
28.429906542056074, -61.90629
28.471962616822427, -62.03532
28.514018691588785, -62.16454
28.556074766355138, -62.29395
28.598130841121495, -62.42356
28.64018691588785, -62.55336
28.682242990654203, -62.68335
28.72429906542056, -62.81354
28.766355140186914, -62.94392
28.80841121495327, -63.07449
28.850467289719624, -63.20526
28.892523364485978, -63.33622
28.934579439252335, -63.46737
28.97663551401869, -63.59871
29.018691588785046, -63.73025
29.0607476635514, -63.86198
29.102803738317757, -63.99391
29.14485981308411, -64.12603
29.186915887850464, -64.25834
29.22897196261682, -64.39084
29.271028037383175, -64.50629
29.313084112149532, -64.621
29.355140186915886, -64.73497
29.397196261682243, -64.8482
29.439252336448597, -64.96069
29.48130841121495, -65.07245
29.523364485981308, -65.18346
29.56542056074766, -65.29373
29.60747663551402, -65.40327
29.649532710280372, -65.51206
29.691588785046726, -65.62012
29.733644859813083, -65.72744
29.775700934579437, -65.83402
29.817757009345794, -65.93986
29.859813084112147, -66.04496
29.901869158878505, -66.14932
29.94392523364486, -66.25294
29.985981308411212, -66.35582
30.02803738317757, -66.45796
30.070093457943923, -66.55937
30.11214953271028, -66.66003
30.154205607476634, -66.75996
30.19626168224299, -66.85914
30.238317757009344, -66.95759
30.280373831775698, -67.0553
30.322429906542055, -67.15227
30.36448598130841, -67.2485
30.406542056074766, -67.34399
30.44859813084112, -67.43874
30.490654205607473, -67.53275
30.53271028037383, -67.62603
30.574766355140184, -67.71856
30.61682242990654, -67.81035
30.658878504672895, -67.90141
30.700934579439252, -67.99173
30.742990654205606, -68.0813
30.78504672897196, -68.17014
30.827102803738317, -68.24707
30.86915887850467, -68.32268
30.911214953271028, -68.39696
30.95327102803738, -68.46991
30.995327102803735, -68.54154
31.037383177570092, -68.61184
31.079439252336446, -68.68081
31.121495327102803, -68.74846
31.163551401869157, -68.81478
31.205607476635514, -68.87977
31.247663551401867, -68.94344
31.28971962616822, -69.00578
31.33177570093458, -69.06679
31.373831775700932, -69.12647
31.41588785046729, -69.18483
31.457943925233643, -69.24186
31.5, -69.29757
