% Measurement ID: 2994
% Mode ID: 1
% Date and time: 2020-02-24 14:34:18
% Sample ID: TOT27-84
% Measurement type: ringdown
% Frequency [Hz]: 182882.0
% Quality factor: 28620729.44002297
% Temperature [K]: 293.0
% Pressure [mBar]: 4.18e-07
% Notes: 
% 
%
% measurement data
% time [s], power [dBm]
0.0, 14.18337
0.24032042723631508, 14.16873
0.48064085447263016, 14.15408
0.7209612817089452, 14.13455
0.9612817089452603, 14.12478
1.2016021361815754, 14.11502
1.4419225634178905, 14.09548
1.6822429906542056, 14.08572
1.9225634178905207, 14.06619
2.162883845126836, 14.04666
2.403204272363151, 14.02712
2.6435246995994657, 14.01736
2.883845126835781, 13.99783
3.1241655540720963, 13.98318
3.364485981308411, 13.96853
3.604806408544726, 13.949
3.8451268357810413, 13.92947
4.085447263017357, 13.90994
4.325767690253672, 13.90017
4.566088117489986, 13.87087
4.806408544726302, 13.85623
5.046728971962617, 13.83181
5.287049399198931, 13.81228
5.527369826435247, 13.79275
5.767690253671562, 13.7781
6.008010680907877, 13.75369
6.248331108144193, 13.73416
6.488651535380507, 13.71462
6.728971962616822, 13.69509
6.969292389853138, 13.67556
7.209612817089452, 13.64627
7.449933244325767, 13.62673
7.690253671562083, 13.6072
7.930574098798398, 13.58279
8.170894526034713, 13.55837
8.411214953271028, 13.53884
8.651535380507344, 13.50955
8.891855807743658, 13.48513
9.132176234979973, 13.4656
9.372496662216289, 13.44119
9.612817089452603, 13.41189
9.853137516688918, 13.39236
10.093457943925234, 13.36306
10.333778371161548, 13.34353
10.574098798397863, 13.31423
10.814419225634179, 13.28982
11.054739652870493, 13.26541
11.29506008010681, 13.23611
11.535380507343124, 13.20681
11.775700934579438, 13.17752
12.016021361815755, 13.14822
12.256341789052069, 13.11892
12.496662216288385, 13.09451
12.7369826435247, 13.07009
12.977303070761014, 13.0408
13.21762349799733, 13.0115
13.457943925233645, 12.9822
13.698264352469959, 12.95291
13.938584779706275, 12.92361
14.17890520694259, 12.8992
14.419225634178904, 12.87478
14.65954606141522, 12.84548
14.899866488651535, 12.81619
15.14018691588785, 12.78689
15.380507343124165, 12.75271
15.62082777036048, 12.71853
15.861148197596796, 12.69412
16.10146862483311, 12.65994
16.341789052069426, 12.63064
16.58210947930574, 12.60134
16.822429906542055, 12.57205
17.06275033377837, 12.54275
17.303070761014688, 12.51345
17.543391188251, 12.47927
17.783711615487316, 12.44998
18.024032042723633, 12.4158
18.264352469959945, 12.3865
18.50467289719626, 12.3572
18.744993324432578, 12.32791
18.98531375166889, 12.28884
19.225634178905207, 12.25955
19.465954606141523, 12.23025
19.706275033377835, 12.20095
19.94659546061415, 12.16189
20.186915887850468, 12.13259
20.42723631508678, 12.1033
20.667556742323097, 12.06423
20.907877169559413, 12.03494
21.148197596795725, 12.00076
21.38851802403204, 11.96658
21.628838451268358, 11.93728
21.869158878504674, 11.89822
22.109479305740987, 11.86892
22.349799732977303, 11.82986
22.59012016021362, 11.80056
22.83044058744993, 11.7615
23.070761014686248, 11.7322
23.311081441922564, 11.69802
23.551401869158877, 11.66384
23.791722296395193, 11.62478
24.03204272363151, 11.59548
24.27236315086782, 11.5613
24.512683578104138, 11.52712
24.753004005340454, 11.49295
24.99332443257677, 11.46365
25.233644859813083, 11.42947
25.4739652870494, 11.40017
25.714285714285715, 11.36599
25.954606141522028, 11.33181
26.194926568758344, 11.29763
26.43524699599466, 11.26345
26.675567423230973, 11.22927
26.91588785046729, 11.19509
27.156208277703605, 11.15603
27.396528704939918, 11.12673
27.636849132176234, 11.08767
27.87716955941255, 11.04861
28.117489986648863, 11.01931
28.35781041388518, 10.98513
28.598130841121495, 10.95095
28.838451268357808, 10.91677
29.078771695594124, 10.88259
29.31909212283044, 10.84353
29.559412550066757, 10.80935
29.79973297730307, 10.77517
30.040053404539385, 10.74099
30.2803738317757, 10.70681
30.520694259012014, 10.66775
30.76101468624833, 10.63845
31.001335113484647, 10.59939
31.24165554072096, 10.56033
31.481975967957275, 10.52127
31.72229639519359, 10.49197
31.962616822429904, 10.45779
32.20293724966622, 10.41873
32.44325767690253, 10.38943
32.68357810413885, 10.35525
32.923898531375166, 10.31619
33.16421895861148, 10.27712
33.4045393858478, 10.23806
33.64485981308411, 10.20388
33.88518024032042, 10.1697
34.12550066755674, 10.13064
34.365821094793056, 10.09646
34.606141522029375, 10.06228
34.84646194926569, 10.02322
35.086782376502, 9.984156
35.32710280373832, 9.945094
35.56742323097463, 9.910914
35.807743658210946, 9.876734
36.048064085447265, 9.837672
36.28838451268358, 9.803492
36.52870493991989, 9.759547
36.76902536715621, 9.725367
37.00934579439252, 9.686305
37.249666221628836, 9.652125
37.489986648865155, 9.617945
37.73030707610147, 9.578883
37.97062750333778, 9.544703
38.2109479305741, 9.505641
38.45126835781041, 9.466578
38.691588785046726, 9.427516
38.931909212283045, 9.393336
39.17222963951936, 9.359156
39.41255006675567, 9.320094
39.65287049399199, 9.281031
39.8931909212283, 9.241969
40.133511348464616, 9.202906
40.373831775700936, 9.163844
40.61415220293725, 9.129664
40.85447263017356, 9.095484
41.09479305740988, 9.056422
41.33511348464619, 9.017359
41.575433911882506, 8.978297
41.815754339118826, 8.939234
42.05607476635514, 8.900172
42.29639519359145, 8.865992
42.53671562082777, 8.82693
42.77703604806408, 8.79275
43.0173564753004, 8.753687
43.257676902536716, 8.714625
43.49799732977303, 8.675562
43.73831775700935, 8.631617
43.97863818424566, 8.592555
44.21895861148197, 8.558375
44.45927903871829, 8.519312
44.699599465954606, 8.48025
44.93991989319092, 8.441187
45.18024032042724, 8.397242
45.42056074766355, 8.363062
45.66088117489986, 8.319117
45.90120160213618, 8.284937
46.141522029372496, 8.245875
46.38184245660881, 8.206812
46.62216288384513, 8.16775
46.86248331108144, 8.128687
47.10280373831775, 8.079859
47.34312416555407, 8.04568
47.583444592790386, 8.0115
47.8237650200267, 7.972437
48.06408544726302, 7.933375
48.30440587449933, 7.894312
48.54472630173564, 7.85525
48.78504672897196, 7.806422
49.025367156208276, 7.772242
49.26568758344459, 7.73318
49.50600801068091, 7.694117
49.74632843791722, 7.650172
49.98664886515354, 7.620875
50.22696929238985, 7.572047
50.467289719626166, 7.532984
50.707610146862486, 7.498805
50.9479305740988, 7.454859
51.18825100133511, 7.415797
51.42857142857143, 7.376734
51.66889185580774, 7.337672
51.909212283044056, 7.298609
52.149532710280376, 7.259547
52.38985313751669, 7.215602
52.630173564753, 7.181422
52.87049399198932, 7.142359
53.11081441922563, 7.098414
53.351134846461946, 7.054469
53.591455273698266, 7.025172
53.83177570093458, 6.976344
54.07209612817089, 6.937281
54.31241655540721, 6.903102
54.55273698264352, 6.859156
54.793057409879836, 6.824977
55.033377837116156, 6.781031
55.27369826435247, 6.741969
55.51401869158878, 6.702906
55.7543391188251, 6.663844
55.99465954606141, 6.624781
56.234979973297726, 6.575953
56.475300400534046, 6.536891
56.71562082777036, 6.497828
56.95594125500667, 6.458766
57.19626168224299, 6.419703
57.4365821094793, 6.375758
57.676902536715616, 6.341578
57.917222963951936, 6.302516
58.15754339118825, 6.253687
58.39786381842457, 6.214625
58.63818424566088, 6.175562
58.87850467289719, 6.1365
59.11882510013351, 6.097437
59.359145527369826, 6.058375
59.59946595460614, 6.019312
59.83978638184246, 5.98025
60.08010680907877, 5.931422
60.32042723631508, 5.892359
60.5607476635514, 5.853297
60.801068090787716, 5.814234
61.04138851802403, 5.780055
61.28170894526035, 5.736109
61.52202937249666, 5.697047
61.762349799732974, 5.648219
62.00267022696929, 5.609156
62.242990654205606, 5.565211
62.48331108144192, 5.531031
62.72363150867824, 5.491969
62.96395193591455, 5.443141
63.204272363150864, 5.404078
63.44459279038718, 5.365016
63.684913217623496, 5.325953
63.92523364485981, 5.277125
64.16555407209613, 5.242945
64.40587449933244, 5.208766
64.64619492656875, 5.159937
64.88651535380507, 5.120875
65.1268357810414, 5.081812
65.3671562082777, 5.032984
65.60747663551402, 4.993922
65.84779706275033, 4.954859
66.08811748998664, 4.915797
66.32843791722296, 4.876734
66.56875834445928, 4.837672
66.8090787716956, 4.788844
67.04939919893191, 4.749781
67.28971962616822, 4.710719
67.53004005340453, 4.666773
67.77036048064085, 4.622828
68.01068090787717, 4.583766
68.25100133511349, 4.544703
68.4913217623498, 4.495875
68.73164218958611, 4.466578
68.97196261682242, 4.41775
69.21228304405875, 4.373805
69.45260347129506, 4.334742
69.69292389853138, 4.290797
69.93324432576769, 4.251734
70.173564753004, 4.202906
70.41388518024031, 4.163844
70.65420560747664, 4.124781
70.89452603471295, 4.085719
71.13484646194927, 4.046656
71.37516688918558, 4.007594
71.61548731642189, 3.958766
71.8558077436582, 3.919703
72.09612817089453, 3.880641
72.33644859813084, 3.841578
72.57676902536716, 3.797633
72.81708945260347, 3.753687
73.05740987983978, 3.714625
73.2977303070761, 3.665797
73.53805073431242, 3.626734
73.77837116154873, 3.587672
74.01869158878505, 3.538844
74.25901201602136, 3.504664
74.49933244325767, 3.465602
74.73965287049398, 3.421656
74.97997329773031, 3.382594
75.22029372496662, 3.333766
75.46061415220294, 3.294703
75.70093457943925, 3.245875
75.94125500667556, 3.211695
76.18157543391187, 3.172633
76.4218958611482, 3.128687
76.66221628838451, 3.089625
76.90253671562083, 3.040797
77.14285714285714, 3.001734
77.38317757009345, 2.962672
77.62349799732978, 2.913844
77.86381842456609, 2.874781
78.1041388518024, 2.835719
78.34445927903872, 2.796656
78.58477970627503, 2.757594
78.82510013351134, 2.708766
79.06542056074767, 2.669703
79.30574098798398, 2.620875
79.5460614152203, 2.581812
79.7863818424566, 2.54275
80.02670226969292, 2.503687
80.26702269692923, 2.454859
80.50734312416556, 2.425562
80.74766355140187, 2.376734
80.98798397863818, 2.337672
81.2283044058745, 2.298609
81.46862483311081, 2.254664
81.70894526034712, 2.215602
81.94926568758345, 2.171656
82.18958611481976, 2.132594
82.42990654205607, 2.083766
82.67022696929239, 2.044703
82.9105473965287, 2.005641
83.15086782376501, 1.966578
83.39118825100134, 1.927516
83.63150867823765, 1.878687
83.87182910547396, 1.834742
84.11214953271028, 1.790797
84.35246995994659, 1.751734
84.5927903871829, 1.707789
84.83311081441923, 1.673609
85.07343124165554, 1.624781
85.31375166889185, 1.585719
85.55407209612817, 1.536891
85.79439252336448, 1.497828
86.0347129506008, 1.453883
86.27503337783712, 1.41482
86.51535380507343, 1.370875
86.75567423230974, 1.331812
86.99599465954606, 1.29275
87.23631508678237, 1.243922
87.4766355140187, 1.204859
87.71695594125501, 1.160914
87.95727636849132, 1.121852
88.19759679572763, 1.077906
88.43791722296395, 1.038844
88.67823765020026, 0.9997812
88.91855807743659, 0.9509531
89.1588785046729, 0.902125
89.39919893190921, 0.8630625
89.63951935914552, 0.824
89.87983978638184, 0.7849375
90.12016021361815, 0.7409922
90.36048064085448, 0.6970469
90.60080106809079, 0.6482187
90.8411214953271, 0.6091562
91.08144192256341, 0.5700937
91.32176234979973, 0.5212656
91.56208277703604, 0.4822031
91.80240320427237, 0.4480234
92.04272363150868, 0.4040781
92.28304405874499, 0.35525
92.5233644859813, 0.3210703
92.76368491321762, 0.2673594
93.00400534045394, 0.2331797
93.24432576769026, 0.199
93.48464619492657, 0.1599375
93.72496662216288, 0.1111094
93.9652870493992, 0.07204687
94.2056074766355, 0.02321875
94.44592790387183, -0.01584375
94.68624833110815, -0.05490625
94.92656875834446, -0.09885156
95.16688918558077, -0.1330313
95.40720961281708, -0.1818594
95.6475300400534, -0.2209219
95.88785046728972, -0.2599844
96.12817089452604, -0.2990469
96.36849132176235, -0.347875
96.60881174899866, -0.3869375
96.84913217623497, -0.426
97.08945260347129, -0.4650625
97.32977303070761, -0.5138906
97.57009345794393, -0.5529531
97.81041388518024, -0.6017813
98.05073431241655, -0.6408438
98.29105473965286, -0.6799063
98.53137516688918, -0.7189688
98.7716955941255, -0.7580313
99.01201602136182, -0.8068594
99.25233644859813, -0.8459219
99.49265687583444, -0.8898672
99.73297730307075, -0.9338125
99.97329773030708, -0.9679922
100.2136181575434, -1.011938
100.4539385847797, -1.055883
100.69425901201602, -1.099828
100.93457943925233, -1.138891
101.17489986648864, -1.187719
101.41522029372497, -1.231664
101.65554072096128, -1.265844
101.8958611481976, -1.304906
102.13618157543391, -1.353734
102.37650200267022, -1.392797
102.61682242990653, -1.441625
102.85714285714286, -1.480688
103.09746328437917, -1.524633
103.33778371161549, -1.568578
103.5781041388518, -1.607641
103.81842456608811, -1.656469
104.05874499332442, -1.695531
104.29906542056075, -1.739477
104.53938584779706, -1.783422
104.77970627503338, -1.827367
105.02002670226969, -1.871313
105.260347129506, -1.910375
105.50066755674231, -1.949438
105.74098798397864, -1.9885
105.98130841121495, -2.037328
106.22162883845127, -2.076391
106.46194926568758, -2.125219
106.70226969292389, -2.164281
106.9425901201602, -2.203344
107.18291054739653, -2.252172
107.42323097463284, -2.301
107.66355140186916, -2.340063
107.90387182910547, -2.379125
108.14419225634178, -2.42307
108.38451268357811, -2.467016
108.62483311081442, -2.515844
108.86515353805073, -2.554906
109.10547396528705, -2.603734
109.34579439252336, -2.642797
109.58611481975967, -2.681859
109.826435246996, -2.730688
110.06675567423231, -2.76975
110.30707610146862, -2.818578
110.54739652870494, -2.857641
110.78771695594125, -2.896703
111.02803738317756, -2.945531
111.26835781041389, -2.984594
111.5086782376502, -3.033422
111.74899866488651, -3.072484
111.98931909212283, -3.121313
112.22963951935914, -3.160375
112.46995994659545, -3.199438
112.71028037383178, -3.248266
112.95060080106809, -3.287328
113.1909212283044, -3.326391
113.43124165554072, -3.365453
113.67156208277703, -3.414281
113.91188251001334, -3.463109
114.15220293724967, -3.502172
114.39252336448598, -3.541234
114.6328437917223, -3.590063
114.8731642189586, -3.634008
115.11348464619492, -3.67307
115.35380507343123, -3.726781
115.59412550066756, -3.765844
115.83444592790387, -3.804906
116.07476635514018, -3.843969
116.3150867823765, -3.892797
116.55540720961281, -3.931859
116.79572763684914, -3.975805
117.03604806408545, -4.01975
117.27636849132176, -4.063695
117.51668891855807, -4.107641
117.75700934579439, -4.146703
117.9973297730307, -4.195531
118.23765020026703, -4.229711
118.47797062750334, -4.273656
118.71829105473965, -4.322484
118.95861148197596, -4.361547
119.19893190921228, -4.410375
119.43925233644859, -4.449438
119.67957276368492, -4.498266
119.91989319092123, -4.537328
120.16021361815754, -4.571508
120.40053404539385, -4.615453
120.64085447263017, -4.664281
120.88117489986648, -4.703344
121.1214953271028, -4.742406
121.36181575433912, -4.791234
121.60213618157543, -4.825414
121.84245660881174, -4.874242
122.08277703604806, -4.918188
122.32309746328437, -4.947484
122.5634178905207, -4.986547
122.80373831775701, -5.035375
123.04405874499332, -5.074438
123.28437917222963, -5.1135
123.52469959946595, -5.152563
123.76502002670227, -5.191625
124.00534045393859, -5.230688
124.2456608811749, -5.279516
124.48598130841121, -5.328344
124.72630173564752, -5.372289
124.96662216288384, -5.406469
125.20694259012016, -5.450414
125.44726301735648, -5.484594
125.68758344459279, -5.533422
125.9279038718291, -5.572484
126.16822429906541, -5.611547
126.40854472630173, -5.660375
126.64886515353805, -5.699438
126.88918558077437, -5.748266
127.12950600801068, -5.787328
127.36982643524699, -5.836156
127.6101468624833, -5.875219
127.85046728971962, -5.924047
128.09078771695593, -5.963109
128.33110814419226, -6.011938
128.57142857142856, -6.055883
128.81174899866488, -6.090063
129.0520694259012, -6.138891
129.2923898531375, -6.177953
129.53271028037383, -6.226781
129.77303070761013, -6.265844
130.01335113484646, -6.300023
130.2536715620828, -6.339086
130.49399198931908, -6.383031
130.7343124165554, -6.422094
130.9746328437917, -6.470922
131.21495327102804, -6.509984
131.45527369826436, -6.549047
131.69559412550066, -6.602758
131.935914552737, -6.636938
132.1762349799733, -6.676
132.41655540720961, -6.719945
132.6568758344459, -6.768773
132.89719626168224, -6.812719
133.13751668891857, -6.861547
133.37783711615486, -6.895727
133.6181575433912, -6.934789
133.8584779706275, -6.978734
134.09879839786382, -7.02268
134.33911882510014, -7.066625
134.57943925233644, -7.105688
134.81975967957277, -7.14475
135.06008010680907, -7.174047
135.3004005340454, -7.222875
135.5407209612817, -7.261938
135.78104138851802, -7.310766
136.02136181575435, -7.349828
136.26168224299064, -7.398656
136.50200267022697, -7.432836
136.74232309746327, -7.486547
136.9826435246996, -7.520727
137.22296395193592, -7.559789
137.46328437917222, -7.608617
137.70360480640855, -7.642797
137.94392523364485, -7.686742
138.18424566088117, -7.725805
138.4245660881175, -7.774633
138.6648865153538, -7.818578
138.90520694259013, -7.867406
139.14552736982643, -7.906469
139.38584779706275, -7.945531
139.62616822429905, -7.984594
139.86648865153538, -8.023656
140.1068090787717, -8.072484
140.347129506008, -8.111547
140.58744993324433, -8.150609
140.82777036048063, -8.189672
141.06809078771695, -8.228734
141.30841121495328, -8.267797
141.54873164218958, -8.316625
141.7890520694259, -8.355688
142.0293724966622, -8.404516
142.26969292389853, -8.443578
142.51001335113483, -8.482641
142.75033377837116, -8.531469
142.99065420560748, -8.580297
143.23097463284378, -8.619359
143.4712950600801, -8.658422
143.7116154873164, -8.697484
143.95193591455273, -8.751195
144.19225634178906, -8.785375
144.43257676902536, -8.819555
144.6728971962617, -8.873266
144.91321762349799, -8.912328
145.1535380507343, -8.951391
145.3938584779706, -8.990453
145.63417890520694, -9.039281
145.87449933244326, -9.068578
146.11481975967956, -9.112523
146.3551401869159, -9.156469
146.5954606141522, -9.200414
146.83578104138851, -9.239477
147.07610146862484, -9.273656
147.31642189586114, -9.327367
147.55674232309747, -9.361547
147.79706275033377, -9.400609
148.0373831775701, -9.439672
148.27770360480642, -9.4885
148.51802403204272, -9.517797
148.75834445927904, -9.566625
148.99866488651534, -9.61057
149.23898531375167, -9.654516
149.47930574098797, -9.698461
149.7196261682243, -9.742406
149.95994659546062, -9.781469
150.20026702269692, -9.830297
150.44058744993325, -9.859594
150.68090787716955, -9.908422
150.92122830440587, -9.952367
151.1615487316422, -10.0012
151.4018691588785, -10.03538
151.64218958611482, -10.0842
151.88251001335112, -10.13303
152.12283044058745, -10.16233
152.36315086782375, -10.20627
152.60347129506007, -10.25022
152.8437917222964, -10.29416
153.0841121495327, -10.34299
153.32443257676903, -10.37717
153.56475300400533, -10.426
153.80507343124165, -10.47483
154.04539385847798, -10.51389
154.28571428571428, -10.54807
154.5260347129506, -10.58225
154.7663551401869, -10.6262
155.00667556742323, -10.66526
155.24699599465956, -10.71897
155.48731642189586, -10.74827
155.72763684913218, -10.77756
155.96795727636848, -10.81663
156.2082777036048, -10.8508
156.4485981308411, -10.89475
156.68891855807743, -10.9387
156.92923898531376, -10.98264
157.16955941255006, -11.0217
157.40987983978638, -11.06077
157.65020026702268, -11.10959
157.890520694259, -11.15842
158.13084112149534, -11.1926
158.37116154873164, -11.22678
158.61148197596796, -11.27561
158.85180240320426, -11.32444
159.0921228304406, -11.36838
159.33244325767689, -11.40256
159.5727636849132, -11.44651
159.81308411214954, -11.49045
160.05340453938584, -11.50998
160.29372496662216, -11.54905
160.53404539385846, -11.60276
160.7743658210948, -11.64182
161.01468624833112, -11.68088
161.25500667556742, -11.73459
161.49532710280374, -11.77854
161.73564753004004, -11.82737
161.97596795727637, -11.87131
162.2162883845127, -11.91526
162.456608811749, -11.94944
162.69692923898532, -11.9885
162.93724966622162, -12.04709
163.17757009345794, -12.08616
163.41789052069424, -12.13987
163.65821094793057, -12.18381
163.8985313751669, -12.22776
164.1388518024032, -12.26194
164.37917222963952, -12.301
164.61949265687582, -12.34006
164.85981308411215, -12.39866
165.10013351134847, -12.44748
165.34045393858477, -12.48655
165.5807743658211, -12.52561
165.8210947930574, -12.57444
166.06141522029372, -12.61838
166.30173564753002, -12.66233
166.54205607476635, -12.70627
166.78237650200268, -12.7551
167.02269692923898, -12.80393
167.2630173564753, -12.84788
167.5033377837116, -12.88694
167.74365821094793, -12.91623
167.98397863818425, -12.9553
168.22429906542055, -12.99924
168.46461949265688, -13.04319
168.70493991989318, -13.08225
168.9452603471295, -13.12131
169.1855807743658, -13.17014
169.42590120160213, -13.2092
169.66622162883846, -13.2678
169.90654205607476, -13.31174
170.14686248331108, -13.37034
170.38718291054738, -13.41428
170.6275033377837, -13.4387
170.86782376502003, -13.48752
171.10814419225633, -13.52659
171.34846461949266, -13.54123
171.58878504672896, -13.59006
171.82910547396529, -13.62913
172.0694259012016, -13.66819
172.3097463284379, -13.7219
172.55006675567424, -13.76584
172.79038718291054, -13.81467
173.03070761014686, -13.84885
173.27102803738316, -13.90256
173.5113484646195, -13.92209
173.75166889185581, -13.97092
173.9919893190921, -14.00022
174.23230974632844, -14.04905
174.47263017356474, -14.08811
174.71295060080107, -14.13205
174.9532710280374, -14.16623
175.1935914552737, -14.21506
175.43391188251002, -14.25413
175.67423230974632, -14.30295
175.91455273698264, -14.36155
176.15487316421894, -14.41038
176.39519359145527, -14.44455
176.6355140186916, -14.49338
176.8758344459279, -14.53733
177.11615487316422, -14.58616
177.35647530040052, -14.59592
177.59679572763685, -14.64475
177.83711615487317, -14.71799
178.07743658210947, -14.76194
178.3177570093458, -14.801
178.5580774365821, -14.84006
178.79839786381842, -14.87913
179.03871829105475, -14.90842
179.27903871829105, -14.93772
179.51935914552737, -14.98655
179.75967957276367, -15.0012
180.0, -15.05002
