% Measurement ID: 1472
% Mode ID: 1
% Date and time: 2019-04-06 09:26:00
% Sample ID: SP12-43
% Measurement type: ringdown
% Frequency [Hz]: 1588904.44
% Quality factor: 2225585.4956585513
% Temperature [K]: 293.0
% Pressure [mBar]: 1.44e-06
% Notes: 
% 
%
% measurement data
% time [s], power [dBm]
0.003, -92.0877075195313
0.006, -92.1310653686523
0.009, -92.175895690918
0.012, -92.2244033813477
0.015, -92.2729110717773
0.018, -92.322883605957
0.021, -92.3735961914063
0.024, -92.4250411987305
0.027, -92.4772186279297
0.03, -92.5279312133789
0.033, -92.5771713256836
0.036, -92.6256790161133
0.039, -92.6727142333984
0.042, -92.7175445556641
0.045, -92.7594375610352
0.048, -92.7976531982422
0.051, -92.8336639404297
0.054, -92.8652725219727
0.057, -92.893928527832
0.06, -92.9174499511719
0.063, -92.9358215332031
0.066, -92.9497833251953
0.069, -92.959342956543
0.072, -92.9622802734375
0.075, -92.9563980102539
0.078, -92.9453735351563
0.081, -92.9284744262695
0.084, -92.9078979492188
0.087, -92.8829040527344
0.09, -92.8527755737305
0.093, -92.8189697265625
0.096, -92.7800140380859
0.099, -92.7388610839844
0.102, -92.6940307617188
0.105, -92.6469955444336
0.108, -92.5970153808594
0.111, -92.5448379516602
0.114, -92.4911880493164
0.117, -92.4360656738281
0.12, -92.3809432983398
0.123, -92.3243560791016
0.126, -92.2670288085938
0.129, -92.2104415893555
0.132, -92.1545867919922
0.135, -92.0994644165039
0.138, -92.0458145141602
0.141, -91.9928970336914
0.144, -91.9421920776367
0.147, -91.893684387207
0.15, -91.8473815917969
0.153, -91.8032836914063
0.156, -91.7621307373047
0.159, -91.7239151000977
0.162, -91.6886367797852
0.165, -91.6562957763672
0.168, -91.6283721923828
0.171, -91.6019134521484
0.174, -91.5791320800781
0.177, -91.5600204467773
0.18, -91.5438537597656
0.183, -91.5313568115234
0.186, -91.5218048095703
0.189, -91.5151901245117
0.192, -91.5115127563477
0.195, -91.5107803344727
0.198, -91.5107803344727
0.201, -91.5122528076172
0.204, -91.5166625976563
0.207, -91.5225372314453
0.21, -91.5298919677734
0.213, -91.5394439697266
0.216, -91.5497360229492
0.219, -91.5614929199219
0.222, -91.5732498168945
0.225, -91.5850067138672
0.228, -91.5967712402344
0.231, -91.607795715332
0.234, -91.6188201904297
0.237, -91.6276321411133
0.24, -91.6349868774414
0.243, -91.6401290893555
0.246, -91.6438064575195
0.249, -91.6438064575195
0.252, -91.6401290893555
0.255, -91.6335144042969
0.258, -91.6239624023438
0.261, -91.6114654541016
0.264, -91.5960311889648
0.267, -91.5783920288086
0.27, -91.5578155517578
0.273, -91.5343017578125
0.276, -91.5093078613281
0.279, -91.4821166992188
0.282, -91.4527206420898
0.285, -91.4211196899414
0.288, -91.3880462646484
0.291, -91.3542404174805
0.294, -91.318962097168
0.297, -91.2836837768555
0.3, -91.247673034668
0.303, -91.2101898193359
0.306, -91.1741790771484
0.309, -91.1374359130859
0.312, -91.1021575927734
0.315, -91.0668792724609
0.318, -91.0323333740234
0.321, -90.999267578125
0.324, -90.967658996582
0.327, -90.9367980957031
0.33, -90.9081344604492
0.333, -90.8802032470703
0.336, -90.8544845581055
0.339, -90.8309631347656
0.342, -90.8089141845703
0.345, -90.7890701293945
0.348, -90.7714309692383
0.351, -90.7560043334961
0.354, -90.7427749633789
0.357, -90.7317504882813
0.36, -90.7229309082031
0.363, -90.7163162231445
0.366, -90.7126388549805
0.369, -90.7111663818359
0.372, -90.7111663818359
0.375, -90.7119064331055
0.378, -90.71484375
0.381, -90.7207260131836
0.384, -90.7295455932617
0.387, -90.7405700683594
0.39, -90.7537994384766
0.393, -90.7699661254883
0.396, -90.7883377075195
0.399, -90.8096542358398
0.402, -90.8331680297852
0.405, -90.8596267700195
0.408, -90.8890228271484
0.411, -90.9206237792969
0.414, -90.9544372558594
0.417, -90.9919128417969
0.42, -91.0316009521484
0.423, -91.0749664306641
0.426, -91.1205291748047
0.429, -91.1697692871094
0.432, -91.2212142944336
0.435, -91.2756042480469
0.438, -91.3329238891602
0.441, -91.3924560546875
0.444, -91.4556579589844
0.447, -91.5218048095703
0.45, -91.5908889770508
0.453, -91.6629104614258
0.456, -91.7378768920898
0.459, -91.8157806396484
0.462, -91.8973541259766
0.465, -91.9811401367188
0.468, -92.0685958862305
0.471, -92.1589965820313
0.474, -92.2523345947266
0.477, -92.3493423461914
0.48, -92.4492950439453
0.483, -92.5521850585938
0.486, -92.6587524414063
0.489, -92.7682571411133
0.492, -92.8814392089844
0.495, -92.9953536987305
0.498, -93.1151504516602
0.501, -93.2386169433594
0.504, -93.3664932250977
0.507, -93.498046875
0.51, -93.6332778930664
0.513, -93.7729187011719
0.516, -93.9169616699219
0.519, -94.0661544799805
0.522, -94.2197570800781
0.525, -94.3785018920898
0.528, -94.5423965454102
0.531, -94.7121658325195
0.534, -94.8878173828125
0.537, -95.0700759887695
0.54, -95.2582244873047
0.543, -95.4529800415039
0.546, -95.6550903320313
0.549, -95.8652801513672
0.552, -96.0828170776367
0.555, -96.3084487915039
0.558, -96.5428924560547
0.561, -96.7861557006836
0.564, -97.0389709472656
0.567, -97.3020782470703
0.57, -97.5747451782227
0.573, -97.8562240600586
0.576, -98.1501998901367
0.579, -98.4500503540039
0.582, -98.7668075561523
0.585, -99.095329284668
0.588, -99.4356002807617
0.591, -99.7898406982422
0.594, -100.15657043457
0.597, -100.537269592285
0.6, -100.930465698242
0.603, -101.337615966797
0.606, -101.758735656738
0.609, -102.193084716797
0.612, -102.640663146973
0.615, -103.102195739746
0.618, -103.576232910156
0.621, -104.060554504395
0.624, -104.55443572998
0.627, -105.05786895752
0.63, -105.570854187012
0.633, -106.088981628418
0.636, -106.603439331055
0.639, -107.113479614258
0.642, -107.620590209961
0.645, -108.12328338623
0.648, -108.612754821777
0.651, -109.078704833984
0.654, -109.521133422852
0.657, -109.939315795898
0.66, -110.325889587402
0.663, -110.689682006836
0.666, -111.016731262207
0.669, -111.307762145996
0.672, -111.560585021973
0.675, -111.775917053223
0.678, -111.95304107666
0.681, -112.090469360352
0.684, -112.188217163086
0.687, -112.246276855469
0.69, -112.245544433594
0.693, -112.191162109375
0.696, -112.100761413574
0.699, -111.975090026855
0.702, -111.813400268555
0.705, -111.623054504395
0.708, -111.40625
0.711, -111.162986755371
0.714, -110.893264770508
0.717, -110.59708404541
0.72, -110.283996582031
0.723, -109.954750061035
0.726, -109.610794067383
0.729, -109.250679016113
0.732, -108.876594543457
0.735, -108.494430541992
0.738, -108.112998962402
0.741, -107.71907043457
0.744, -107.31852722168
0.747, -106.912841796875
0.75, -106.506423950195
0.753, -106.100738525391
0.756, -105.695053100586
0.759, -105.290107727051
0.762, -104.885887145996
0.765, -104.486083984375
0.768, -104.090690612793
0.771, -103.700439453125
0.774, -103.315330505371
0.777, -102.934631347656
0.78, -102.562019348145
0.783, -102.196754455566
0.786, -101.839576721191
0.789, -101.48974609375
0.792, -101.148002624512
0.795, -100.815811157227
0.798, -100.493171691895
0.801, -100.18009185791
0.804, -99.8765640258789
0.807, -99.5825881958008
0.81, -99.3003692626953
0.813, -99.028450012207
0.816, -98.7660751342773
0.819, -98.5198669433594
0.822, -98.2795486450195
0.825, -98.0502471923828
0.828, -97.8327026367188
0.831, -97.6254501342773
0.834, -97.4299621582031
0.837, -97.245491027832
0.84, -97.0713119506836
0.843, -96.9088897705078
0.846, -96.7582244873047
0.849, -96.6178512573242
0.852, -96.4885025024414
0.855, -96.3701782226563
0.858, -96.2621459960938
0.861, -96.1651306152344
0.864, -96.0791473388672
0.867, -96.0049209594727
0.87, -95.9431838989258
0.873, -95.8939437866211
0.876, -95.8564605712891
0.879, -95.8322067260742
0.882, -95.8255920410156
0.885, -95.8263244628906
0.888, -95.8417587280273
0.891, -95.8792419433594
0.894, -95.9387741088867
0.897, -96.0203475952148
0.9, -96.1350021362305
0.903, -96.2856597900391
0.906, -96.4782180786133
0.909, -96.7097244262695
0.912, -96.9742965698242
0.915, -97.1536254882813
0.918, -97.1146697998047
0.921, -96.8956604003906
0.924, -96.5450973510742
0.927, -96.0695953369141
0.93, -95.4698867797852
0.933, -94.747444152832
0.936, -93.9015274047852
0.939, -92.9380264282227
0.942, -91.9201431274414
0.945, -90.8596267700195
0.948, -89.7572250366211
0.951, -88.612922668457
0.954, -87.4304122924805
0.957, -86.2383499145508
0.96, -85.040397644043
0.963, -83.8380432128906
0.966, -82.6305465698242
0.969, -81.4215698242188
0.972, -80.2206878662109
0.975, -79.0337600708008
0.978, -77.8578643798828
0.981, -76.7157745361328
0.984, -75.5648651123047
0.987, -74.4323272705078
0.99, -73.3196334838867
0.993, -72.2267837524414
0.996, -71.1537780761719
0.999, -70.1006088256836
1.002, -69.0694961547852
1.005, -68.061897277832
1.008, -67.0763473510742
1.011, -66.1135787963867
1.014, -65.1735992431641
1.017, -64.2578659057617
1.02, -63.3641815185547
1.023, -62.4940185546875
1.026, -61.6473693847656
1.029, -60.8235054016113
1.032, -60.0231590270996
1.035, -59.2448616027832
1.038, -58.4893493652344
1.041, -57.7566184997559
1.044, -57.0466690063477
1.047, -56.3580322265625
1.05, -55.6914443969727
1.053, -55.0454368591309
1.056, -54.4214744567871
1.059, -53.8188285827637
1.062, -53.2477798461914
1.065, -52.6848182678223
1.068, -52.1417007446289
1.071, -51.6184272766113
1.074, -51.1142616271973
1.077, -50.6292037963867
1.08, -50.1617813110352
1.083, -49.7134704589844
1.086, -49.2827987670898
1.089, -48.8697662353516
1.092, -48.472900390625
1.095, -48.0929374694824
1.098, -47.7291412353516
1.101, -47.381519317627
1.104, -47.0493278503418
1.107, -46.7310981750488
1.11, -46.4283065795898
1.113, -46.139476776123
1.116, -45.8660774230957
1.119, -45.6051750183105
1.122, -45.3567695617676
1.125, -45.1208534240723
1.128, -44.8981666564941
1.131, -44.6872406005859
1.134, -44.4880714416504
1.137, -44.2991943359375
1.14, -44.12060546875
1.143, -43.9559783935547
1.146, -43.797966003418
1.149, -43.6495094299316
1.152, -43.5091361999512
1.155, -43.3775825500488
1.158, -43.2548484802246
1.161, -43.1401977539063
1.164, -43.0321655273438
1.167, -42.9314765930176
1.17, -42.8374061584473
1.173, -42.7499465942383
1.176, -42.6683692932129
1.179, -42.5926704406738
1.182, -42.5213813781738
1.185, -42.4552383422852
1.188, -42.3942375183105
1.191, -42.3369140625
1.194, -42.2839965820313
1.197, -42.2347564697266
1.2, -42.1884574890137
1.203, -42.1458320617676
1.206, -42.1068801879883
1.209, -42.0693969726563
1.212, -42.034854888916
1.215, -42.0032539367676
1.218, -41.9731216430664
1.221, -41.9451942443848
1.224, -41.9194717407227
1.227, -41.8952178955078
1.23, -41.8717002868652
1.233, -41.8503875732422
1.236, -41.8298072814941
1.239, -41.8099632263184
1.242, -41.7915916442871
1.245, -41.7739524841309
1.248, -41.7577819824219
1.251, -41.7416152954102
1.254, -41.7261810302734
1.257, -41.7122192382813
1.26, -41.6982536315918
1.263, -41.6857604980469
1.266, -41.673267364502
1.269, -41.6607704162598
1.272, -41.6497497558594
1.275, -41.6387252807617
1.278, -41.6284332275391
1.281, -41.6188812255859
1.284, -41.6093254089355
1.287, -41.6005058288574
1.29, -41.5924224853516
1.293, -41.585075378418
1.296, -41.5784606933594
1.299, -41.5725784301758
1.302, -41.5666999816895
1.305, -41.5622901916504
1.308, -41.5578804016113
1.311, -41.5549430847168
1.314, -41.552001953125
1.317, -41.5497970581055
1.32, -41.5483283996582
1.323, -41.5475921630859
1.326, -41.5475921630859
1.329, -41.5475921630859
1.332, -41.5483283996582
1.335, -41.5497970581055
1.338, -41.552001953125
1.341, -41.5549430847168
1.344, -41.5578804016113
1.347, -41.5615539550781
1.35, -41.5666999816895
1.353, -41.5718460083008
1.356, -41.5769882202148
1.359, -41.5836029052734
1.362, -41.589485168457
1.365, -41.5968322753906
1.368, -41.6041831970215
1.371, -41.6122665405273
1.374, -41.6203498840332
1.377, -41.6277008056641
1.38, -41.6357841491699
1.383, -41.6438674926758
1.386, -41.6519546508789
1.389, -41.6593017578125
1.392, -41.6666526794434
1.395, -41.673999786377
1.398, -41.6813507080078
1.401, -41.6879653930664
1.404, -41.6938438415527
1.407, -41.7004585266113
1.41, -41.7056045532227
1.413, -41.7107467651367
1.416, -41.715892791748
1.419, -41.7203025817871
1.422, -41.7232398986816
1.425, -41.7261810302734
1.428, -41.7291221618652
1.431, -41.7305908203125
1.434, -41.7313270568848
1.437, -41.7320594787598
1.44, -41.7313270568848
1.443, -41.7298545837402
1.446, -41.728385925293
1.449, -41.7261810302734
1.452, -41.7232398986816
1.455, -41.7195663452148
1.458, -41.715892791748
1.461, -41.711483001709
1.464, -41.7070732116699
1.467, -41.7019271850586
1.47, -41.6967849731445
1.473, -41.6916389465332
1.476, -41.6857604980469
1.479, -41.6806144714355
1.482, -41.6747360229492
1.485, -41.6695899963379
1.488, -41.6637115478516
1.491, -41.6578330993652
1.494, -41.6519546508789
1.497, -41.6468086242676
1.5, -41.6409301757813
1.503, -41.6350479125977
1.506, -41.6299057006836
1.509, -41.6247596740723
1.512, -41.6196174621582
1.515, -41.6144714355469
1.518, -41.6093254089355
1.521, -41.6049156188965
1.524, -41.5997734069824
1.527, -41.5960960388184
1.53, -41.5916862487793
1.533, -41.5880126953125
1.536, -41.5836029052734
1.539, -41.5799293518066
1.542, -41.5762557983398
1.545, -41.5725784301758
1.548, -41.568904876709
1.551, -41.5652313232422
1.554, -41.5615539550781
1.557, -41.5586166381836
1.56, -41.5549430847168
1.563, -41.552001953125
1.566, -41.5490608215332
1.569, -41.5461235046387
1.572, -41.5431823730469
1.575, -41.5402412414551
1.578, -41.5380363464355
1.581, -41.535831451416
1.584, -41.5336265563965
1.587, -41.531421661377
1.59, -41.5299530029297
1.593, -41.5284843444824
1.596, -41.5270118713379
1.599, -41.5262794494629
1.602, -41.5255432128906
1.605, -41.5255432128906
1.608, -41.5255432128906
1.611, -41.5255432128906
1.614, -41.5255432128906
1.617, -41.5262794494629
1.62, -41.5270118713379
1.623, -41.5277481079102
1.626, -41.5292167663574
1.629, -41.531421661377
1.632, -41.5336265563965
1.635, -41.535831451416
1.638, -41.5387725830078
1.641, -41.5424461364746
1.644, -41.5453872680664
1.647, -41.5490608215332
1.65, -41.5534706115723
1.653, -41.5571479797363
1.656, -41.5615539550781
1.659, -41.5659637451172
1.662, -41.5703735351563
1.665, -41.5755195617676
1.668, -41.5799293518066
1.671, -41.585075378418
1.674, -41.589485168457
1.677, -41.5946273803711
1.68, -41.5990371704102
1.683, -41.6034469604492
1.686, -41.6078567504883
1.689, -41.6122665405273
1.692, -41.6159400939941
1.695, -41.6196174621582
1.698, -41.6225547790527
1.701, -41.6254959106445
1.704, -41.6284332275391
1.707, -41.6306381225586
1.71, -41.6321105957031
1.713, -41.6335792541504
1.716, -41.6350479125977
1.719, -41.6357841491699
1.722, -41.6357841491699
1.725, -41.6350479125977
1.728, -41.6343154907227
1.731, -41.6335792541504
1.734, -41.6321105957031
1.737, -41.6306381225586
1.74, -41.6291694641113
1.743, -41.6269645690918
1.746, -41.6254959106445
1.749, -41.623291015625
1.752, -41.6210861206055
1.755, -41.6181449890137
1.758, -41.6159400939941
1.761, -41.6137351989746
1.764, -41.6107978820801
1.767, -41.6085929870605
1.77, -41.6056518554688
1.773, -41.6034469604492
1.776, -41.6005058288574
1.779, -41.5983009338379
1.782, -41.5960960388184
1.785, -41.5938911437988
1.788, -41.5916862487793
1.791, -41.590217590332
1.794, -41.5880126953125
1.797, -41.585807800293
1.8, -41.5843391418457
1.803, -41.5828704833984
1.806, -41.5806655883789
1.809, -41.5791931152344
1.812, -41.5784606933594
1.815, -41.5769882202148
1.818, -41.5755195617676
1.821, -41.5747833251953
1.824, -41.573314666748
1.827, -41.5725784301758
1.83, -41.5711097717285
1.833, -41.5703735351563
1.836, -41.5696411132813
1.839, -41.568904876709
1.842, -41.5674362182617
1.845, -41.5666999816895
1.848, -41.5659637451172
1.851, -41.5652313232422
1.854, -41.5644950866699
1.857, -41.5630264282227
1.86, -41.5622901916504
1.863, -41.5615539550781
1.866, -41.5600852966309
1.869, -41.5593490600586
1.872, -41.5578804016113
1.875, -41.5571479797363
1.878, -41.5549430847168
1.881, -41.5534706115723
1.884, -41.5512657165527
1.887, -41.5490608215332
1.89, -41.5461235046387
1.893, -41.5431823730469
1.896, -41.5395088195801
1.899, -41.535831451416
1.902, -41.531421661377
1.905, -41.5262794494629
1.908, -41.5211334228516
1.911, -41.5152549743652
1.914, -41.5086402893066
1.917, -41.5012893676758
1.92, -41.4924736022949
1.923, -41.4836540222168
1.926, -41.4733619689941
1.929, -41.4623374938965
1.932, -41.4498443603516
1.935, -41.4366149902344
1.938, -41.4219169616699
1.941, -41.4057502746582
1.944, -41.388111114502
1.947, -41.3690032958984
1.95, -41.3484230041504
1.953, -41.3263778686523
1.956, -41.3035926818848
1.959, -41.2786064147949
1.962, -41.2514114379883
1.965, -41.2227516174316
1.968, -41.1926193237305
1.971, -41.1602821350098
1.974, -41.1264724731445
1.977, -41.0911979675293
1.98, -41.0544509887695
1.983, -41.0162315368652
1.986, -40.9758110046387
1.989, -40.9346542358398
1.992, -40.892765045166
1.995, -40.8494033813477
1.998, -40.8045692443848
2.001, -40.7597389221191
2.004, -40.7134399414063
2.007, -40.6671371459961
2.01, -40.6208381652832
2.013, -40.573802947998
2.016, -40.5275001525879
2.019, -40.4804649353027
2.022, -40.4348983764648
2.025, -40.3908004760742
2.028, -40.3474388122559
2.031, -40.3048133850098
2.034, -40.2643928527832
2.037, -40.2261772155762
2.04, -40.1894302368164
2.043, -40.1548881530762
2.046, -40.1225509643555
2.049, -40.0931510925293
2.052, -40.0666961669922
2.055, -40.0439109802246
2.058, -40.0240669250488
2.061, -40.0079002380371
2.064, -39.9954071044922
2.067, -39.9873199462891
2.07, -39.9836463928223
2.073, -39.9829139709473
2.076, -39.9836463928223
2.079, -39.9880561828613
2.082, -39.9968757629395
2.085, -40.0101051330566
2.088, -40.0292129516602
2.091, -40.0527305603027
2.094, -40.0813941955566
2.097, -40.1152000427246
2.1, -40.1541519165039
2.103, -40.1989822387695
2.106, -40.2489585876465
2.109, -40.3048133850098
2.112, -40.3658142089844
2.115, -40.4326934814453
2.118, -40.5061874389648
2.121, -40.5833549499512
2.124, -40.6678733825684
2.127, -40.7582702636719
2.13, -40.855281829834
2.133, -40.9589080810547
2.136, -41.0684127807617
2.139, -41.1845321655273
2.142, -41.3080024719238
2.145, -41.4380874633789
2.148, -41.5755195617676
2.151, -41.7203025817871
2.154, -41.8724327087402
2.157, -42.0326499938965
2.16, -42.2009506225586
2.163, -42.3773345947266
2.166, -42.5618057250977
2.169, -42.7550926208496
2.172, -42.9571990966797
2.175, -43.1695976257324
2.178, -43.390811920166
2.181, -43.6223182678223
2.184, -43.8626403808594
2.187, -44.1147270202637
2.19, -44.3778343200684
2.193, -44.6504936218262
2.196, -44.9356498718262
2.199, -45.2318305969238
2.202, -45.5353584289551
2.205, -45.8565254211426
2.208, -46.190185546875
2.211, -46.5370750427246
2.214, -46.8964614868164
2.217, -47.2705421447754
2.22, -47.6578559875488
2.223, -48.0591278076172
2.226, -48.4751052856445
2.229, -48.9050407409668
2.232, -49.350414276123
2.235, -49.8104820251465
2.238, -50.2859878540039
2.241, -50.7761878967285
2.244, -51.2818260192871
2.247, -51.8028945922852
2.25, -52.3394012451172
2.253, -52.8913383483887
2.256, -53.4587097167969
2.259, -54.0400428771973
2.262, -54.6360778808594
2.265, -55.2460746765137
2.268, -55.8700332641602
2.271, -56.5079612731934
2.274, -57.156909942627
2.277, -57.8154106140137
2.28, -58.4827346801758
2.283, -59.1471176147461
2.286, -59.8328132629395
2.289, -60.5221824645996
2.292, -61.2108192443848
2.295, -61.8987197875977
2.298, -62.5858840942383
2.301, -63.2723159790039
2.304, -63.9491920471191
2.307, -64.6113662719727
2.31, -65.2588500976563
2.313, -65.8916320800781
2.316, -66.5089721679688
2.319, -67.1042709350586
2.322, -67.6753234863281
2.325, -68.2199096679688
2.328, -68.73876953125
2.331, -69.2326507568359
2.334, -69.7000732421875
2.337, -70.1402969360352
2.34, -70.554801940918
2.343, -70.9421157836914
2.346, -71.3029632568359
2.349, -71.6425094604492
2.352, -71.9599990844727
2.355, -72.2569122314453
2.358, -72.5339889526367
2.361, -72.7890090942383
2.364, -73.0249252319336
2.367, -73.2505493164063
2.37, -73.4614715576172
2.373, -73.6576995849609
2.376, -73.840705871582
2.379, -74.0141448974609
2.382, -74.1780395507813
2.385, -74.3331069946289
2.388, -74.479362487793
2.391, -74.6167984008789
2.394, -74.7490844726563
2.397, -74.8754959106445
2.4, -74.9967575073242
2.403, -75.1121444702148
2.406, -75.2231216430664
2.409, -75.3304214477539
2.412, -75.4340438842773
2.415, -75.5347290039063
2.418, -75.6324768066406
2.421, -75.7272872924805
2.424, -75.8198852539063
2.427, -75.911018371582
2.43, -75.9999465942383
2.433, -76.086669921875
2.436, -76.1719207763672
2.439, -76.2557067871094
2.442, -76.338752746582
2.445, -76.4181213378906
2.448, -76.4974975585938
2.451, -76.5761337280273
2.454, -76.6533050537109
2.457, -76.729736328125
2.46, -76.8047027587891
2.463, -76.8789291381836
2.466, -76.9516906738281
2.469, -77.0237121582031
2.472, -77.0942687988281
2.475, -77.1640853881836
2.478, -77.2331695556641
2.481, -77.30078125
2.484, -77.3676605224609
2.487, -77.4338073730469
2.49, -77.4984817504883
2.493, -77.5624237060547
2.496, -77.6248931884766
2.499, -77.6873626708984
2.502, -77.7483596801758
2.505, -77.8086242675781
2.508, -77.8681564331055
2.511, -77.9269485473633
2.514, -77.9850082397461
2.517, -78.0423355102539
2.52, -78.0989227294922
2.523, -78.155517578125
2.526, -78.2098999023438
2.529, -78.2642822265625
2.532, -78.3186721801758
2.535, -78.3723220825195
2.538, -78.4259719848633
2.541, -78.478889465332
2.544, -78.5317993164063
2.547, -78.584716796875
2.55, -78.6368942260742
2.553, -78.689079284668
2.556, -78.7419967651367
2.559, -78.7941741943359
2.562, -78.8463516235352
2.565, -78.8977966308594
2.568, -78.9499816894531
2.571, -79.0021591186523
2.574, -79.0543441772461
2.577, -79.1072540283203
2.58, -79.1594390869141
2.583, -79.2123565673828
2.586, -79.265266418457
2.589, -79.3189163208008
2.592, -79.3718338012695
2.595, -79.4247512817383
2.598, -79.478401184082
2.601, -79.5320510864258
2.604, -79.5857009887695
2.607, -79.6378784179688
2.61, -79.692268371582
2.613, -79.7466506958008
2.616, -79.8010406494141
2.619, -79.8554229736328
2.622, -79.9098052978516
2.625, -79.9641952514648
2.628, -80.0185775756836
2.631, -80.0729675292969
2.634, -80.1280822753906
2.637, -80.1824722290039
2.64, -80.2375869750977
2.643, -80.2927093505859
2.646, -80.3478317260742
2.649, -80.4029541015625
2.652, -80.4588088989258
2.655, -80.5139236450195
2.658, -80.5705184936523
2.661, -80.6263732910156
2.664, -80.6829605102539
2.667, -80.7402877807617
2.67, -80.7976150512695
2.673, -80.8556747436523
2.676, -80.9144668579102
2.679, -80.9739990234375
2.682, -81.0335235595703
2.685, -81.0945281982422
2.688, -81.1547927856445
2.691, -81.2165222167969
2.694, -81.2804641723633
2.697, -81.3444061279297
2.7, -81.4090805053711
2.703, -81.4752197265625
2.706, -81.542839050293
2.709, -81.6111831665039
2.712, -81.6810073852539
2.715, -81.7515563964844
2.718, -81.8243179321289
2.721, -81.8970794677734
2.724, -81.972038269043
2.727, -82.047737121582
2.73, -82.1256408691406
2.733, -82.2035446166992
2.736, -82.2836532592773
2.739, -82.365234375
2.742, -82.4475402832031
2.745, -82.5320587158203
2.748, -82.6165771484375
2.751, -82.7033004760742
2.754, -82.7907562255859
2.757, -82.8789520263672
2.76, -82.9686126708984
2.763, -83.0590133666992
2.766, -83.150146484375
2.769, -83.2405395507813
2.772, -83.3331451416016
2.775, -83.4264755249023
2.778, -83.5205535888672
2.781, -83.6138916015625
2.784, -83.7079620361328
2.787, -83.8020324707031
2.79, -83.8961029052734
2.793, -83.9894409179688
2.796, -84.0820388793945
2.799, -84.1746444702148
2.802, -84.2657775878906
2.805, -84.3561706542969
2.808, -84.4443664550781
2.811, -84.5310897827148
2.814, -84.615608215332
2.817, -84.6979217529297
2.82, -84.7787628173828
2.823, -84.8559341430664
2.826, -84.9301605224609
2.829, -85.0007095336914
2.832, -85.0690612792969
2.835, -85.1337356567383
2.838, -85.1947326660156
2.841, -85.2520599365234
2.844, -85.3057098388672
2.847, -85.3556900024414
2.85, -85.401252746582
2.853, -85.4438781738281
2.856, -85.4828338623047
2.859, -85.5181121826172
2.862, -85.5504455566406
2.865, -85.5783767700195
2.868, -85.6048278808594
2.871, -85.6276168823242
2.874, -85.648193359375
2.877, -85.6658325195313
2.88, -85.681999206543
2.883, -85.6959609985352
2.886, -85.7091903686523
2.889, -85.720947265625
2.892, -85.7312393188477
2.895, -85.7415313720703
2.898, -85.7518157958984
2.901, -85.7628402709961
2.904, -85.7738647460938
2.907, -85.7848892211914
2.91, -85.7966461181641
2.913, -85.8106155395508
2.916, -85.8260498046875
2.919, -85.8422164916992
2.922, -85.8605880737305
2.925, -85.8804321289063
2.928, -85.9024810791016
2.931, -85.9267349243164
2.934, -85.9531936645508
2.937, -85.9825897216797
2.94, -86.0141906738281
2.943, -86.0479965209961
2.946, -86.0847473144531
2.949, -86.1236953735352
2.952, -86.1655883789063
2.955, -86.2096862792969
2.958, -86.256721496582
2.961, -86.3052291870117
2.964, -86.3559341430664
2.967, -86.4095840454102
2.97, -86.4647064208984
2.973, -86.5212936401367
2.976, -86.5800933837891
2.979, -86.6403579711914
2.982, -86.7020874023438
2.985, -86.7645645141602
2.988, -86.8292388916016
2.991, -86.893913269043
2.994, -86.9600524902344
2.997, -87.0276718139648
3.0, -87.0952835083008
3.003, -87.1636276245117
3.006, -87.2319793701172
3.009, -87.3010635375977
3.012, -87.3686752319336
3.015, -87.4384994506836
3.018, -87.5083160400391
3.021, -87.5774002075195
3.024, -87.647216796875
3.027, -87.7163009643555
3.03, -87.7861251831055
3.033, -87.8552093505859
3.036, -87.9242935180664
3.039, -87.9926376342773
3.042, -88.0609893798828
3.045, -88.1293411254883
3.048, -88.1969528198242
3.051, -88.2638320922852
3.054, -88.3307113647461
3.057, -88.396858215332
3.06, -88.4622650146484
3.063, -88.5269393920898
3.066, -88.5908813476563
3.069, -88.6548156738281
3.072, -88.7180252075195
3.075, -88.7804946899414
3.078, -88.8414916992188
3.081, -88.9024887084961
3.084, -88.9620208740234
3.087, -89.0215530395508
3.09, -89.0803451538086
3.093, -89.1369323730469
3.096, -89.1942596435547
3.099, -89.2508544921875
3.102, -89.3067092895508
3.105, -89.3625640869141
3.108, -89.4184188842773
3.111, -89.4735336303711
3.114, -89.5286560058594
3.117, -89.5845108032227
3.12, -89.6396331787109
3.123, -89.6962203979492
3.126, -89.752815246582
3.129, -89.8101348876953
3.132, -89.8681945800781
3.135, -89.9269943237305
3.138, -89.9879913330078
3.141, -90.0489883422852
3.144, -90.1121978759766
3.147, -90.176139831543
3.15, -90.2422790527344
3.153, -90.3098907470703
3.156, -90.3789749145508
3.159, -90.4502639770508
3.162, -90.5237579345703
3.165, -90.5987243652344
3.168, -90.675895690918
3.171, -90.7552642822266
3.174, -90.8361053466797
3.177, -90.9184188842773
3.18, -91.0036773681641
3.183, -91.0918655395508
3.186, -91.1822662353516
3.189, -91.2748641967773
3.192, -91.3696746826172
3.195, -91.4674224853516
3.198, -91.5673675537109
3.201, -91.6702651977539
3.204, -91.7753601074219
3.207, -91.8833923339844
3.21, -91.9943695068359
3.213, -92.108283996582
3.216, -92.2251358032227
3.219, -92.3456649780273
3.222, -92.4691390991211
3.225, -92.5970153808594
3.228, -92.7285690307617
3.231, -92.8645324707031
3.234, -93.0041732788086
3.237, -93.1489562988281
3.24, -93.2981491088867
3.243, -93.4524841308594
3.246, -93.6119613647461
3.249, -93.7765884399414
3.252, -93.9478302001953
3.255, -94.1249465942383
3.258, -94.3042755126953
3.261, -94.4938888549805
3.264, -94.6901168823242
3.267, -94.8936920166016
3.27, -95.105354309082
3.273, -95.3243637084961
3.276, -95.5514602661133
3.279, -95.7866439819336
3.282, -96.0306396484375
3.285, -96.2841949462891
3.288, -96.5473022460938
3.291, -96.8192291259766
3.294, -97.0999755859375
3.297, -97.3932113647461
3.3, -97.6974792480469
3.303, -98.0127639770508
3.306, -98.3390731811523
3.309, -98.6778793334961
3.312, -99.029182434082
3.315, -99.3937072753906
3.318, -99.7714691162109
3.321, -100.161720275879
3.324, -100.565200805664
3.327, -100.979705810547
3.33, -101.406700134277
3.333, -101.84619140625
3.336, -102.295974731445
3.339, -102.734733581543
3.342, -103.174224853516
3.345, -103.605628967285
3.348, -104.029685974121
3.351, -104.443458557129
3.354, -104.815338134766
3.357, -105.139442443848
3.36, -105.412841796875
3.363, -105.637733459473
3.366, -105.811912536621
3.369, -105.933906555176
3.372, -106.002258300781
3.375, -105.977272033691
3.378, -105.88761138916
3.381, -105.764877319336
3.384, -105.611274719238
3.387, -105.427536010742
3.39, -105.213668823242
3.393, -104.972610473633
3.396, -104.718322753906
3.399, -104.453750610352
3.402, -104.178146362305
3.405, -103.89005279541
3.408, -103.595344543457
3.411, -103.301368713379
3.414, -103.005920410156
3.417, -102.719299316406
3.42, -102.426795959473
3.423, -102.135757446289
3.426, -101.853546142578
3.429, -101.576469421387
3.432, -101.308952331543
3.435, -101.047317504883
3.438, -100.793762207031
3.441, -100.551231384277
3.444, -100.318992614746
3.447, -100.097045898438
3.45, -99.885383605957
3.453, -99.6847457885742
3.456, -99.4958648681641
3.459, -99.3187484741211
3.462, -99.1526489257813
3.465, -98.9983139038086
3.468, -98.8557357788086
3.471, -98.7241821289063
3.474, -98.6043853759766
3.477, -98.4956207275391
3.48, -98.3978729248047
3.483, -98.311149597168
3.486, -98.2339782714844
3.489, -98.1656341552734
3.492, -98.1075744628906
3.495, -98.0590667724609
3.498, -98.0186462402344
3.501, -97.9833679199219
3.504, -97.953971862793
3.507, -97.9311828613281
3.51, -97.9142837524414
3.513, -97.9003219604492
3.516, -97.887092590332
3.519, -97.8753280639648
3.522, -97.8650436401367
3.525, -97.8554840087891
3.528, -97.8437271118164
3.531, -97.8282928466797
3.534, -97.8091888427734
3.537, -97.7864074707031
3.54, -97.7599487304688
3.543, -97.7283401489258
3.546, -97.6908645629883
3.549, -97.6474990844727
3.552, -97.598258972168
3.555, -97.5424041748047
3.558, -97.4821395874023
3.561, -97.4167327880859
3.564, -97.3461761474609
3.567, -97.2697448730469
3.57, -97.1896362304688
3.573, -97.1058502197266
3.576, -97.0198669433594
3.579, -96.9338760375977
3.582, -96.8427429199219
3.585, -96.7501449584961
3.588, -96.6582794189453
3.591, -96.5671463012695
3.594, -96.4767456054688
3.597, -96.3870849609375
3.6, -96.2988891601563
3.603, -96.2143707275391
3.606, -96.1320648193359
3.609, -96.0541610717773
3.612, -95.9791946411133
3.615, -95.9079055786133
3.618, -95.8410263061523
3.621, -95.7792892456055
3.624, -95.7227020263672
3.627, -95.671257019043
3.63, -95.6249542236328
3.633, -95.5838012695313
3.636, -95.5477905273438
3.639, -95.5169219970703
3.642, -95.4919281005859
3.645, -95.4720916748047
3.648, -95.456657409668
3.651, -95.4463653564453
3.654, -95.4397506713867
3.657, -95.4382781982422
3.66, -95.4382781982422
3.663, -95.4404830932617
3.666, -95.4456329345703
3.669, -95.4522476196289
3.672, -95.461799621582
3.675, -95.4735565185547
3.678, -95.4867858886719
3.681, -95.4985427856445
3.684, -95.5103073120117
3.687, -95.5213317871094
3.69, -95.5316162109375
3.693, -95.5389709472656
3.696, -95.5433807373047
3.699, -95.5389709472656
3.702, -95.5308837890625
3.705, -95.5176544189453
3.708, -95.4985427856445
3.711, -95.4735565185547
3.714, -95.4426879882813
3.717, -95.4059448242188
3.72, -95.3633193969727
3.723, -95.314811706543
3.726, -95.2611618041992
3.729, -95.2016296386719
3.732, -95.1362228393555
3.735, -95.067138671875
3.738, -94.9943771362305
3.741, -94.9194183349609
3.744, -94.8400421142578
3.747, -94.7569961547852
3.75, -94.672477722168
3.753, -94.5879592895508
3.756, -94.5019760131836
3.759, -94.4159851074219
3.762, -94.3292617797852
3.765, -94.244010925293
3.768, -94.1609649658203
3.771, -94.0793838500977
3.774, -94.0000076293945
3.777, -93.9221038818359
3.78, -93.8486175537109
3.783, -93.7780609130859
3.786, -93.7119140625
3.789, -93.6487121582031
3.792, -93.5899124145508
3.795, -93.535530090332
3.798, -93.4855575561523
3.801, -93.4392547607422
3.804, -93.3980941772461
3.807, -93.3613510131836
3.81, -93.3282775878906
3.813, -93.2996139526367
3.816, -93.2746276855469
3.819, -93.2533187866211
3.822, -93.2371444702148
3.825, -93.2231826782227
3.828, -93.212158203125
3.831, -93.2040710449219
3.834, -93.1996612548828
3.837, -93.1974563598633
3.84, -93.1974563598633
3.843, -93.1974563598633
3.846, -93.1989288330078
3.849, -93.2026062011719
3.852, -93.2077484130859
3.855, -93.2143630981445
3.858, -93.2231826782227
3.861, -93.2327346801758
3.864, -93.2430267333984
3.867, -93.2555236816406
3.87, -93.2694854736328
3.873, -93.2849197387695
3.876, -93.3025588989258
3.879, -93.321662902832
3.882, -93.3422393798828
3.885, -93.3657608032227
3.888, -93.392219543457
3.891, -93.4216156005859
3.894, -93.4539566040039
3.897, -93.4899673461914
3.9, -93.5296478271484
3.903, -93.5752182006836
3.906, -93.6244583129883
3.909, -93.6795806884766
3.912, -93.7391052246094
3.915, -93.8059844970703
3.918, -93.8794784545898
3.921, -93.959587097168
3.924, -94.0470504760742
3.927, -94.1411209106445
3.93, -94.243278503418
3.933, -94.354248046875
3.936, -94.4733123779297
3.939, -94.601188659668
3.942, -94.7378845214844
3.945, -94.8834075927734
3.948, -95.0377426147461
3.951, -95.2016296386719
3.954, -95.3743438720703
3.957, -95.5566101074219
3.96, -95.747688293457
3.963, -95.9483261108398
3.966, -96.1577835083008
3.969, -96.3760604858398
3.972, -96.603157043457
3.975, -96.8376007080078
3.978, -97.0808639526367
3.981, -97.3307418823242
3.984, -97.5894393920898
3.987, -97.849609375
3.99, -98.1200637817383
3.993, -98.3971328735352
3.996, -98.6800842285156
3.999, -98.9696502685547
4.002, -99.2621536254883
4.005, -99.5590667724609
4.008, -99.8596572875977
4.011, -100.162452697754
4.014, -100.468925476074
4.017, -100.778327941895
4.02, -101.089210510254
4.023, -101.402290344238
4.026, -101.716842651367
4.029, -102.032867431641
4.032, -102.350357055664
4.035, -102.670059204102
4.038, -102.991226196289
4.041, -103.314598083496
4.044, -103.639434814453
4.047, -103.967216491699
4.05, -104.299407958984
4.053, -104.636009216309
4.056, -104.976287841797
4.059, -105.321708679199
4.062, -105.673004150391
4.065, -106.033126831055
4.068, -106.394714355469
4.071, -106.772476196289
4.074, -107.159782409668
4.077, -107.555183410645
4.08, -107.958656311035
4.083, -108.370956420898
4.086, -108.791343688965
4.089, -109.220542907715
4.092, -109.637252807617
4.095, -110.026039123535
4.098, -110.386154174805
4.101, -110.71834564209
4.104, -111.022613525391
4.107, -111.271751403809
4.11, -111.451080322266
4.113, -111.561317443848
4.116, -111.572341918945
4.119, -111.487091064453
4.122, -111.352600097656
4.125, -111.168128967285
4.128, -110.933685302734
4.131, -110.651466369629
4.134, -110.33911895752
4.137, -110.006927490234
4.14, -109.652687072754
4.143, -109.277870178223
4.146, -108.890556335449
4.149, -108.487815856934
4.152, -108.080657958984
4.155, -107.669830322266
4.158, -107.255325317383
4.161, -106.83715057373
4.164, -106.421905517578
4.167, -106.011810302734
4.17, -105.60612487793
4.173, -105.205589294434
4.176, -104.810188293457
4.179, -104.423614501953
4.182, -104.045120239258
4.185, -103.67618560791
4.188, -103.315330505371
4.191, -102.96403503418
4.194, -102.623023986816
4.197, -102.292297363281
4.2, -101.971870422363
4.203, -101.662460327148
4.206, -101.363342285156
4.209, -101.075981140137
4.212, -100.79891204834
4.215, -100.532859802246
4.218, -100.27710723877
4.221, -100.033103942871
4.224, -99.7993927001953
4.227, -99.5803833007813
4.23, -99.3672485351563
4.233, -99.1651458740234
4.236, -98.9740600585938
4.239, -98.7925338745117
4.242, -98.6205596923828
4.245, -98.459602355957
4.248, -98.3082122802734
4.251, -98.1663665771484
4.254, -98.0340805053711
4.257, -97.9113464355469
4.26, -97.7974243164063
4.263, -97.6923294067383
4.266, -97.5960540771484
4.269, -97.5085983276367
4.272, -97.4284896850586
4.275, -97.3572006225586
4.278, -97.2939987182617
4.281, -97.2381439208984
4.284, -97.1896362304688
4.287, -97.1492156982422
4.29, -97.1154098510742
4.293, -97.0889511108398
4.296, -97.0698394775391
4.299, -97.0580825805664
4.302, -97.0536727905273
4.305, -97.0529403686523
4.308, -97.0558776855469
4.311, -97.064697265625
4.314, -97.0808639526367
4.317, -97.1043853759766
4.32, -97.1352462768555
4.323, -97.174201965332
4.326, -97.2197647094727
4.329, -97.2726821899414
4.332, -97.3344192504883
4.335, -97.4042358398438
4.338, -97.4814071655273
4.341, -97.5673904418945
4.344, -97.6622009277344
4.347, -97.7658233642578
4.35, -97.8790054321289
4.353, -98.0010070800781
4.356, -98.1325607299805
4.359, -98.2736663818359
4.362, -98.4257965087891
4.365, -98.5882186889648
4.368, -98.7609329223633
4.371, -98.9439315795898
4.374, -99.1379547119141
4.377, -99.3437347412109
4.38, -99.5612716674805
4.383, -99.7891082763672
4.386, -100.028694152832
4.389, -100.280044555664
4.392, -100.537269592285
4.395, -100.809928894043
4.398, -101.095085144043
4.401, -101.391265869141
4.404, -101.697738647461
4.407, -102.014495849609
4.41, -102.340805053711
4.413, -102.67813873291
4.416, -103.024299621582
4.419, -103.377067565918
4.422, -103.735717773438
4.425, -104.101715087891
4.428, -104.473594665527
4.431, -104.849876403809
4.434, -105.226898193359
4.437, -105.603187561035
4.44, -105.980209350586
4.443, -106.357231140137
4.446, -106.731315612793
4.449, -107.097312927246
4.452, -107.455963134766
4.455, -107.806526184082
4.458, -108.14900970459
4.461, -108.481201171875
4.464, -108.799430847168
4.467, -109.102958679199
4.47, -109.391784667969
4.473, -109.666648864746
4.476, -109.920204162598
4.479, -110.156852722168
4.482, -110.372924804688
4.485, -110.566947937012
4.488, -110.740394592285
4.491, -110.889587402344
4.494, -111.010848999023
4.497, -111.104187011719
4.5, -111.169593811035
4.503, -111.207817077637
4.506, -111.19164276123
4.509, -111.135787963867
4.512, -111.04759979248
4.515, -110.927070617676
4.518, -110.777877807617
4.521, -110.59854888916
4.524, -110.391296386719
4.527, -110.154647827148
4.53, -109.888603210449
4.533, -109.600509643555
4.536, -109.291831970215
4.539, -108.962585449219
4.542, -108.612014770508
4.545, -108.241607666016
4.548, -107.857971191406
4.551, -107.464050292969
4.554, -107.066444396973
4.557, -106.65047454834
4.56, -106.224212646484
4.563, -105.793533325195
4.566, -105.360656738281
4.569, -104.925575256348
4.572, -104.488288879395
4.575, -104.048797607422
4.578, -103.612243652344
4.581, -103.180099487305
4.584, -102.75163269043
4.587, -102.327575683594
4.59, -101.907928466797
4.593, -101.496360778809
4.596, -101.092147827148
4.599, -100.696754455566
4.602, -100.309440612793
4.605, -99.9302139282227
4.608, -99.56201171875
4.611, -99.2040939331055
4.614, -98.8564682006836
4.617, -98.5198669433594
4.62, -98.1935577392578
4.623, -97.8790054321289
4.626, -97.5754776000977
4.629, -97.2844390869141
4.632, -97.0036926269531
4.635, -96.7391204833984
4.638, -96.4811553955078
4.641, -96.2342147827148
4.644, -95.9975662231445
4.647, -95.7726745605469
4.65, -95.5580749511719
4.653, -95.3537673950195
4.656, -95.1590042114258
4.659, -94.9738006591797
4.662, -94.7988891601563
4.665, -94.6320571899414
4.668, -94.4733123779297
4.671, -94.3219146728516
4.674, -94.1786041259766
4.677, -94.0426406860352
4.68, -93.9132919311523
4.683, -93.7890853881836
4.686, -93.6700210571289
4.689, -93.5561065673828
4.692, -93.4473419189453
4.695, -93.3429794311523
4.698, -93.2408218383789
4.701, -93.1416015625
4.704, -93.0453262329102
4.707, -92.9512557983398
4.71, -92.8593902587891
4.713, -92.7689895629883
4.716, -92.6808013916016
4.719, -92.5918731689453
4.722, -92.5044174194336
4.725, -92.4169540405273
4.728, -92.3294982910156
4.731, -92.2427749633789
4.734, -92.1553192138672
4.737, -92.0678634643555
4.74, -91.9804077148438
4.743, -91.8929443359375
4.746, -91.8054885864258
4.749, -91.7180328369141
4.752, -91.6305770874023
4.755, -91.5438537597656
4.758, -91.4571304321289
4.761, -91.3704071044922
4.764, -91.28515625
4.767, -91.1991653442383
4.77, -91.1153869628906
4.773, -91.0323333740234
4.776, -90.9507598876953
4.779, -90.8706512451172
4.782, -90.7920150756836
4.785, -90.71484375
4.788, -90.6406173706055
4.791, -90.5678558349609
4.794, -90.4980392456055
4.797, -90.4318923950195
4.8, -90.3664855957031
4.803, -90.3047485351563
4.806, -90.2459564208984
4.809, -90.1901016235352
4.812, -90.1371841430664
4.815, -90.0872116088867
4.818, -90.0416412353516
4.821, -89.9990158081055
4.824, -89.9600677490234
4.827, -89.9247894287109
4.83, -89.8931884765625
4.833, -89.8645248413086
4.836, -89.8402709960938
4.839, -89.8189544677734
4.842, -89.8005828857422
4.845, -89.7858810424805
4.848, -89.7748641967773
4.851, -89.7660446166992
4.854, -89.7608947753906
4.857, -89.7586898803711
4.86, -89.7579574584961
4.863, -89.7579574584961
4.866, -89.7601623535156
4.869, -89.7645721435547
4.872, -89.7711868286133
4.875, -89.7785339355469
4.878, -89.7880859375
4.881, -89.7976455688477
4.884, -89.8094024658203
4.887, -89.821159362793
4.89, -89.8336563110352
4.893, -89.8461532592773
4.896, -89.858642578125
4.899, -89.8711395263672
4.902, -89.8828964233398
4.905, -89.8939208984375
4.908, -89.9049453735352
4.911, -89.9144973754883
4.914, -89.9225845336914
4.917, -89.9306640625
4.92, -89.9365463256836
4.923, -89.9424285888672
4.926, -89.9460983276367
4.929, -89.9490432739258
4.932, -89.9505081176758
4.935, -89.9497756958008
4.938, -89.9483032226563
4.941, -89.9446334838867
4.944, -89.9402236938477
4.947, -89.9350738525391
4.95, -89.92919921875
4.953, -89.9218444824219
4.956, -89.9137649536133
4.959, -89.9042129516602
4.962, -89.8939208984375
4.965, -89.8828964233398
4.968, -89.8711395263672
4.971, -89.858642578125
4.974, -89.8454132080078
4.977, -89.8307189941406
4.98, -89.8152847290039
4.983, -89.7991104125977
4.986, -89.7814788818359
4.989, -89.7623672485352
4.992, -89.7425231933594
4.995, -89.7212066650391
4.998, -89.6984252929688
5.001, -89.6741714477539
5.004, -89.6484527587891
5.007, -89.6205215454102
5.01, -89.5911254882813
5.013, -89.5602569580078
5.016, -89.5279235839844
5.019, -89.4933776855469
5.022, -89.4573669433594
5.025, -89.4191513061523
5.028, -89.3802032470703
5.031, -89.3390426635742
5.034, -89.2964172363281
5.037, -89.2523193359375
5.04, -89.2082214355469
5.043, -89.1619262695313
5.046, -89.1148910522461
5.049, -89.0663833618164
5.052, -89.0178756713867
5.055, -88.969367980957
5.058, -88.9201278686523
5.061, -88.8701553344727
5.064, -88.820915222168
5.067, -88.7724075317383
5.07, -88.7246398925781
5.073, -88.6775970458984
5.076, -88.6313018798828
5.079, -88.5864715576172
5.082, -88.5438385009766
5.085, -88.502685546875
5.088, -88.463737487793
5.091, -88.4262542724609
5.094, -88.3909759521484
5.097, -88.3586349487305
5.1, -88.3292388916016
5.103, -88.3020477294922
5.106, -88.2785263061523
5.109, -88.2572174072266
5.112, -88.2395782470703
5.115, -88.2256164550781
5.118, -88.2138519287109
5.121, -88.2065048217773
5.124, -88.2020950317383
5.127, -88.2006301879883
5.13, -88.2006301879883
5.133, -88.2028350830078
5.136, -88.2087097167969
5.139, -88.217529296875
5.142, -88.2300262451172
5.145, -88.2461929321289
5.148, -88.2653045654297
5.151, -88.2880859375
5.154, -88.3138046264648
5.157, -88.3424682617188
5.16, -88.3748092651367
5.163, -88.4093475341797
5.166, -88.4475631713867
5.169, -88.4879837036133
5.172, -88.5306167602539
5.175, -88.5754470825195
5.178, -88.6232147216797
5.181, -88.6724548339844
5.184, -88.7238998413086
5.187, -88.7760848999023
5.19, -88.8297348022461
5.193, -88.8848495483398
5.196, -88.9407043457031
5.199, -88.9972991943359
5.202, -89.0546264648438
5.205, -89.1097412109375
5.208, -89.1655960083008
5.211, -89.2214508056641
5.214, -89.2765731811523
5.217, -89.3294906616211
5.22, -89.3816680908203
5.223, -89.4316482543945
5.226, -89.4794158935547
5.229, -89.5257186889648
5.232, -89.5690765380859
5.235, -89.6094970703125
5.238, -89.6469802856445
5.241, -89.681526184082
5.244, -89.7123947143555
5.247, -89.7403182983398
5.25, -89.7638397216797
5.253, -89.7836837768555
5.256, -89.8005828857422
5.259, -89.8130798339844
5.262, -89.8226318359375
5.265, -89.8285140991211
5.268, -89.8292465209961
5.271, -89.824836730957
5.274, -89.8174896240234
5.277, -89.8079299926758
5.28, -89.7954406738281
5.283, -89.7800064086914
5.286, -89.7630996704102
5.289, -89.7439956665039
5.292, -89.7234115600586
5.295, -89.7021026611328
5.298, -89.678581237793
5.301, -89.6543273925781
5.304, -89.6300811767578
5.307, -89.605827331543
5.31, -89.5815734863281
5.313, -89.5565872192383
5.316, -89.5323333740234
5.319, -89.5095520019531
5.322, -89.4875030517578
5.325, -89.4661865234375
5.328, -89.4456100463867
5.331, -89.4264984130859
5.334, -89.4095993041992
5.337, -89.3941650390625
5.34, -89.3809356689453
5.343, -89.3684387207031
5.346, -89.35888671875
5.349, -89.3515396118164
5.352, -89.3456573486328
5.355, -89.3419799804688
5.358, -89.3412475585938
5.361, -89.3412475585938
5.364, -89.3419799804688
5.367, -89.3441848754883
5.37, -89.3493347167969
5.373, -89.3559494018555
5.376, -89.3647689819336
5.379, -89.3750534057617
5.382, -89.3875503540039
5.385, -89.4015121459961
5.388, -89.4169464111328
5.391, -89.4338531494141
5.394, -89.4522247314453
5.397, -89.4720687866211
5.4, -89.4926452636719
5.403, -89.5139617919922
5.406, -89.5367431640625
5.409, -89.5602569580078
5.412, -89.5845108032227
5.415, -89.6094970703125
5.418, -89.6352233886719
5.421, -89.6609420776367
5.424, -89.6874008178711
5.427, -89.7138595581055
5.43, -89.7410507202148
5.433, -89.7682495117188
5.436, -89.7954406738281
5.439, -89.8233642578125
5.442, -89.8512954711914
5.445, -89.8792190551758
5.448, -89.9071502685547
5.451, -89.9358139038086
5.454, -89.9652099609375
5.457, -89.9946060180664
5.46, -90.0254745483398
5.463, -90.0563430786133
5.466, -90.0879440307617
5.469, -90.1210174560547
5.472, -90.1548233032227
5.475, -90.1901016235352
5.478, -90.2268447875977
5.481, -90.2650604248047
5.484, -90.3054885864258
5.487, -90.3473739624023
5.49, -90.391471862793
5.493, -90.4377746582031
5.496, -90.4870147705078
5.499, -90.538459777832
5.502, -90.5921096801758
5.505, -90.6494369506836
5.508, -90.7089614868164
5.511, -90.7721710205078
5.514, -90.8375778198242
5.517, -90.9066619873047
5.52, -90.9786834716797
5.523, -91.0529174804688
5.526, -91.1308212280273
5.529, -91.2101898193359
5.532, -91.2939758300781
5.535, -91.3806991577148
5.538, -91.4703598022461
5.541, -91.5622253417969
5.544, -91.6562957763672
5.547, -91.752571105957
5.55, -91.8510589599609
5.553, -91.9510040283203
5.556, -92.0524291992188
5.559, -92.1545867919922
5.562, -92.2574768066406
5.565, -92.3610992431641
5.568, -92.4662017822266
5.571, -92.570556640625
5.574, -92.674186706543
5.577, -92.7785491943359
5.58, -92.8814392089844
5.583, -92.9843292236328
5.586, -93.0864868164063
5.589, -93.1871719360352
5.592, -93.2863845825195
5.595, -93.3841323852539
5.598, -93.4804077148438
5.601, -93.5752182006836
5.604, -93.6685562133789
5.607, -93.7596893310547
5.61, -93.8478775024414
5.613, -93.9353332519531
5.616, -94.0205917358398
5.619, -94.1036376953125
5.622, -94.1844787597656
5.625, -94.2631149291992
5.628, -94.3395538330078
5.631, -94.4123077392578
5.634, -94.4821319580078
5.637, -94.5490112304688
5.64, -94.6129455566406
5.643, -94.673210144043
5.646, -94.7290649414063
5.649, -94.78125
5.652, -94.8297576904297
5.655, -94.8738479614258
5.658, -94.9135360717773
5.661, -94.9480819702148
5.664, -94.9782104492188
5.667, -95.0031967163086
5.67, -95.0230407714844
5.673, -95.0384750366211
5.676, -95.0494995117188
5.679, -95.0546417236328
5.682, -95.0517044067383
5.685, -95.0428848266602
5.688, -95.0311279296875
5.691, -95.0149612426758
5.694, -94.9951171875
5.697, -94.9708633422852
5.7, -94.9444046020508
5.703, -94.9157409667969
5.706, -94.8848724365234
5.709, -94.8525390625
5.712, -94.8172607421875
5.715, -94.781982421875
5.718, -94.7467041015625
5.721, -94.710693359375
5.724, -94.6754150390625
5.727, -94.64013671875
5.73, -94.605598449707
5.733, -94.5739974975586
5.736, -94.5438613891602
5.739, -94.5159378051758
5.742, -94.4902114868164
5.745, -94.4681625366211
5.748, -94.4490585327148
5.751, -94.4343566894531
5.754, -94.4233322143555
5.757, -94.4159851074219
5.76, -94.4130477905273
5.763, -94.4130477905273
5.766, -94.4159851074219
5.769, -94.4233322143555
5.772, -94.4358291625977
5.775, -94.4534683227539
5.778, -94.4769821166992
5.781, -94.5056457519531
5.784, -94.5409240722656
5.787, -94.5820770263672
5.79, -94.6283798217773
5.793, -94.6805648803711
5.796, -94.7386245727539
5.799, -94.8018264770508
5.802, -94.8709106445313
5.805, -94.9451370239258
5.808, -95.0230407714844
5.811, -95.105354309082
5.814, -95.1913452148438
5.817, -95.281005859375
5.82, -95.3736038208008
5.823, -95.4669418334961
5.826, -95.5602798461914
5.829, -95.6543502807617
5.832, -95.747688293457
5.835, -95.8402938842773
5.838, -95.9284820556641
5.841, -96.0115356445313
5.844, -96.0894317626953
5.847, -96.1629257202148
5.85, -96.2305450439453
5.853, -96.2886047363281
5.856, -96.3378448486328
5.859, -96.3797378540039
5.862, -96.4128036499023
5.865, -96.4363250732422
5.868, -96.4517593383789
5.871, -96.455436706543
5.874, -96.4436721801758
5.877, -96.423828125
5.88, -96.3981094360352
5.883, -96.3657684326172
5.886, -96.3275527954102
5.889, -96.2819900512695
5.892, -96.2327499389648
5.895, -96.1798324584961
5.898, -96.1247100830078
5.901, -96.066650390625
5.904, -96.0056533813477
5.907, -95.9431838989258
5.91, -95.8814468383789
5.913, -95.8204498291016
5.916, -95.7594451904297
5.919, -95.6984481811523
5.922, -95.6396560668945
5.925, -95.5830612182617
5.928, -95.529411315918
5.931, -95.4772338867188
5.934, -95.4294586181641
5.937, -95.3838958740234
5.94, -95.3420028686523
5.943, -95.3030548095703
5.946, -95.2685089111328
5.949, -95.2376403808594
5.952, -95.2111892700195
5.955, -95.1884002685547
5.958, -95.1707611083984
5.961, -95.1567993164063
5.964, -95.1479797363281
5.967, -95.1435699462891
5.97, -95.1435699462891
5.973, -95.1443099975586
5.976, -95.1494522094727
5.979, -95.1590042114258
5.982, -95.1737060546875
5.985, -95.1928100585938
5.988, -95.2170639038086
5.991, -95.2464599609375
5.994, -95.281005859375
5.997, -95.319953918457
6.0, -95.3640518188477
6.003, -95.4125595092773
6.006, -95.4654769897461
6.009, -95.5242691040039
6.012, -95.5867385864258
6.015, -95.6536178588867
6.018, -95.7234344482422
6.021, -95.7991333007813
6.024, -95.8785095214844
6.027, -95.962287902832
6.03, -96.0490112304688
6.033, -96.1394119262695
6.036, -96.2327499389648
6.039, -96.3290252685547
6.042, -96.4282379150391
6.045, -96.5296630859375
6.048, -96.6325531005859
6.051, -96.7369155883789
6.054, -96.8434829711914
6.057, -96.9515151977539
6.06, -97.0588150024414
6.063, -97.1668548583984
6.066, -97.2748870849609
6.069, -97.3821868896484
6.072, -97.4902267456055
6.075, -97.5960540771484
6.078, -97.7011489868164
6.081, -97.8047790527344
6.084, -97.9076690673828
6.087, -98.0090866088867
6.09, -98.1083068847656
6.093, -98.2053146362305
6.096, -98.3008575439453
6.099, -98.3934631347656
6.102, -98.4853286743164
6.105, -98.5757217407227
6.108, -98.6653900146484
6.111, -98.7528457641602
6.114, -98.8388290405273
6.117, -98.9240875244141
6.12, -99.0086059570313
6.123, -99.0931243896484
6.126, -99.1776351928711
6.129, -99.2614212036133
6.132, -99.3466720581055
6.135, -99.4341278076172
6.138, -99.5230560302734
6.141, -99.6134567260742
6.144, -99.7060546875
6.147, -99.8023376464844
6.15, -99.9037551879883
6.153, -100.009590148926
6.156, -100.119827270508
6.159, -100.234474182129
6.162, -100.356475830078
6.165, -100.485824584961
6.168, -100.622520446777
6.171, -100.767303466797
6.174, -100.92017364502
6.177, -101.082595825195
6.18, -101.252365112305
6.183, -101.436096191406
6.186, -101.630859375
6.189, -101.835906982422
6.192, -102.054176330566
6.195, -102.284217834473
6.198, -102.528213500977
6.201, -102.784706115723
6.204, -103.052223205566
6.207, -103.332237243652
6.21, -103.622535705566
6.213, -103.923858642578
6.216, -104.235473632813
6.219, -104.555168151855
6.222, -104.872657775879
6.225, -105.185745239258
6.228, -105.495887756348
6.231, -105.803092956543
6.234, -106.100006103516
6.237, -106.373405456543
6.24, -106.619606018066
6.243, -106.840087890625
6.246, -107.033378601074
6.249, -107.200202941895
6.252, -107.334701538086
6.255, -107.438323974609
6.258, -107.510345458984
6.261, -107.550033569336
6.264, -107.558120727539
6.267, -107.531661987305
6.27, -107.486099243164
6.273, -107.420684814453
6.276, -107.33984375
6.279, -107.250915527344
6.282, -107.153907775879
6.285, -107.049545288086
6.288, -106.936363220215
6.291, -106.818771362305
6.294, -106.69898223877
6.297, -106.57844543457
6.3, -106.455711364746
6.303, -106.331512451172
6.306, -106.205833435059
6.309, -106.08016204834
6.312, -105.953018188477
6.315, -105.825874328613
6.318, -105.697998046875
6.321, -105.567909240723
6.324, -105.43635559082
6.327, -105.301864624023
6.33, -105.165168762207
6.333, -105.026260375977
6.336, -104.884422302246
6.339, -104.740371704102
6.342, -104.589714050293
6.345, -104.435371398926
6.348, -104.276626586914
6.351, -104.114204406738
6.354, -103.947380065918
6.357, -103.776870727539
6.36, -103.601959228516
6.363, -103.424102783203
6.366, -103.242568969727
6.369, -103.058837890625
6.372, -102.872901916504
6.375, -102.684020996094
6.378, -102.492935180664
6.381, -102.301856994629
6.384, -102.109298706055
6.387, -101.91748046875
6.39, -101.724189758301
6.393, -101.531639099121
6.396, -101.339820861816
6.399, -101.149475097656
6.402, -100.959861755371
6.405, -100.772453308105
6.408, -100.58650970459
6.411, -100.402778625488
6.414, -100.221244812012
6.417, -100.041923522949
6.42, -99.8684768676758
6.423, -99.6942977905273
6.426, -99.5230560302734
6.429, -99.3540267944336
6.432, -99.1886596679688
6.435, -99.025505065918
6.438, -98.8652877807617
6.441, -98.707275390625
6.444, -98.5522079467773
6.447, -98.3993377685547
6.45, -98.2494125366211
6.453, -98.101692199707
6.456, -97.9561767578125
6.459, -97.8135986328125
6.462, -97.6724853515625
6.465, -97.5335845947266
6.468, -97.3976211547852
6.471, -97.2631301879883
6.474, -97.1301040649414
6.477, -96.9992904663086
6.48, -96.8706741333008
6.483, -96.7442626953125
6.486, -96.6193237304688
6.489, -96.4958572387695
6.492, -96.3745880126953
6.495, -96.2555313110352
6.498, -96.137939453125
6.501, -96.0247573852539
6.504, -95.9108428955078
6.507, -95.7984008789063
6.51, -95.6888961791992
6.513, -95.5801239013672
6.516, -95.4742965698242
6.519, -95.3699340820313
6.522, -95.2677764892578
6.525, -95.1670913696289
6.528, -95.0686111450195
6.531, -94.9723281860352
6.534, -94.8782577514648
6.537, -94.7856597900391
6.54, -94.6959991455078
6.543, -94.6078033447266
6.546, -94.5225524902344
6.549, -94.4395065307617
6.552, -94.3586578369141
6.555, -94.2792892456055
6.558, -94.2035903930664
6.561, -94.1293563842773
6.564, -94.0588073730469
6.567, -93.9897232055664
6.57, -93.9243087768555
6.573, -93.8611068725586
6.576, -93.8008422851563
6.579, -93.7435150146484
6.582, -93.6898651123047
6.585, -93.6384201049805
6.588, -93.5899124145508
6.591, -93.5450820922852
6.594, -93.5039291381836
6.597, -93.4664459228516
6.6, -93.4326400756836
6.603, -93.4017715454102
6.606, -93.3753128051758
6.609, -93.3525314331055
6.612, -93.3334197998047
6.615, -93.3179931640625
6.618, -93.3069686889648
6.621, -93.3003540039063
6.624, -93.2981491088867
6.627, -93.2981491088867
6.63, -93.3003540039063
6.633, -93.3069686889648
