% Measurement ID: 3440
% Mode ID: 1
% Date and time: 2020-07-03 15:09:12
% Sample ID: RAD1-28
% Measurement type: ringdown
% Frequency [Hz]: 601779.0
% Quality factor: 2414847.27602958
% Temperature [K]: 293.0
% Pressure [mBar]: 1.7e-07
% Notes: 
% 
%
% measurement data
% time [s], power [dBm]
0.0, -102.174
0.0801068090787717, -101.4807
0.1602136181575434, -101.0461
0.24032042723631508, -95.17698
0.3204272363150868, -92.16428
0.4005340453938585, -92.43772
0.48064085447263016, -90.89963
0.5607476635514019, -90.16233
0.6408544726301736, -89.39084
0.7209612817089452, -89.43479
0.801068090787717, -87.96506
0.8811748998664887, -88.10666
0.9612817089452603, -90.17209
1.041388518024032, -92.38889
1.1214953271028039, -92.67209
1.2016021361815754, -91.28538
1.2817089452603472, -91.52952
1.361815754339119, -91.89573
1.4419225634178905, -93.29221
1.5220293724966623, -91.41721
1.602136181575434, -91.74924
1.6822429906542056, -92.11545
1.7623497997329773, -92.91623
1.842456608811749, -94.66428
1.9225634178905207, -94.52756
2.0026702269692924, -92.51584
2.082777036048064, -92.53538
2.162883845126836, -95.35276
2.2429906542056077, -102.2766
2.323097463284379, -101.842
2.403204272363151, -101.2561
2.4833110814419226, -99.96702
2.5634178905206944, -98.23362
2.643524699599466, -98.28245
2.723631508678238, -100.758
2.8037383177570097, -105.05
2.883845126835781, -100.4162
2.9639519359145527, -96.69065
3.0440587449933245, -97.83323
3.1241655540720963, -96.24631
3.204272363150868, -97.96995
3.28437917222964, -99.34202
3.364485981308411, -94.89377
3.444592790387183, -95.41135
3.5246995994659547, -94.21018
3.6048064085447264, -92.58909
3.684913217623498, -93.89768
3.76502002670227, -98.64866
3.8451268357810413, -104.5373
3.925233644859813, -103.6389
4.005340453938585, -103.4631
4.085447263017357, -101.2561
4.165554072096128, -101.2219
4.2456608811749, -56.75901
4.325767690253672, -55.63596
4.405874499332444, -54.13205
4.4859813084112155, -54.04905
4.566088117489987, -54.69358
4.646194926568758, -55.95334
4.72630173564753, -57.04221
4.806408544726302, -56.1926
4.886515353805073, -55.68479
4.966622162883845, -55.3967
5.046728971962617, -55.4553
5.126835781041389, -55.98752
5.2069425901201605, -56.46604
5.287049399198932, -55.99729
5.367156208277704, -55.53342
5.447263017356476, -54.801
5.5273698264352475, -56.01682
5.607476635514019, -55.92405
5.68758344459279, -56.5051
5.767690253671562, -56.13889
5.847797062750334, -55.72385
5.9279038718291055, -55.39182
6.008010680907877, -55.51877
6.088117489986649, -55.58225
6.168224299065421, -55.63108
6.248331108144193, -56.72483
6.328437917222964, -55.76291
6.408544726301736, -55.84592
6.488651535380508, -55.35276
6.56875834445928, -55.26975
6.648865153538051, -55.66038
6.728971962616822, -55.63596
6.809078771695594, -56.58323
6.889185580774366, -56.60276
6.969292389853138, -56.69553
7.049399198931909, -56.23655
7.129506008010681, -56.42209
7.209612817089453, -55.80686
7.289719626168225, -56.40745
7.369826435246996, -56.27561
7.449933244325768, -56.58323
7.53004005340454, -56.38303
7.610146862483312, -56.54905
7.690253671562083, -55.33323
7.770360480640854, -55.14768
7.850467289719626, -55.2258
7.930574098798398, -54.54709
8.01068090787717, -55.06467
8.090787716955942, -54.56663
8.170894526034713, -54.4885
8.251001335113484, -54.32737
8.331108144192257, -54.69358
8.411214953271028, -54.54709
8.4913217623498, -54.3762
8.571428571428571, -54.99631
8.651535380507344, -54.81077
8.731642189586115, -54.23948
8.811748998664887, -54.31272
8.891855807743658, -54.29807
8.971962616822431, -54.35178
9.052069425901202, -54.15159
9.132176234979974, -54.4592
9.212283044058745, -53.6926
9.292389853137516, -54.06858
9.372496662216289, -53.75608
9.45260347129506, -53.61936
9.532710280373832, -53.02854
9.612817089452603, -52.97971
9.692923898531376, -52.99436
9.773030707610147, -52.87229
9.85313751668892, -52.4133
9.93324432576769, -52.38889
10.013351134846463, -52.05198
10.093457943925234, -51.68577
10.173564753004007, -51.67112
10.253671562082777, -51.32444
10.333778371161548, -51.22678
10.413885180240321, -50.95823
10.493991989319092, -50.96799
10.574098798397864, -50.53342
10.654205607476635, -50.58225
10.734312416555408, -50.74338
10.814419225634179, -50.26487
10.894526034712952, -50.51389
10.974632843791722, -50.44553
11.054739652870495, -51.02659
11.134846461949266, -50.54807
11.214953271028039, -50.9387
11.29506008010681, -50.80686
11.37516688918558, -50.98752
11.455273698264353, -50.99241
11.535380507343124, -51.06565
11.615487316421897, -51.30979
11.695594125500667, -51.21213
11.77570093457944, -51.27073
11.855807743658211, -51.5344
11.935914552736984, -51.57346
12.016021361815755, -51.53928
12.096128170894527, -51.71018
12.176234979973298, -51.08518
12.25634178905207, -51.31467
12.336448598130842, -50.69944
12.416555407209612, -50.79221
12.496662216288385, -50.67991
12.576769025367156, -50.4553
12.656875834445929, -50.3967
12.7369826435247, -49.55686
12.817089452603472, -49.86448
12.897196261682243, -49.2883
12.977303070761016, -49.43967
13.057409879839787, -49.0051
13.13751668891856, -48.88303
13.21762349799733, -48.56565
13.297730307076103, -48.54612
13.377837116154874, -48.26291
13.457943925233645, -48.14084
13.538050734312417, -48.04807
13.618157543391188, -47.93088
13.69826435246996, -47.85276
13.778371161548732, -47.70627
13.858477970627504, -47.54514
13.938584779706275, -47.43772
14.018691588785048, -47.42307
14.098798397863819, -47.31565
14.178905206942591, -47.20823
14.259012016021362, -47.15452
14.339118825100135, -47.07151
14.419225634178906, -47.01291
14.499332443257677, -46.87131
14.57943925233645, -46.83225
14.65954606141522, -46.76389
14.739652870493993, -46.68577
14.819759679572764, -46.69065
14.899866488651536, -46.55393
14.979973297730307, -46.45139
15.06008010680908, -46.48069
15.14018691588785, -46.23166
15.220293724966623, -46.18772
15.300400534045394, -46.11936
15.380507343124165, -46.06565
15.460614152202938, -46.09006
15.540720961281709, -46.01194
15.620827770360481, -46.0217
15.700934579439252, -45.93381
15.781041388518025, -45.94358
15.861148197596796, -45.95823
15.941255006675568, -45.79221
16.02136181575434, -45.92893
16.10146862483311, -45.7678
16.181575433911885, -45.81174
16.261682242990656, -45.77268
16.341789052069426, -45.80198
16.421895861148197, -45.80198
16.502002670226968, -45.78245
16.582109479305743, -45.82151
16.662216288384514, -45.81663
16.742323097463284, -45.65549
16.822429906542055, -45.69455
16.90253671562083, -45.61155
16.9826435246996, -45.63108
17.06275033377837, -45.5383
17.142857142857142, -45.48459
17.222963951935917, -45.40159
17.303070761014688, -45.23069
17.38317757009346, -45.49924
17.46328437917223, -45.42112
17.543391188251, -45.40647
17.623497997329775, -45.5383
17.703604806408546, -45.3967
17.783711615487316, -45.54807
17.863818424566087, -45.38694
17.943925233644862, -45.49924
18.024032042723633, -45.33811
18.104138851802404, -45.34299
18.184245660881174, -45.38205
18.26435246995995, -45.49436
18.34445927903872, -44.71799
18.42456608811749, -44.74729
18.50467289719626, -45.27463
18.584779706275032, -45.81663
18.664886515353807, -46.34885
18.744993324432578, -46.88108
18.82510013351135, -47.44748
18.90520694259012, -47.98459
18.985313751668894, -48.5217
19.065420560747665, -49.0637
19.145527369826436, -49.62522
19.225634178905207, -50.16233
19.30574098798398, -50.71409
19.385847797062752, -51.26584
19.465954606141523, -51.80295
19.546061415220294, -52.34983
19.626168224299064, -52.8967
19.70627503337784, -53.42893
19.78638184245661, -53.95627
19.86648865153538, -54.47873
19.94659546061415, -55.01584
20.026702269692926, -55.58225
20.106809078771697, -56.13889
20.186915887850468, -56.69065
20.26702269692924, -57.21799
20.347129506008013, -57.75022
20.427236315086784, -58.25803
20.507343124165555, -58.81467
20.587449933244326, -59.36155
20.667556742323097, -59.87913
20.74766355140187, -60.43088
20.827770360480642, -60.98752
20.907877169559413, -61.57834
20.987983978638184, -62.14963
21.068090787716958, -62.7551
21.14819759679573, -63.3508
21.2283044058745, -63.7512
21.30841121495327, -64.27366
21.388518024032045, -64.90354
21.468624833110816, -65.45041
21.548731642189587, -66.07541
21.628838451268358, -66.54416
21.70894526034713, -67.16916
21.789052069425903, -67.69651
21.869158878504674, -68.16038
21.949265687583445, -68.60959
22.029372496662216, -69.00022
22.10947930574099, -69.65452
22.18958611481976, -70.0842
22.269692923898532, -70.58713
22.349799732977303, -71.15842
22.429906542056077, -72.07639
22.510013351134848, -72.6428
22.59012016021362, -73.30198
22.67022696929239, -74.09299
22.75033377837116, -74.53733
22.830440587449935, -75.04514
22.910547396528706, -75.78733
22.990654205607477, -76.27073
23.070761014686248, -76.84202
23.150867823765022, -77.57932
23.230974632843793, -77.90159
23.311081441922564, -78.31663
23.391188251001335, -78.99534
23.47129506008011, -79.44455
23.55140186915888, -79.56174
23.63150867823765, -79.70823
23.711615487316422, -80.3137
23.791722296395193, -80.85569
23.871829105473967, -81.78342
23.951935914552738, -82.17405
24.03204272363151, -83.13596
24.11214953271028, -82.87229
24.192256341789054, -83.0676
24.272363150867825, -83.48752
24.352469959946596, -84.41526
24.432576769025367, -84.75705
24.51268357810414, -85.1428
24.592790387182912, -86.29026
24.672897196261683, -86.97385
24.753004005340454, -86.98362
24.833110814419225, -87.9553
24.913217623498, -89.95725
24.99332443257677, -89.9426
25.07343124165554, -88.90256
25.153538050734312, -88.95627
25.233644859813086, -88.84397
25.313751668891857, -88.57541
25.39385847797063, -89.24436
25.4739652870494, -89.24924
25.554072096128174, -91.01194
25.634178905206944, -92.74045
25.714285714285715, -93.94651
25.794392523364486, -94.50803
25.874499332443257, -93.76584
25.95460614152203, -94.65452
26.034712950600802, -96.3342
26.114819759679573, -93.61448
26.194926568758344, -93.8928
26.27503337783712, -94.56174
26.35514018691589, -97.10569
26.43524699599466, -96.96897
26.51535380507343, -97.37424
26.595460614152206, -101.0803
26.675567423230977, -104.0149
26.755674232309747, -101.261
26.83578104138852, -97.926
26.91588785046729, -97.88205
26.995994659546064, -98.02366
27.076101468624834, -98.78049
27.156208277703605, -100.5285
27.236315086782376, -96.45627
27.31642189586115, -94.08811
27.39652870493992, -95.24045
27.476635514018692, -97.25217
27.556742323097463, -95.21604
27.636849132176238, -97.34983
27.71695594125501, -100.3137
27.79706275033378, -99.19065
27.87716955941255, -95.94358
27.95727636849132, -95.04026
28.037383177570096, -93.26291
28.117489986648867, -93.82932
28.197596795727637, -94.61545
28.27770360480641, -94.43967
28.357810413885183, -98.32639
28.437917222963954, -98.57053
28.518024032042725, -99.06858
28.598130841121495, -98.9758
28.67823765020027, -101.3342
28.75834445927904, -103.0774
28.83845126835781, -104.9865
28.918558077436582, -101.2658
28.998664886515353, -100.4895
29.078771695594128, -98.41428
29.1588785046729, -99.00022
29.23898531375167, -96.65159
29.31909212283044, -98.94651
29.399198931909215, -95.1135
29.479305740987986, -96.68577
29.559412550066757, -97.73069
29.639519359145527, -96.57834
29.719626168224302, -96.54905
29.799732977303073, -98.94651
29.879839786381844, -107.3791
29.959946595460615, -102.0129
30.040053404539385, -101.7688
30.12016021361816, -104.1711
30.20026702269693, -98.32639
30.2803738317757, -96.84202
30.360480640854473, -97.83323
30.440587449933247, -97.16916
30.520694259012018, -97.35959
30.60080106809079, -97.926
30.68090787716956, -96.99827
30.76101468624833, -97.301
30.841121495327105, -98.5217
30.921228304405876, -98.78049
31.001335113484647, -97.54026
31.081441922563418, -96.82737
31.161548731642192, -95.63596
31.241655540720963, -94.62522
31.321762349799734, -96.62229
31.401869158878505, -97.36936
31.48197596795728, -96.50022
31.56208277703605, -96.8762
31.64218958611482, -94.11252
31.72229639519359, -95.55784
31.802403204272363, -92.96995
31.882510013351137, -93.83909
31.962616822429908, -98.61448
32.04272363150868, -106.1682
32.12283044058745, -97.99436
32.20293724966622, -97.40842
32.28304405874499, -96.84202
32.36315086782377, -98.60959
32.44325767690254, -96.92991
32.52336448598131, -95.16233
32.60347129506008, -95.18186
32.68357810413885, -95.71409
32.763684913217624, -96.01194
32.843791722296395, -97.63791
32.923898531375166, -98.33616
33.004005340453936, -97.53049
33.084112149532714, -100.509
33.164218958611485, -104.0344
33.244325767690256, -108.6877
33.32443257676903, -103.8489
33.4045393858478, -103.258
33.48464619492657, -106.1389
33.56475300400534, -103.5119
33.64485981308411, -102.2131
33.72496662216289, -102.091
33.80507343124166, -101.6418
33.88518024032043, -98.17991
33.9652870493992, -96.77366
34.04539385847797, -97.301
34.12550066755674, -95.49436
34.205607476635514, -94.36155
34.285714285714285, -94.46897
34.365821094793056, -99.44455
34.445927903871834, -100.4797
34.526034712950604, -101.2121
34.606141522029375, -103.2434
34.686248331108146, -102.1838
34.76635514018692, -103.2385
34.84646194926569, -108.8342
34.92656875834446, -109.7131
35.00667556742323, -103.5315
35.086782376502, -103.4826
35.16688918558078, -99.50315
35.24699599465955, -102.1252
35.32710280373832, -102.0178
35.40720961281709, -102.1155
35.48731642189586, -99.92795
35.56742323097463, -98.69748
35.647530040053404, -98.45823
35.727636849132175, -99.93772
35.80774365821095, -97.6135
35.887850467289724, -98.92698
35.967957276368494, -101.4953
36.048064085447265, -101.9104
36.128170894526036, -102.843
36.20827770360481, -102.8918
36.28838451268358, -105.8166
36.36849132176235, -102.3791
36.44859813084112, -101.7834
36.5287049399199, -98.78538
36.60881174899867, -99.36643
36.68891855807744, -99.87913
36.76902536715621, -97.38401
36.84913217623498, -95.46506
36.92923898531375, -95.44553
37.00934579439252, -97.22288
37.089452603471294, -97.00803
37.169559412550065, -95.2844
37.24966622162884, -94.0344
37.329773030707614, -94.98166
37.409879839786385, -94.48362
37.489986648865155, -94.38596
37.570093457943926, -94.50803
37.6502002670227, -96.47092
37.73030707610147, -93.47776
37.81041388518024, -93.28245
37.89052069425902, -94.84495
37.97062750333779, -95.46506
38.05073431241656, -94.25068
38.13084112149533, -94.29319
38.2109479305741, -94.3365
38.29105473965287, -94.38033
38.37116154873164, -94.42466
38.45126835781041, -94.46951
38.531375166889184, -94.51486
38.61148197596796, -94.56072
38.69158878504673, -94.60709
38.771695594125504, -94.65397
38.851802403204275, -94.70135
38.931909212283045, -94.74925
39.012016021361816, -94.79765
39.09212283044059, -94.84656
39.17222963951936, -94.89599
39.25233644859813, -94.94591
39.33244325767691, -94.99635
39.41255006675568, -95.0473
39.49265687583445, -95.09876
39.57276368491322, -95.15072
39.65287049399199, -95.20319
39.73297730307076, -95.25618
39.81308411214953, -95.30967
39.8931909212283, -95.36367
39.97329773030708, -95.41817
40.05340453938585, -95.47319
40.13351134846462, -95.52872
40.213618157543394, -95.58475
40.293724966622165, -95.64129
40.373831775700936, -95.69835
40.453938584779706, -95.75591
40.53404539385848, -95.81397
40.61415220293725, -95.87255
40.694259012016026, -95.93164
40.7743658210948, -95.99123
40.85447263017357, -96.05134
40.93457943925234, -96.11195
41.01468624833111, -96.17307
41.09479305740988, -96.23768
41.17489986648865, -96.30297
41.25500667556742, -96.36892
41.33511348464619, -96.43554
41.41522029372497, -96.50284
41.49532710280374, -96.5708
41.57543391188251, -96.63944
41.655540720961284, -96.70874
41.735647530040055, -96.77871
41.815754339118826, -96.84936
41.895861148197596, -96.92067
41.97596795727637, -96.99265
42.05607476635514, -97.06531
42.136181575433916, -97.13863
42.21628838451269, -97.21262
42.29639519359146, -97.28729
42.37650200267023, -97.36262
42.456608811749, -97.43862
42.53671562082777, -97.5153
42.61682242990654, -97.59264
42.69692923898531, -97.67065
42.77703604806409, -97.74934
42.85714285714286, -97.82869
42.93724966622163, -97.90871
43.0173564753004, -97.98941
43.097463284379174, -98.07077
43.177570093457945, -98.1528
43.257676902536716, -98.23551
43.33778371161549, -98.31888
43.41789052069426, -98.40292
43.497997329773035, -98.48764
43.578104138851806, -98.57302
43.65821094793058, -98.65907
43.73831775700935, -98.7458
43.81842456608812, -98.83319
43.89853137516689, -98.92125
43.97863818424566, -99.00998
44.05874499332443, -99.09525
44.1388518024032, -99.18097
44.21895861148198, -99.26714
44.29906542056075, -99.35376
44.37917222963952, -99.44084
44.45927903871829, -99.52836
44.539385847797064, -99.61634
44.619492656875835, -99.70478
44.699599465954606, -99.79366
44.77970627503338, -99.883
44.859813084112155, -99.97278
44.939919893190925, -100.063
45.020026702269696, -100.1537
45.10013351134847, -100.2449
45.18024032042724, -100.3365
45.26034712950601, -100.4285
45.34045393858478, -100.521
45.42056074766355, -100.614
45.50066755674232, -100.7074
45.5807743658211, -100.8012
45.66088117489987, -100.8955
45.74098798397864, -100.9903
45.82109479305741, -101.0855
45.90120160213618, -101.1812
45.981308411214954, -101.2773
46.061415220293725, -101.3739
46.141522029372496, -101.4709
46.22162883845127, -101.5684
46.301735647530045, -101.6663
46.381842456608815, -101.7647
46.461949265687586, -101.8635
46.54205607476636, -101.9628
46.62216288384513, -102.0625
46.7022696929239, -102.1627
46.78237650200267, -102.2634
46.86248331108144, -102.3645
46.94259012016022, -102.4806
47.02269692923899, -102.598
47.10280373831776, -102.7165
47.18291054739653, -102.8364
47.2630173564753, -102.9575
47.34312416555407, -103.0798
47.423230974632844, -103.2033
47.503337783711615, -103.3281
47.583444592790386, -103.4542
47.663551401869164, -103.5814
47.743658210947935, -103.71
47.823765020026705, -103.8397
47.903871829105476, -103.9707
47.98397863818425, -104.1029
48.06408544726302, -104.2364
48.14419225634179, -104.3711
48.22429906542056, -104.5071
48.30440587449933, -104.6443
48.38451268357811, -104.7827
48.46461949265688, -104.9224
48.54472630173565, -105.0633
48.62483311081442, -105.2055
48.70493991989319, -105.3489
48.78504672897196, -105.4935
48.865153538050734, -105.6394
48.945260347129505, -105.7865
49.02536715620828, -105.9348
49.105473965287054, -106.0844
49.185580774365825, -106.2353
49.265687583444596, -106.3873
49.345794392523366, -106.5406
49.42590120160214, -106.6952
49.50600801068091, -106.851
49.58611481975968, -107.008
49.66622162883845, -107.1663
49.74632843791723, -107.3258
49.826435246996, -107.4865
49.90654205607477, -107.6636
49.98664886515354, -107.8427
50.06675567423231, -108.0238
50.14686248331108, -108.207
50.22696929238985, -108.3922
50.307076101468624, -108.5794
50.387182910547395, -108.7687
50.46728971962617, -108.96
50.547396528704944, -109.1533
50.627503337783715, -109.3486
50.707610146862486, -109.546
50.78771695594126, -109.7455
50.86782376502003, -109.9469
50.9479305740988, -110.1504
51.02803738317757, -110.3559
51.10814419225635, -110.5635
51.18825100133512, -110.7731
51.26835781041389, -110.9847
51.34846461949266, -111.1984
51.42857142857143, -111.4141
51.5086782376502, -111.6318
51.58878504672897, -111.8515
51.66889185580774, -112.0733
51.748998664886514, -112.2971
51.82910547396529, -112.523
51.90921228304406, -112.7509
51.989319092122834, -112.9808
52.069425901201605, -113.2128
52.149532710280376, -113.4467
52.22963951935915, -113.6828
52.30974632843792, -113.9208
52.38985313751669, -114.1609
52.46995994659546, -114.403
52.55006675567424, -114.6472
52.63017356475301, -114.8934
52.71028037383178, -115.1416
52.79038718291055, -115.3918
52.87049399198932, -115.6178
52.95060080106809, -115.8445
53.03070761014686, -116.0718
53.11081441922563, -116.2997
53.19092122830441, -116.5283
53.27102803738318, -116.7575
53.35113484646195, -116.9874
53.431241655540724, -117.218
53.511348464619495, -117.4491
53.591455273698266, -117.681
53.67156208277704, -117.9135
53.75166889185581, -118.1466
53.83177570093458, -118.3804
53.911882510013356, -118.6148
53.99198931909213, -118.8499
54.0720961281709, -119.0857
54.15220293724967, -119.322
54.23230974632844, -119.5591
54.31241655540721, -119.7968
54.39252336448598, -120.0351
54.47263017356475, -120.2741
54.55273698264352, -120.5137
54.6328437917223, -120.754
54.71295060080107, -120.9949
54.79305740987984, -121.2365
54.873164218958614, -121.4787
54.953271028037385, -121.7216
55.033377837116156, -121.9651
55.11348464619493, -122.2093
55.1935914552737, -122.4541
55.273698264352475, -122.6996
55.353805073431246, -122.9457
55.43391188251002, -123.1925
55.51401869158879, -123.4399
55.59412550066756, -123.688
55.67423230974633, -123.9367
55.7543391188251, -123.9476
55.83444592790387, -123.9462
55.91455273698264, -123.9325
55.99465954606142, -123.9066
56.07476635514019, -123.8685
56.15487316421896, -123.8181
56.23497997329773, -123.7555
56.315086782376504, -123.6806
56.395193591455275, -123.5935
56.475300400534046, -123.4941
56.55540720961282, -123.3825
56.63551401869159, -123.2586
56.715620827770366, -123.1225
56.795727636849136, -122.9742
56.87583444592791, -122.8136
56.95594125500668, -122.6408
57.03604806408545, -122.4557
57.11615487316422, -122.2584
57.19626168224299, -122.0488
57.27636849132176, -121.827
57.35647530040054, -121.593
57.43658210947931, -121.3467
57.51668891855808, -121.0881
57.59679572763685, -120.8173
57.67690253671562, -120.5343
57.757009345794394, -120.239
57.837116154873165, -119.9315
57.917222963951936, -119.6117
57.99732977303071, -119.2797
58.077436582109485, -118.9355
58.157543391188256, -118.579
58.237650200267026, -118.2102
58.3177570093458, -117.8292
58.39786381842457, -117.436
58.47797062750334, -117.0305
58.55807743658211, -116.6128
58.63818424566088, -116.1828
58.71829105473965, -116.0557
58.79839786381843, -115.9329
58.8785046728972, -115.8144
58.95861148197597, -115.7002
59.03871829105474, -115.5904
59.11882510013351, -115.4849
59.198931909212284, -115.3838
59.279038718291055, -115.287
59.359145527369826, -115.1945
59.439252336448604, -115.1064
59.519359145527375, -115.0226
59.599465954606146, -114.9432
59.67957276368492, -114.8681
59.75967957276369, -114.7973
59.83978638184246, -114.7308
59.91989319092123, -114.6687
60.0, -114.611
