% Measurement ID: 830
% Mode ID: 1
% Date and time: 2020-09-12 09:11:54
% Sample ID: SP77-31
% Measurement type: ringdown
% Frequency [Hz]: 1450959.0
% Quality factor: 9225886.4091957
% Temperature [K]: 293.0
% Pressure [mBar]: 8.1e-08
% Notes: 
% 
%
% measurement data
% time [s], power [dBm]
0.0, -89.92795
0.0801068090787717, -88.65842
0.1602136181575434, -88.87327
0.24032042723631508, -88.44846
0.3204272363150868, -88.31174
0.4005340453938585, -88.82932
0.48064085447263016, -89.53245
0.5607476635514019, -89.66428
0.6408544726301736, -89.18577
0.7209612817089452, -89.14182
0.801068090787717, -90.86545
0.8811748998664887, -89.91819
0.9612817089452603, -89.67893
1.041388518024032, -90.72873
1.1214953271028039, -89.58127
1.2016021361815754, -89.06858
1.2817089452603472, -89.33713
1.361815754339119, -90.12815
1.4419225634178905, -90.3967
1.5220293724966623, -90.91916
1.602136181575434, -89.41038
1.6822429906542056, -89.00998
1.7623497997329773, -89.03928
1.842456608811749, -88.16526
1.9225634178905207, -88.01389
2.0026702269692924, -88.23362
2.082777036048064, -89.44455
2.162883845126836, -90.39182
2.2429906542056077, -91.91038
2.323097463284379, -95.02073
2.403204272363151, -94.44455
2.4833110814419226, -97.04221
2.5634178905206944, -97.81858
2.643524699599466, -91.19748
2.723631508678238, -91.32932
2.8037383177570097, -92.34495
2.883845126835781, -90.69455
2.9639519359145527, -90.76291
3.0440587449933245, -92.7844
3.1241655540720963, -93.70237
3.204272363150868, -93.99045
3.28437917222964, -96.27073
3.364485981308411, -97.13987
3.444592790387183, -97.10569
3.5246995994659547, -97.15452
3.6048064085447264, -95.85569
3.684913217623498, -96.09006
3.76502002670227, -95.78733
3.8451268357810413, -103.3703
3.925233644859813, -96.60764
4.005340453938585, -95.72873
4.085447263017357, -97.16916
4.165554072096128, -96.65647
4.2456608811749, -47.52073
4.325767690253672, -37.37913
4.405874499332444, -39.39084
4.4859813084112155, -37.24729
4.566088117489987, -37.15452
4.646194926568758, -38.84885
4.72630173564753, -37.65745
4.806408544726302, -37.37913
4.886515353805073, -38.85862
4.966622162883845, -38.19455
5.046728971962617, -37.57932
5.126835781041389, -38.87327
5.2069425901201605, -39.00022
5.287049399198932, -37.80393
5.367156208277704, -38.45334
5.447263017356476, -40.27952
5.5273698264352475, -38.21897
5.607476635514019, -38.10178
5.68758344459279, -39.42991
5.767690253671562, -39.8303
5.847797062750334, -38.65354
5.9279038718291055, -38.77073
6.008010680907877, -39.49338
6.088117489986649, -40.93381
6.168224299065421, -40.23557
6.248331108144193, -39.83518
6.328437917222964, -39.78635
6.408544726301736, -40.45041
6.488651535380508, -41.82737
6.56875834445928, -43.0383
6.648865153538051, -43.36545
6.728971962616822, -43.21897
6.809078771695594, -43.24827
6.889185580774366, -43.4387
6.969292389853138, -43.7512
7.049399198931909, -44.22971
7.129506008010681, -43.21897
7.209612817089453, -41.58811
7.289719626168225, -39.9719
7.369826435246996, -38.17014
7.449933244325768, -36.37327
7.53004005340454, -34.70334
7.610146862483312, -33.15061
7.690253671562083, -31.67112
7.770360480640854, -30.34787
7.850467289719626, -29.16135
7.930574098798398, -28.17991
8.01068090787717, -27.28635
8.090787716955942, -26.58811
8.170894526034713, -26.051
8.251001335113484, -25.68479
8.331108144192257, -25.46018
8.411214953271028, -25.33811
8.4913217623498, -25.31858
8.571428571428571, -25.33811
8.651535380507344, -23.8635
8.731642189586115, -23.80979
8.811748998664887, -24.08323
8.891855807743658, -24.40549
8.971962616822431, -24.74729
9.052069425901202, -25.09885
9.132176234979974, -25.44065
9.212283044058745, -25.79221
9.292389853137516, -26.12424
9.372496662216289, -26.46604
9.45260347129506, -26.8176
9.532710280373832, -27.16428
9.612817089452603, -27.51584
9.692923898531376, -27.86741
9.773030707610147, -28.20432
9.85313751668892, -28.54612
9.93324432576769, -28.88791
10.013351134846463, -29.23459
10.093457943925234, -29.58127
10.173564753004007, -29.93772
10.253671562082777, -30.28928
10.333778371161548, -30.63596
10.413885180240321, -30.98264
10.493991989319092, -31.32932
10.574098798397864, -31.67112
10.654205607476635, -32.02268
10.734312416555408, -32.36448
10.814419225634179, -32.71604
10.894526034712952, -33.0676
10.974632843791722, -33.41916
11.054739652870495, -33.77073
11.134846461949266, -34.11741
11.214953271028039, -34.46897
11.29506008010681, -34.81565
11.37516688918558, -35.16233
11.455273698264353, -35.50901
11.535380507343124, -35.86057
11.615487316421897, -36.20725
11.695594125500667, -36.5637
11.77570093457944, -36.91526
11.855807743658211, -37.27659
11.935914552736984, -37.62327
12.016021361815755, -37.97971
12.096128170894527, -38.32639
12.176234979973298, -38.67307
12.25634178905207, -39.02463
12.336448598130842, -39.36643
12.416555407209612, -39.70334
12.496662216288385, -40.05002
12.576769025367156, -40.3967
12.656875834445929, -40.74338
12.7369826435247, -41.09006
12.817089452603472, -41.44651
12.897196261682243, -41.79807
12.977303070761016, -42.14963
13.057409879839787, -42.49631
13.13751668891856, -42.84299
13.21762349799733, -43.18967
13.297730307076103, -43.54612
13.377837116154874, -43.88791
13.457943925233645, -44.24924
13.538050734312417, -44.6008
13.618157543391188, -44.95237
13.69826435246996, -45.29416
13.778371161548732, -45.65061
13.858477970627504, -45.98752
13.938584779706275, -46.32932
14.018691588785048, -46.69065
14.098798397863819, -47.04221
14.178905206942591, -47.38889
14.259012016021362, -47.74045
14.339118825100135, -48.10666
14.419225634178906, -48.46311
14.499332443257677, -48.8342
14.57943925233645, -49.2053
14.65954606141522, -49.55686
14.739652870493993, -49.91819
14.819759679572764, -50.27463
14.899866488651536, -50.64084
14.979973297730307, -50.96311
15.06008010680908, -51.30979
15.14018691588785, -51.66623
15.220293724966623, -52.02756
15.300400534045394, -52.36448
15.380507343124165, -52.71604
15.460614152202938, -53.03342
15.540720961281709, -53.37522
15.620827770360481, -53.68772
15.700934579439252, -54.03928
15.781041388518025, -54.3469
15.861148197596796, -54.69358
15.941255006675568, -55.02073
16.02136181575434, -55.32346
16.10146862483311, -55.72385
16.181575433911885, -56.06565
16.261682242990656, -56.34885
16.341789052069426, -56.676
16.421895861148197, -57.02756
16.502002670226968, -57.40354
16.582109479305743, -57.85276
16.662216288384514, -58.14084
16.742323097463284, -58.4387
16.822429906542055, -58.75608
16.90253671562083, -59.13205
16.9826435246996, -59.43967
17.06275033377837, -59.73752
17.142857142857142, -60.16721
17.222963951935917, -60.46995
17.303070761014688, -60.7678
17.38317757009346, -61.06077
17.46328437917223, -61.42209
17.543391188251, -61.73948
17.623497997329775, -62.10569
17.703604806408546, -62.4426
17.783711615487316, -62.8967
17.863818424566087, -63.23362
17.943925233644862, -63.69748
18.024032042723633, -64.10276
18.104138851802404, -64.40061
18.184245660881174, -64.83518
18.26435246995995, -65.21604
18.34445927903872, -65.65061
18.42456608811749, -66.00705
18.50467289719626, -66.3635
18.584779706275032, -66.6467
18.664886515353807, -66.87131
18.744993324432578, -67.11545
18.82510013351135, -67.31565
18.90520694259012, -67.55979
18.985313751668894, -67.76487
19.065420560747665, -68.05784
19.145527369826436, -68.3801
19.225634178905207, -68.82444
19.30574098798398, -69.15647
19.385847797062752, -69.58127
19.465954606141523, -69.84983
19.546061415220294, -70.0842
19.626168224299064, -70.80686
19.70627503337784, -71.21213
19.78638184245661, -71.50998
19.86648865153538, -71.93479
19.94659546061415, -72.25217
20.026702269692926, -72.43772
20.106809078771697, -72.65745
20.186915887850468, -73.01389
20.26702269692924, -73.39963
20.347129506008013, -73.8635
20.427236315086784, -74.19065
20.507343124165555, -74.72288
20.587449933244326, -74.78147
20.667556742323097, -75.00608
20.74766355140187, -75.31858
20.827770360480642, -75.49436
20.907877169559413, -75.82639
20.987983978638184, -76.35862
21.068090787716958, -76.8762
21.14819759679573, -77.52073
21.2283044058745, -77.49143
21.30841121495327, -77.80881
21.388518024032045, -78.44358
21.468624833110816, -78.50705
21.548731642189587, -78.8342
21.628838451268358, -79.12717
21.70894526034713, -80.44065
21.789052069425903, -80.8508
21.869158878504674, -80.9387
21.949265687583445, -80.92405
22.029372496662216, -81.13401
22.10947930574099, -81.18772
22.18958611481976, -81.30491
22.269692923898532, -81.20237
22.349799732977303, -80.45041
22.429906542056077, -80.44065
22.510013351134848, -81.09983
22.59012016021362, -81.48069
22.67022696929239, -81.45139
22.75033377837116, -81.48557
22.830440587449935, -81.9885
22.910547396528706, -82.00315
22.990654205607477, -83.07248
23.070761014686248, -82.51096
23.150867823765022, -83.4387
23.230974632843793, -84.55198
23.311081441922564, -83.10178
23.391188251001335, -82.74045
23.47129506008011, -82.65256
23.55140186915888, -82.70139
23.63150867823765, -82.8137
23.711615487316422, -83.8635
23.791722296395193, -84.176
23.871829105473967, -85.27463
23.951935914552738, -85.50901
24.03204272363151, -85.48948
24.11214953271028, -85.72873
24.192256341789054, -85.04026
24.272363150867825, -84.00998
24.352469959946596, -83.42893
24.432576769025367, -83.4387
24.51268357810414, -83.48264
24.592790387182912, -83.30198
24.672897196261683, -83.57053
24.753004005340454, -84.40549
24.833110814419225, -86.26096
24.913217623498, -86.58323
24.99332443257677, -88.41428
25.07343124165554, -89.69846
25.153538050734312, -93.07248
25.233644859813086, -96.99338
25.313751668891857, -99.69846
25.39385847797063, -99.83518
25.4739652870494, -94.61625
25.554072096128174, -94.58903
25.634178905206944, -94.56199
25.714285714285715, -94.53515
25.794392523364486, -94.5085
25.874499332443257, -94.48205
25.95460614152203, -94.45579
26.034712950600802, -94.42972
26.114819759679573, -94.40384
26.194926568758344, -94.37816
26.27503337783712, -94.35267
26.35514018691589, -94.32737
26.43524699599466, -94.30978
26.51535380507343, -94.29278
26.595460614152206, -94.27637
26.675567423230977, -94.26055
26.755674232309747, -94.24532
26.83578104138852, -94.23067
26.91588785046729, -94.21661
26.995994659546064, -94.20315
27.076101468624834, -94.19027
27.156208277703605, -94.17798
27.236315086782376, -94.16627
27.31642189586115, -94.15516
27.39652870493992, -94.14463
27.476635514018692, -94.1347
27.556742323097463, -94.12535
27.636849132176238, -94.11659
27.71695594125501, -94.10842
27.79706275033378, -94.10084
27.87716955941255, -94.09384
27.95727636849132, -94.08744
28.037383177570096, -94.08162
28.117489986648867, -94.07639
28.197596795727637, -94.07175
28.27770360480641, -94.0677
28.357810413885183, -94.06423
28.437917222963954, -94.06136
28.518024032042725, -94.05907
28.598130841121495, -94.05738
28.67823765020027, -94.05627
28.75834445927904, -94.05575
28.83845126835781, -94.05581
28.918558077436582, -94.05647
28.998664886515353, -94.05771
29.078771695594128, -94.05955
29.1588785046729, -94.06197
29.23898531375167, -94.06498
29.31909212283044, -94.06858
29.399198931909215, -94.06621
29.479305740987986, -94.06409
29.559412550066757, -94.06221
29.639519359145527, -94.06058
29.719626168224302, -94.05919
29.799732977303073, -94.05804
29.879839786381844, -94.05714
29.959946595460615, -94.05648
30.040053404539385, -94.05606
30.12016021361816, -94.05589
30.20026702269693, -94.05596
30.2803738317757, -94.05628
30.360480640854473, -94.05684
30.440587449933247, -94.05764
30.520694259012018, -94.05869
30.60080106809079, -94.05998
30.68090787716956, -94.06151
30.76101468624833, -94.06329
30.841121495327105, -94.06531
30.921228304405876, -94.06757
31.001335113484647, -94.07008
31.081441922563418, -94.07283
31.161548731642192, -94.07583
31.241655540720963, -94.07907
31.321762349799734, -94.08255
31.401869158878505, -94.08627
31.48197596795728, -94.09024
31.56208277703605, -94.09446
31.64218958611482, -94.09892
31.72229639519359, -94.10362
31.802403204272363, -94.10856
31.882510013351137, -94.11375
31.962616822429908, -94.11918
32.04272363150868, -94.12486
32.12283044058745, -94.13077
32.20293724966622, -94.13694
32.28304405874499, -94.14945
32.36315086782377, -94.16253
32.44325767690254, -94.17618
32.52336448598131, -94.19041
32.60347129506008, -94.20521
32.68357810413885, -94.22059
32.763684913217624, -94.23654
32.843791722296395, -94.25306
32.923898531375166, -94.27015
33.004005340453936, -94.28782
33.084112149532714, -94.30607
33.164218958611485, -94.32488
33.244325767690256, -94.34427
33.32443257676903, -94.36424
33.4045393858478, -94.38477
33.48464619492657, -94.40588
33.56475300400534, -94.42757
33.64485981308411, -94.44982
33.72496662216289, -94.47265
33.80507343124166, -94.49606
33.88518024032043, -94.52003
33.9652870493992, -94.54459
34.04539385847797, -94.56971
34.12550066755674, -94.59541
34.205607476635514, -94.62168
34.285714285714285, -94.64852
34.365821094793056, -94.67594
34.445927903871834, -94.70393
34.526034712950604, -94.7325
34.606141522029375, -94.76164
34.686248331108146, -94.79135
34.76635514018692, -94.82163
34.84646194926569, -94.85249
34.92656875834446, -94.88393
35.00667556742323, -94.91593
35.086782376502, -94.94851
35.16688918558078, -94.98166
35.24699599465955, -95.00964
35.32710280373832, -95.0379
35.40720961281709, -95.06642
35.48731642189586, -95.09521
35.56742323097463, -95.12428
35.647530040053404, -95.15361
35.727636849132175, -95.18322
35.80774365821095, -95.2131
35.887850467289724, -95.24325
35.967957276368494, -95.27367
36.048064085447265, -95.30436
36.128170894526036, -95.33532
36.20827770360481, -95.36656
36.28838451268358, -95.39806
36.36849132176235, -95.42984
36.44859813084112, -95.46188
36.5287049399199, -95.4942
36.60881174899867, -95.52679
36.68891855807744, -95.55965
36.76902536715621, -95.59278
36.84913217623498, -95.62618
36.92923898531375, -95.65986
37.00934579439252, -95.6938
37.089452603471294, -95.72802
37.169559412550065, -95.7625
37.24966622162884, -95.79726
37.329773030707614, -95.83229
37.409879839786385, -95.86759
37.489986648865155, -95.90316
37.570093457943926, -95.939
37.6502002670227, -95.97511
37.73030707610147, -96.0115
37.81041388518024, -96.04815
37.89052069425902, -96.08508
37.97062750333779, -96.12228
38.05073431241656, -96.15975
38.13084112149533, -96.19748
38.2109479305741, -96.24212
38.29105473965287, -96.28737
38.37116154873164, -96.33324
38.45126835781041, -96.37973
38.531375166889184, -96.42684
38.61148197596796, -96.47457
38.69158878504673, -96.52292
38.771695594125504, -96.57189
38.851802403204275, -96.62147
38.931909212283045, -96.67168
39.012016021361816, -96.72251
39.09212283044059, -96.77396
39.17222963951936, -96.82602
39.25233644859813, -96.87871
39.33244325767691, -96.93202
39.41255006675568, -96.98594
39.49265687583445, -97.04049
39.57276368491322, -97.09565
39.65287049399199, -97.15143
39.73297730307076, -97.20784
39.81308411214953, -97.26486
39.8931909212283, -97.3225
39.97329773030708, -97.38077
40.05340453938585, -97.43965
40.13351134846462, -97.49915
40.213618157543394, -97.55927
40.293724966622165, -97.62001
40.373831775700936, -97.68137
40.453938584779706, -97.74335
40.53404539385848, -97.80595
40.61415220293725, -97.86917
40.694259012016026, -97.93301
40.7743658210948, -97.99746
40.85447263017357, -98.06254
40.93457943925234, -98.12824
41.01468624833111, -98.19455
41.09479305740988, -98.25937
41.17489986648865, -98.32469
41.25500667556742, -98.39051
41.33511348464619, -98.45684
41.41522029372497, -98.52368
41.49532710280374, -98.59101
41.57543391188251, -98.65886
41.655540720961284, -98.72721
41.735647530040055, -98.79606
41.815754339118826, -98.86542
41.895861148197596, -98.93528
41.97596795727637, -99.00565
42.05607476635514, -99.07652
42.136181575433916, -99.1479
42.21628838451269, -99.21978
42.29639519359146, -99.29217
42.37650200267023, -99.36506
42.456608811749, -99.43846
42.53671562082777, -99.51236
42.61682242990654, -99.58677
42.69692923898531, -99.66168
42.77703604806409, -99.7371
42.85714285714286, -99.81302
42.93724966622163, -99.88944
43.0173564753004, -99.96637
43.097463284379174, -100.0438
43.177570093457945, -100.1218
43.257676902536716, -100.2002
43.33778371161549, -100.2791
43.41789052069426, -100.3586
43.497997329773035, -100.4386
43.578104138851806, -100.519
43.65821094793058, -100.6
43.73831775700935, -100.6815
43.81842456608812, -100.7635
43.89853137516689, -100.8459
43.97863818424566, -100.9289
44.05874499332443, -101.0069
44.1388518024032, -101.085
44.21895861148198, -101.1634
44.29906542056075, -101.2419
44.37917222963952, -101.3207
44.45927903871829, -101.3997
44.539385847797064, -101.4789
44.619492656875835, -101.5584
44.699599465954606, -101.638
44.77970627503338, -101.7178
44.859813084112155, -101.7979
44.939919893190925, -101.8782
45.020026702269696, -101.9587
45.10013351134847, -102.0394
45.18024032042724, -102.1203
45.26034712950601, -102.2014
45.34045393858478, -102.2827
45.42056074766355, -102.3643
45.50066755674232, -102.446
45.5807743658211, -102.528
45.66088117489987, -102.6102
45.74098798397864, -102.6926
45.82109479305741, -102.7752
45.90120160213618, -102.858
45.981308411214954, -102.941
46.061415220293725, -103.0243
46.141522029372496, -103.1077
46.22162883845127, -103.1914
46.301735647530045, -103.2753
46.381842456608815, -103.3594
46.461949265687586, -103.4437
46.54205607476636, -103.5282
46.62216288384513, -103.6129
46.7022696929239, -103.6979
46.78237650200267, -103.783
46.86248331108144, -103.8684
46.94259012016022, -103.9759
47.02269692923899, -104.0848
47.10280373831776, -104.195
47.18291054739653, -104.3067
47.2630173564753, -104.4198
47.34312416555407, -104.5343
47.423230974632844, -104.6501
47.503337783711615, -104.7674
47.583444592790386, -104.8861
47.663551401869164, -105.0061
47.743658210947935, -105.1276
47.823765020026705, -105.2504
47.903871829105476, -105.3747
47.98397863818425, -105.5003
48.06408544726302, -105.6274
48.14419225634179, -105.7558
48.22429906542056, -105.8856
48.30440587449933, -106.0169
48.38451268357811, -106.1495
48.46461949265688, -106.2835
48.54472630173565, -106.4189
48.62483311081442, -106.5558
48.70493991989319, -106.694
48.78504672897196, -106.8336
48.865153538050734, -106.9746
48.945260347129505, -107.117
49.02536715620828, -107.2608
49.105473965287054, -107.406
49.185580774365825, -107.5526
49.265687583444596, -107.7006
49.345794392523366, -107.85
49.42590120160214, -108.0007
49.50600801068091, -108.1529
49.58611481975968, -108.3065
49.66622162883845, -108.4615
49.74632843791723, -108.6178
49.826435246996, -108.7756
49.90654205607477, -108.9114
49.98664886515354, -109.0473
50.06675567423231, -109.1833
50.14686248331108, -109.3196
50.22696929238985, -109.456
50.307076101468624, -109.5925
50.387182910547395, -109.7293
50.46728971962617, -109.8662
50.547396528704944, -110.0032
50.627503337783715, -110.1404
50.707610146862486, -110.2778
50.78771695594126, -110.4154
50.86782376502003, -110.5531
50.9479305740988, -110.691
51.02803738317757, -110.829
51.10814419225635, -110.9672
51.18825100133512, -111.1056
51.26835781041389, -111.2441
51.34846461949266, -111.3828
51.42857142857143, -111.5217
51.5086782376502, -111.6607
51.58878504672897, -111.7999
51.66889185580774, -111.9393
51.748998664886514, -112.0788
51.82910547396529, -112.2185
51.90921228304406, -112.3583
51.989319092122834, -112.4983
52.069425901201605, -112.6385
52.149532710280376, -112.7788
52.22963951935915, -112.9193
52.30974632843792, -113.06
52.38985313751669, -113.2008
52.46995994659546, -113.3418
52.55006675567424, -113.483
52.63017356475301, -113.6243
52.71028037383178, -113.7658
52.79038718291055, -113.9074
52.87049399198932, -114.0727
52.95060080106809, -114.2394
53.03070761014686, -114.4075
53.11081441922563, -114.5769
53.19092122830441, -114.7478
53.27102803738318, -114.9201
53.35113484646195, -115.0937
53.431241655540724, -115.2688
53.511348464619495, -115.4453
53.591455273698266, -115.6231
53.67156208277704, -115.8024
53.75166889185581, -115.983
53.83177570093458, -116.1651
53.911882510013356, -116.3486
53.99198931909213, -116.5334
54.0720961281709, -116.7197
54.15220293724967, -116.9073
54.23230974632844, -117.0964
54.31241655540721, -117.2868
54.39252336448598, -117.4787
54.47263017356475, -117.6719
54.55273698264352, -117.8666
54.6328437917223, -118.0626
54.71295060080107, -118.2601
54.79305740987984, -118.4589
54.873164218958614, -118.6592
54.953271028037385, -118.8608
55.033377837116156, -119.0638
55.11348464619493, -119.2683
55.1935914552737, -119.4741
55.273698264352475, -119.6813
55.353805073431246, -119.89
55.43391188251002, -120.1
55.51401869158879, -120.3114
55.59412550066756, -120.5243
55.67423230974633, -120.7385
55.7543391188251, -120.9162
55.83444592790387, -121.0932
55.91455273698264, -121.2695
55.99465954606142, -121.4452
56.07476635514019, -121.6202
56.15487316421896, -121.7946
56.23497997329773, -121.9683
56.315086782376504, -122.1414
56.395193591455275, -122.3138
56.475300400534046, -122.4856
56.55540720961282, -122.6567
56.63551401869159, -122.8272
56.715620827770366, -122.997
56.795727636849136, -123.1662
56.87583444592791, -123.3347
56.95594125500668, -123.5025
57.03604806408545, -123.6697
57.11615487316422, -123.8362
57.19626168224299, -124.0021
57.27636849132176, -124.1673
57.35647530040054, -124.3319
57.43658210947931, -124.4958
57.51668891855808, -124.6591
57.59679572763685, -124.8217
57.67690253671562, -124.9837
57.757009345794394, -125.145
57.837116154873165, -125.3056
57.917222963951936, -125.4656
57.99732977303071, -125.625
58.077436582109485, -125.7837
58.157543391188256, -125.9417
58.237650200267026, -126.0991
58.3177570093458, -126.2558
58.39786381842457, -126.4119
58.47797062750334, -126.5673
58.55807743658211, -126.7221
58.63818424566088, -126.8762
58.71829105473965, -127.1071
58.79839786381843, -127.3415
58.8785046728972, -127.5793
58.95861148197597, -127.8205
59.03871829105474, -128.0651
59.11882510013351, -128.3132
59.198931909212284, -128.5647
59.279038718291055, -128.8196
59.359145527369826, -129.0779
59.439252336448604, -129.3397
59.519359145527375, -129.6049
59.599465954606146, -129.8735
59.67957276368492, -130.1455
59.75967957276369, -130.4209
59.83978638184246, -130.6998
59.91989319092123, -130.9821
60.0, -131.2678
