% Measurement ID: 2764
% Mode ID: 2u
% Date and time: 2020-05-15 11:25:26
% Sample ID: TOT34-83
% Measurement type: ringdown
% Frequency [Hz]: 749788.0
% Quality factor: 7331321.553921163
% Temperature [K]: 293.0
% Pressure [mBar]: 3.7e-09
% Notes: 
% 
%
% measurement data
% time [s], power [dBm]
0.0, -18.5803
0.1602136181575434, -18.57541
0.3204272363150868, -18.62912
0.48064085447263016, -18.74631
0.6408544726301736, -18.8928
0.801068090787717, -19.01487
0.9612817089452603, -19.01975
1.1214953271028039, -18.89768
1.2817089452603472, -18.74631
1.4419225634178905, -18.63889
1.602136181575434, -18.59006
1.7623497997329773, -18.43381
1.9225634178905207, -18.0383
2.082777036048064, -17.35959
2.2429906542056077, -16.49045
2.403204272363151, -15.55784
2.5634178905206944, -14.69358
2.723631508678238, -14.00998
2.883845126835781, -13.55588
3.0440587449933245, -13.33616
3.204272363150868, -13.27756
3.364485981308411, -13.28733
3.5246995994659547, -13.36545
3.684913217623498, -13.35569
3.8451268357810413, -13.11155
4.005340453938585, -12.73069
4.165554072096128, -12.34495
4.325767690253672, -12.04221
4.4859813084112155, -11.92991
4.646194926568758, -11.92991
4.806408544726302, -12.03245
4.966622162883845, -12.30588
5.126835781041389, -12.6135
5.287049399198932, -12.75022
5.447263017356476, -12.39377
5.607476635514019, -11.89573
5.767690253671562, -11.36838
5.9279038718291055, -10.96311
6.088117489986649, -10.76291
6.248331108144193, -10.7385
6.408544726301736, -10.75803
6.56875834445928, -10.87522
6.728971962616822, -10.93381
6.889185580774366, -10.72873
7.049399198931909, -10.40647
7.209612817089453, -10.10373
7.369826435246996, -9.888891
7.53004005340454, -9.810766
7.690253671562083, -9.810766
7.850467289719626, -9.815648
8.01068090787717, -9.820531
8.170894526034713, -9.717992
8.331108144192257, -9.561742
8.4913217623498, -9.356664
8.651535380507344, -9.180883
8.811748998664887, -9.058812
8.971962616822431, -8.990453
9.132176234979974, -8.961156
9.292389853137516, -8.892797
9.45260347129506, -8.785375
9.612817089452603, -8.658422
9.773030707610147, -8.51682
9.93324432576769, -8.433812
10.093457943925234, -8.384984
10.253671562082777, -8.375219
10.413885180240321, -8.350805
10.574098798397864, -8.297094
10.734312416555408, -8.199437
10.894526034712952, -8.11643
11.054739652870495, -8.043187
11.214953271028039, -7.994359
11.37516688918558, -7.965062
11.535380507343124, -7.930883
11.695594125500667, -7.857641
11.855807743658211, -7.764867
12.016021361815755, -7.672094
12.176234979973298, -7.584203
12.336448598130842, -7.525609
12.496662216288385, -7.496312
12.656875834445929, -7.476781
12.817089452603472, -7.437719
12.977303070761016, -7.379125
13.13751668891856, -7.315648
13.297730307076103, -7.271703
13.457943925233645, -7.242406
13.618157543391188, -7.213109
13.778371161548732, -7.183812
13.938584779706275, -7.134984
14.098798397863819, -7.105687
14.259012016021362, -7.076391
14.419225634178906, -7.047094
14.57943925233645, -7.017797
14.739652870493993, -6.9885
14.899866488651536, -6.949437
15.06008010680908, -6.900609
15.220293724966623, -6.871312
15.380507343124165, -6.822484
15.540720961281709, -6.793187
15.700934579439252, -6.734594
15.861148197596796, -6.705297
16.02136181575434, -6.676
16.181575433911885, -6.656469
16.341789052069426, -6.636937
16.502002670226968, -6.607641
16.662216288384514, -6.588109
16.822429906542055, -6.568578
16.9826435246996, -6.51975
17.142857142857142, -6.490453
17.303070761014688, -6.451391
17.46328437917223, -6.422094
17.623497997329775, -6.407445
17.783711615487316, -6.383031
17.943925233644862, -6.373266
18.104138851802404, -6.343969
18.26435246995995, -6.314672
18.42456608811749, -6.285375
18.584779706275032, -6.256078
18.744993324432578, -6.226781
18.90520694259012, -6.217016
19.065420560747665, -6.192602
19.225634178905207, -6.168187
19.385847797062752, -6.148656
19.546061415220294, -6.129125
19.70627503337784, -6.119359
19.86648865153538, -6.109594
20.026702269692926, -6.099828
20.186915887850468, -6.075414
20.347129506008013, -6.051
20.507343124165555, -6.031469
20.667556742323097, -6.011937
20.827770360480642, -6.002172
20.987983978638184, -5.982641
21.14819759679573, -5.982641
21.30841121495327, -5.992406
21.468624833110816, -6.002172
21.628838451268358, -6.104711
21.789052069425903, -6.368383
21.949265687583445, -6.661352
22.10947930574099, -6.983617
22.269692923898532, -7.325414
22.429906542056077, -7.686742
22.59012016021362, -8.062719
22.75033377837116, -8.453344
22.910547396528706, -8.853734
23.070761014686248, -9.259008
23.230974632843793, -9.674047
23.391188251001335, -10.09397
23.55140186915888, -10.51877
23.711615487316422, -10.94358
23.871829105473967, -11.3635
24.03204272363151, -11.79319
24.192256341789054, -12.21799
24.352469959946596, -12.65745
24.51268357810414, -13.0969
24.672897196261683, -13.53635
24.833110814419225, -13.98069
24.99332443257677, -14.42502
25.153538050734312, -14.86936
25.313751668891857, -15.30393
25.4739652870494, -15.7385
25.634178905206944, -16.17795
25.794392523364486, -16.61252
25.95460614152203, -17.05686
26.114819759679573, -17.49631
26.27503337783712, -17.94553
26.43524699599466, -18.39963
26.595460614152206, -18.84885
26.755674232309747, -19.29807
26.91588785046729, -19.74241
27.076101468624834, -20.18674
27.236315086782376, -20.63108
27.39652870493992, -21.0803
27.556742323097463, -21.51975
27.71695594125501, -21.96409
27.87716955941255, -22.40354
28.037383177570096, -22.85764
28.197596795727637, -23.31174
28.357810413885183, -23.76096
28.518024032042725, -24.20041
28.67823765020027, -24.63987
28.83845126835781, -25.08909
28.998664886515353, -25.51877
29.1588785046729, -25.96311
29.31909212283044, -26.40745
29.479305740987986, -26.86155
29.639519359145527, -27.31077
29.799732977303073, -27.76487
29.959946595460615, -28.21409
30.12016021361816, -28.6633
30.2803738317757, -29.12229
30.440587449933247, -29.56662
30.60080106809079, -30.00608
30.76101468624833, -30.45041
30.921228304405876, -30.88498
31.081441922563418, -31.33909
31.241655540720963, -31.80295
31.401869158878505, -32.26682
31.56208277703605, -32.71604
31.72229639519359, -33.19455
31.882510013351137, -33.67307
32.04272363150868, -34.0637
32.20293724966622, -34.47385
32.36315086782377, -34.92307
32.52336448598131, -35.37229
32.68357810413885, -35.80686
32.843791722296395, -36.27073
33.004005340453936, -36.72971
33.164218958611485, -37.14963
33.32443257676903, -37.58909
33.48464619492657, -38.07248
33.64485981308411, -38.54123
33.80507343124166, -39.0344
33.9652870493992, -39.4592
34.12550066755674, -39.88889
34.285714285714285, -40.32834
34.445927903871834, -40.84104
34.606141522029375, -41.24631
34.76635514018692, -41.73948
34.92656875834446, -42.1594
35.086782376502, -42.59397
35.24699599465955, -42.95041
35.40720961281709, -43.47288
35.56742323097463, -43.90256
35.727636849132175, -44.30784
35.887850467289724, -44.76682
36.048064085447265, -45.21604
36.20827770360481, -45.69944
36.36849132176235, -46.21702
36.5287049399199, -46.71506
36.68891855807744, -47.25705
36.84913217623498, -47.80881
37.00934579439252, -48.44358
37.169559412550065, -48.96604
37.329773030707614, -49.35666
37.489986648865155, -49.80588
37.6502002670227, -50.26975
37.81041388518024, -50.55784
37.97062750333779, -50.79221
38.13084112149533, -51.21213
38.29105473965287, -51.83225
38.45126835781041, -52.24729
38.61148197596796, -52.66721
38.771695594125504, -53.16038
38.931909212283045, -53.80491
39.09212283044059, -54.32737
39.25233644859813, -54.72288
39.41255006675568, -55.29416
39.57276368491322, -55.65549
39.73297730307076, -55.82639
39.8931909212283, -56.10959
40.05340453938585, -56.12913
40.213618157543394, -56.10471
40.373831775700936, -56.29514
40.53404539385848, -56.77854
40.694259012016026, -57.16916
40.85447263017357, -58.29709
41.01468624833111, -58.8928
41.17489986648865, -59.176
41.33511348464619, -60.02073
41.49532710280374, -59.79123
41.655540720961284, -59.73264
41.815754339118826, -60.22092
41.97596795727637, -61.42209
42.136181575433916, -62.93088
42.29639519359146, -64.21018
42.456608811749, -65.37717
42.61682242990654, -65.31858
42.77703604806409, -65.67991
42.93724966622163, -66.00705
43.097463284379174, -66.66135
43.257676902536716, -67.75998
43.41789052069426, -68.88303
43.578104138851806, -71.70041
43.73831775700935, -70.96311
43.89853137516689, -69.57639
44.05874499332443, -68.88303
44.21895861148198, -70.53342
44.37917222963952, -72.72092
44.539385847797064, -74.40061
44.699599465954606, -74.61057
44.859813084112155, -74.00022
45.020026702269696, -75.49436
45.18024032042724, -73.02854
45.34045393858478, -71.88596
45.50066755674232, -72.25217
45.66088117489987, -75.35276
45.82109479305741, -76.09495
45.981308411214954, -74.18088
46.141522029372496, -74.8303
46.301735647530045, -72.64768
46.461949265687586, -68.84885
46.62216288384513, -67.61838
46.78237650200267, -68.1262
46.94259012016022, -68.16038
47.10280373831776, -70.2258
47.2630173564753, -69.30784
47.423230974632844, -69.07834
47.583444592790386, -68.93186
47.743658210947935, -68.10178
47.903871829105476, -70.06467
48.06408544726302, -71.1926
48.22429906542056, -73.56565
48.38451268357811, -73.60471
48.54472630173565, -77.14963
48.70493991989319, -76.95432
48.865153538050734, -78.78538
49.02536715620828, -79.63987
49.185580774365825, -78.6926
49.345794392523366, -79.48362
49.50600801068091, -77.25217
49.66622162883845, -72.16428
49.826435246996, -71.71995
49.98664886515354, -72.6135
50.14686248331108, -76.34885
50.307076101468624, -75.35276
50.46728971962617, -72.00315
50.627503337783715, -72.74045
50.78771695594126, -74.86936
50.9479305740988, -74.74241
51.10814419225635, -74.8303
51.26835781041389, -76.6467
51.42857142857143, -77.82346
51.58878504672897, -76.77366
51.748998664886514, -76.61252
51.90921228304406, -78.37522
52.069425901201605, -76.01194
52.22963951935915, -75.15256
52.38985313751669, -73.50705
52.55006675567424, -73.51682
52.71028037383178, -74.04416
52.87049399198932, -79.04905
53.03070761014686, -81.60276
53.19092122830441, -81.48069
53.35113484646195, -78.74631
53.511348464619495, -78.79514
53.67156208277704, -83.07737
53.83177570093458, -85.9387
53.99198931909213, -86.72971
54.15220293724967, -85.1428
54.31241655540721, -91.60764
54.47263017356475, -78.10178
54.6328437917223, -77.87229
54.79305740987984, -76.5344
54.953271028037385, -76.39768
55.11348464619493, -82.63791
55.273698264352475, -82.20334
55.43391188251002, -80.35764
55.59412550066756, -77.59885
55.7543391188251, -76.15354
55.91455273698264, -78.0383
56.07476635514019, -81.60764
56.23497997329773, -83.54612
56.395193591455275, -82.7258
56.55540720961282, -85.46018
56.715620827770366, -81.86155
56.87583444592791, -77.75022
57.03604806408545, -76.76389
57.19626168224299, -78.51682
57.35647530040054, -78.10178
57.51668891855808, -75.00608
57.67690253671562, -72.52073
57.837116154873165, -71.09006
57.99732977303071, -70.16721
58.157543391188256, -69.82053
58.3177570093458, -70.02073
58.47797062750334, -72.24729
58.63818424566088, -72.90647
58.79839786381843, -73.51682
58.95861148197597, -72.58909
59.11882510013351, -80.68637
59.279038718291055, -80.67772
59.439252336448604, -80.66938
59.599465954606146, -80.66133
59.75967957276369, -80.65357
59.91989319092123, -80.64611
60.08010680907877, -80.63895
60.24032042723632, -80.63209
60.40053404539386, -80.62552
60.5607476635514, -80.61925
60.720961281708945, -80.61328
60.881174899866494, -80.6076
61.041388518024036, -80.60222
61.20160213618158, -80.59714
61.36181575433912, -80.59236
61.52202937249666, -80.58787
61.68224299065421, -80.58367
61.84245660881175, -80.57978
62.00267022696929, -80.57618
62.162883845126835, -80.57288
62.323097463284384, -80.56988
62.483311081441926, -80.56717
62.64352469959947, -80.56476
62.80373831775701, -80.56264
62.96395193591456, -80.56083
63.1241655540721, -80.55931
63.28437917222964, -80.55808
63.44459279038718, -80.55716
63.604806408544725, -80.55653
63.765020026702274, -80.5562
63.925233644859816, -80.55616
64.08544726301736, -80.55642
64.2456608811749, -80.55698
64.40587449933244, -80.55784
64.56608811748998, -80.55924
64.72630173564754, -80.56096
64.88651535380508, -80.56298
65.04672897196262, -80.56532
65.20694259012016, -80.56796
65.3671562082777, -80.57092
65.52736982643525, -80.57419
65.68758344459279, -80.57777
65.84779706275033, -80.58166
66.00801068090787, -80.58586
66.16822429906543, -80.59037
66.32843791722297, -80.59519
66.48865153538051, -80.60032
66.64886515353805, -80.60576
66.8090787716956, -80.61151
66.96929238985314, -80.61757
67.12950600801068, -80.62395
67.28971962616822, -80.63063
67.44993324432578, -80.63763
67.61014686248332, -80.64493
67.77036048064086, -80.65255
67.9305740987984, -80.66047
68.09078771695594, -80.66871
68.25100133511349, -80.67726
68.41121495327103, -80.68611
68.57142857142857, -80.69528
68.73164218958611, -80.70476
68.89185580774367, -80.71455
69.05206942590121, -80.72465
69.21228304405875, -80.73506
69.37249666221629, -80.74578
69.53271028037383, -80.75681
69.69292389853138, -80.76815
69.85313751668892, -80.7798
70.01335113484646, -80.79177
70.173564753004, -80.80404
70.33377837116156, -80.81663
70.4939919893191, -80.83236
70.65420560747664, -80.84856
70.81441922563418, -80.86521
70.97463284379172, -80.88233
71.13484646194927, -80.89991
71.29506008010681, -80.91794
71.45527369826435, -80.93644
71.6154873164219, -80.9554
71.77570093457945, -80.97482
71.93591455273699, -80.99469
72.09612817089453, -81.01503
72.25634178905207, -81.03583
72.41655540720961, -81.05708
72.57676902536716, -81.0788
72.7369826435247, -81.10098
72.89719626168224, -81.12362
73.0574098798398, -81.14672
73.21762349799734, -81.17027
73.37783711615488, -81.19429
73.53805073431242, -81.21877
73.69826435246996, -81.24371
73.8584779706275, -81.26911
74.01869158878505, -81.29497
74.17890520694259, -81.32128
74.33911882510013, -81.34806
74.49933244325769, -81.3753
74.65954606141523, -81.403
74.81975967957277, -81.43116
74.97997329773031, -81.45978
75.14018691588785, -81.48886
75.3004005340454, -81.5184
75.46061415220294, -81.5484
75.62082777036048, -81.57886
75.78104138851803, -81.60978
75.94125500667558, -81.64116
76.10146862483312, -81.673
76.26168224299066, -81.7053
76.4218958611482, -81.73531
76.58210947930574, -81.76564
76.74232309746328, -81.79628
76.90253671562083, -81.82725
77.06275033377837, -81.85852
77.22296395193592, -81.89011
77.38317757009347, -81.92202
77.54339118825101, -81.95424
77.70360480640855, -81.98678
77.86381842456609, -82.01963
78.02403204272363, -82.0528
78.18424566088117, -82.08629
78.34445927903872, -82.12009
78.50467289719626, -82.15421
78.66488651535381, -82.18864
78.82510013351136, -82.22338
78.9853137516689, -82.25845
79.14552736982644, -82.29382
79.30574098798398, -82.32952
79.46595460614152, -82.36553
79.62616822429906, -82.40185
79.7863818424566, -82.43849
79.94659546061416, -82.47545
80.1068090787717, -82.51272
80.26702269692925, -82.55031
80.42723631508679, -82.58821
80.58744993324433, -82.62643
80.74766355140187, -82.66496
80.90787716955941, -82.70381
81.06809078771695, -82.74298
81.2283044058745, -82.78246
81.38851802403205, -82.82225
81.5487316421896, -82.86237
81.70894526034714, -82.90279
81.86915887850468, -82.94354
82.02937249666222, -82.98459
82.18958611481976, -83.02466
82.3497997329773, -83.06497
82.51001335113484, -83.10553
82.67022696929239, -83.14633
82.83044058744994, -83.18737
82.99065420560748, -83.22866
83.15086782376503, -83.2702
83.31108144192257, -83.31198
83.47129506008011, -83.354
83.63150867823765, -83.39627
83.79172229639519, -83.43878
83.95193591455273, -83.48154
84.11214953271028, -83.52455
84.27236315086783, -83.5678
84.43257676902537, -83.61129
84.59279038718292, -83.65503
84.75300400534046, -83.69901
84.913217623498, -83.74324
85.07343124165554, -83.78771
85.23364485981308, -83.83243
85.39385847797062, -83.8774
85.55407209612818, -83.9226
85.71428571428572, -83.96806
85.87449933244326, -84.01375
86.0347129506008, -84.0597
86.19492656875835, -84.10588
86.35514018691589, -84.15231
86.51535380507343, -84.19899
86.67556742323097, -84.24591
86.83578104138851, -84.29308
86.99599465954607, -84.34049
87.15620827770361, -84.38815
87.31642189586115, -84.43605
87.4766355140187, -84.48419
87.63684913217624, -84.53259
87.79706275033378, -84.58122
87.95727636849132, -84.6301
88.11748998664886, -84.6803
88.2777036048064, -84.7308
88.43791722296396, -84.7816
88.5981308411215, -84.83271
88.75834445927904, -84.88411
88.91855807743659, -84.93582
89.07877169559413, -84.98783
89.23898531375167, -85.04014
89.39919893190921, -85.09275
89.55941255006675, -85.14566
89.71962616822431, -85.19888
89.87983978638185, -85.25239
90.04005340453939, -85.30621
90.20026702269693, -85.36032
90.36048064085448, -85.41474
90.52069425901202, -85.46946
90.68090787716956, -85.52449
90.8411214953271, -85.57981
91.00133511348464, -85.63544
91.1615487316422, -85.69136
91.32176234979974, -85.74759
91.48197596795728, -85.80412
91.64218958611482, -85.86095
91.80240320427237, -85.91808
91.96261682242991, -85.97551
92.12283044058745, -86.03325
92.28304405874499, -86.09128
92.44325767690253, -86.14962
92.60347129506009, -86.20826
92.76368491321763, -86.2672
92.92389853137517, -86.32644
93.08411214953271, -86.38599
93.24432576769026, -86.44583
93.4045393858478, -86.50598
93.56475300400534, -86.56642
93.72496662216288, -86.62717
93.88518024032044, -86.68777
94.04539385847798, -86.74865
94.20560747663552, -86.8098
94.36582109479306, -86.87124
94.5260347129506, -86.93294
94.68624833110815, -86.99493
94.84646194926569, -87.05719
95.00667556742323, -87.11973
95.16688918558077, -87.18255
95.32710280373833, -87.24564
95.48731642189587, -87.30902
95.64753004005341, -87.37266
95.80774365821095, -87.43659
95.9679572763685, -87.50079
96.12817089452604, -87.56527
96.28838451268358, -87.63003
96.44859813084112, -87.69506
96.60881174899866, -87.76037
96.76902536715622, -87.82596
96.92923898531376, -87.89183
97.0894526034713, -87.95797
97.24966622162884, -88.02439
97.40987983978638, -88.09109
97.57009345794393, -88.15806
97.73030707610147, -88.22531
97.89052069425901, -88.29284
98.05073431241657, -88.36064
98.21094793057411, -88.42872
98.37116154873165, -88.49708
98.53137516688919, -88.56572
98.69158878504673, -88.63463
98.85180240320427, -88.70382
99.01201602136182, -88.77329
99.17222963951936, -88.84303
99.3324432576769, -88.91306
99.49265687583446, -88.98335
99.652870493992, -89.05393
99.81308411214954, -89.11145
99.97329773030708, -89.16855
100.13351134846462, -89.22523
100.29372496662216, -89.28148
100.4539385847797, -89.3373
100.61415220293725, -89.39271
100.77436582109479, -89.44768
100.93457943925235, -89.50224
101.09479305740989, -89.55636
101.25500667556743, -89.61007
101.41522029372497, -89.66335
101.57543391188251, -89.7162
101.73564753004005, -89.76863
101.8958611481976, -89.82064
102.05607476635514, -89.87222
102.2162883845127, -89.92338
102.37650200267024, -89.97411
102.53671562082778, -90.02442
102.69692923898532, -90.0743
102.85714285714286, -90.12376
103.0173564753004, -90.1728
103.17757009345794, -90.22141
103.33778371161549, -90.26959
103.49799732977303, -90.31735
103.65821094793058, -90.36469
103.81842456608813, -90.4116
103.97863818424567, -90.45809
104.13885180240321, -90.50416
104.29906542056075, -90.5498
104.4592790387183, -90.59501
104.61949265687583, -90.6398
104.77970627503338, -90.68417
104.93991989319092, -90.72811
105.10013351134847, -90.77163
105.26034712950602, -90.81472
105.42056074766356, -90.85739
105.5807743658211, -90.89963
105.74098798397864, -90.94473
105.90120160213618, -90.98958
106.06141522029372, -91.03417
106.22162883845127, -91.07851
106.38184245660882, -91.1226
106.54205607476636, -91.16644
106.7022696929239, -91.21003
106.86248331108145, -91.25336
107.02269692923899, -91.29645
107.18291054739653, -91.33928
107.34312416555407, -91.38186
107.50333778371161, -91.42419
107.66355140186916, -91.46626
107.82376502002671, -91.50808
107.98397863818425, -91.54966
108.1441922563418, -91.59098
108.30440587449934, -91.63204
108.46461949265688, -91.67286
108.62483311081442, -91.71342
108.78504672897196, -91.75374
108.9452603471295, -91.7938
109.10547396528705, -91.83361
109.2656875834446, -91.87316
109.42590120160214, -91.91247
109.58611481975969, -91.95152
109.74632843791723, -91.99032
109.90654205607477, -92.02887
110.06675567423231, -92.06717
110.22696929238985, -92.10521
110.3871829105474, -92.14301
110.54739652870495, -92.18055
110.70761014686249, -92.21784
110.86782376502003, -92.25487
111.02803738317758, -92.29166
111.18825100133512, -92.32819
111.34846461949266, -92.36448
111.5086782376502, -92.39819
111.66889185580774, -92.43152
111.82910547396529, -92.46448
111.98931909212284, -92.49706
112.14953271028038, -92.52926
112.30974632843792, -92.56109
112.46995994659547, -92.59254
112.63017356475301, -92.62361
112.79038718291055, -92.6543
112.95060080106809, -92.68462
113.11081441922563, -92.71456
113.27102803738318, -92.74412
113.43124165554073, -92.7733
113.59145527369827, -92.80211
113.75166889185581, -92.83054
113.91188251001336, -92.85859
114.0720961281709, -92.88627
114.23230974632844, -92.91357
114.39252336448598, -92.94049
114.55273698264352, -92.96703
114.71295060080108, -92.9932
114.87316421895862, -93.01899
115.03337783711616, -93.0444
115.1935914552737, -93.06944
115.35380507343125, -93.0941
115.51401869158879, -93.11838
115.67423230974633, -93.14228
115.83444592790387, -93.16581
115.99465954606141, -93.18896
116.15487316421897, -93.21173
116.31508678237651, -93.23412
116.47530040053405, -93.25614
116.6355140186916, -93.27778
116.79572763684914, -93.29904
116.95594125500668, -93.31993
117.11615487316422, -93.34044
117.27636849132176, -93.36057
117.4365821094793, -93.37136
117.59679572763686, -93.38131
117.7570093457944, -93.3904
117.91722296395194, -93.39865
118.07743658210948, -93.40605
118.23765020026703, -93.41259
118.39786381842457, -93.41829
118.55807743658211, -93.42314
118.71829105473965, -93.42715
118.87850467289721, -93.4303
119.03871829105475, -93.4326
119.19893190921229, -93.43406
119.35914552736983, -93.43466
119.51935914552737, -93.43442
119.67957276368492, -93.43333
119.83978638184246, -93.43139
120.0, -93.4286
