% Measurement ID: 346
% Mode ID: 1
% Date and time: 2018-08-08 23:14:12
% Sample ID: 1032
% Measurement type: ringdown
% Frequency [Hz]: 172141.5
% Quality factor: 4398110.34635798
% Temperature [K]: 293.0
% Pressure [mBar]: 6.63e-07
% Notes: 
% 
%
% measurement data
% time [s], power [dBm]
0.015, 110.70247828292814
0.03, 110.685574882507
0.045, 110.67308079528776
0.06, 110.66499649810758
0.075, 110.65985190200773
0.09, 110.65691220092741
0.105, 110.65397249984709
0.12, 110.64809309768644
0.135, 110.64000880050627
0.15, 110.62898480224577
0.165, 110.61869561004606
0.18, 110.61208140182463
0.195, 110.61134611892668
0.21, 110.61796080398527
0.225, 110.62677990722624
0.24, 110.63486420440641
0.255, 110.641478889465
0.27, 110.64441859054533
0.285, 110.64441859054533
0.3, 110.641478889465
0.315, 110.63633429336515
0.33, 110.62898480224577
0.345, 110.62237011718717
0.36, 110.61722599792448
0.375, 110.61502110290495
0.39, 110.61649071502653
0.405, 110.61943041610685
0.42, 110.61943041610685
0.435, 110.61869561004606
0.45, 110.61502110290495
0.465, 110.6091417007443
0.48, 110.6032618217465
0.495, 110.5988525085446
0.51, 110.59738241958586
0.525, 110.6032618217465
0.54, 110.61281620788542
0.555, 110.62531029510465
0.57, 110.63633429336515
0.585, 110.64441859054533
0.6, 110.64956318664518
0.615, 110.65029799270597
0.63, 110.65029799270597
0.645, 110.64735829162565
0.66, 110.64368330764738
0.675, 110.64000880050627
0.69, 110.64000880050627
0.705, 110.64368330764738
0.72, 110.65029799270597
0.735, 110.65544258880583
0.75, 110.66058718490568
0.765, 110.66279207992521
0.78, 110.663526885986
0.795, 110.663526885986
0.81, 110.66279207992521
0.825, 110.6642616920468
0.84, 110.66867148208586
0.855, 110.67749058532682
0.87, 110.68777977752653
0.885, 110.6958640747067
0.9, 110.70174347686735
0.915, 110.70247828292814
0.93, 110.70174347686735
0.945, 110.6958640747067
0.96, 110.6848400764462
0.975, 110.67014109420744
0.99, 110.65617739486662
1.005, 110.64515339660612
1.02, 110.63853871154753
1.035, 110.641478889465
1.05, 110.64588820266691
1.065, 110.65029799270597
1.08, 110.6525028877255
1.095, 110.6525028877255
1.11, 110.65029799270597
1.125, 110.64515339660612
1.14, 110.63706909942594
1.155, 110.6311896972653
1.17, 110.62751471328703
1.185, 110.62898480224577
1.2, 110.63339459228483
1.215, 110.6355990104672
1.23, 110.6355990104672
1.245, 110.63486420440641
1.26, 110.6311896972653
1.275, 110.62310540008512
1.29, 110.61208140182463
1.305, 110.60179220962492
1.32, 110.59444271850553
1.335, 110.59738241958586
1.35, 110.60693680572477
1.365, 110.61943041610685
1.38, 110.63265930938688
1.395, 110.6422136955258
1.41, 110.64809309768644
1.425, 110.64882790374723
1.44, 110.64809309768644
1.455, 110.64441859054533
1.47, 110.63927399444547
1.485, 110.63486420440641
1.5, 110.6355990104672
1.515, 110.64368330764738
1.53, 110.65397249984709
1.545, 110.66499649810758
1.56, 110.67308079528776
1.575, 110.67675577926603
1.59, 110.67675577926603
1.605, 110.67308079528776
1.62, 110.66499649810758
1.635, 110.6525028877255
1.65, 110.64074360656706
1.665, 110.63265930938688
1.68, 110.63339459228483
1.695, 110.6422136955258
1.71, 110.6532376937863
1.725, 110.66205679702726
1.74, 110.66720139312712
1.755, 110.66867148208586
1.77, 110.66867148208586
1.785, 110.66573178100553
1.8, 110.65838228988615
1.815, 110.65103279876676
1.83, 110.64515339660612
1.845, 110.64074360656706
1.86, 110.64000880050627
1.875, 110.64074360656706
1.89, 110.64074360656706
1.905, 110.64000880050627
1.92, 110.63706909942594
1.935, 110.63045441436735
1.95, 110.6201656990048
1.965, 110.60399710464445
1.98, 110.57165991592375
1.995, 110.5055154495236
2.01, 110.37616669464079
2.025, 110.14245688247648
2.04, 109.7536753349301
2.055, 109.15543686675993
2.07, 108.29115187454191
2.085, 107.10496460723844
2.1, 105.55057369995085
2.115, 103.56183563995327
2.13, 101.09244858550989
2.145, 98.09096752929658
2.16, 94.49786412048309
2.175, 90.26903950500457
2.19, 85.31630169677697
2.205, 79.69771229553189
2.22, 73.93433796691858
2.235, 69.16239582824679
2.25, 65.88605152893038
2.265, 63.806915634154976
2.28, 62.48623310852018
2.295, 61.64546620178188
2.31, 61.10381733703578
2.325, 60.74957691955538
2.34, 60.51513325500458
2.355, 60.35565220642058
2.37, 60.24394261169398
2.385, 60.16309773254358
2.4, 60.10062825012178
2.415, 60.049183242797476
2.43, 60.00508915710418
2.445, 59.965401046752575
2.46, 59.93159519958468
2.475, 59.90293156433068
2.49, 59.88015019226038
2.505, 59.86251103210418
2.52, 59.85075032043428
2.535, 59.84193074035608
2.55, 59.83237873840298
2.565, 59.81914936828578
2.58, 59.79710041809048
2.595, 59.764026992797476
2.61, 59.71846424865688
2.625, 59.66260945129358
2.64, 59.60160862731898
2.655, 59.54134403991668
2.67, 59.48842655944788
2.685, 59.44726979064908
2.7, 59.42081486511198
2.715, 59.40758549499478
2.73, 59.401703231811176
2.745, 59.39729725646938
2.76, 59.39068257141078
2.775, 59.37818562316858
2.79, 59.358345382690075
2.805, 59.33188664245568
2.82, 59.30101811218228
2.835, 59.26647602844208
2.85, 59.23193394470178
2.865, 59.20033299255338
2.88, 59.17387425231898
2.895, 59.15476643371548
2.91, 59.145946853637376
2.925, 59.156971328734976
2.94, 59.17754780578578
2.955, 59.204742782592476
2.97, 59.23561131286588
2.985, 59.26647602844208
3.0, 59.294403427123676
3.015, 59.317188613891275
3.03, 59.33188664245568
3.045, 59.33776509094208
3.06, 59.33776509094208
3.075, 59.33335530090298
3.09, 59.317921035766275
3.105, 59.29660832214318
3.12, 59.27015339660608
3.135, 59.240753524779976
3.15, 59.210621231078775
3.165, 59.181957595824876
3.18, 59.15329777526818
3.195, 59.12022434997528
3.21, 59.080536239623676
3.225, 59.03423725891078
3.24, 58.98131977844208
3.255, 58.925464981078775
3.27, 58.86961018371548
3.285, 58.81596028137178
3.3, 58.764515274047476
3.315, 58.71527516174288
3.33, 58.66676747131318
3.345, 58.62120091247528
3.36, 58.58224903869598
3.375, 58.55432164001428
3.39, 58.54403340148898
3.405, 58.56020390319788
3.42, 58.58813130187958
3.435, 58.62120091247528
3.45, 58.65501057434048
3.465, 58.687347763061176
3.48, 58.71380268859828
3.495, 58.73291432189908
3.51, 58.74246632385218
3.525, 58.74320256042448
3.54, 58.73952900695768
3.555, 58.72262226867648
3.57, 58.69102131652798
3.585, 58.644722335815075
3.6, 58.58813130187958
3.615, 58.527130477904976
3.63, 58.466865890502575
3.645, 58.41247975158658
3.66, 58.36764942932098
3.675, 58.33384358215298
3.69, 58.31179463195768
3.705, 58.29636036682098
3.72, 58.28607212829558
3.735, 58.27798878478968
3.75, 58.27137409973108
3.765, 58.26181828308068
3.78, 58.25079380798308
3.795, 58.23609577941858
3.81, 58.21625172424288
3.825, 58.187591903686176
3.84, 58.14937245178188
3.855, 58.10160099792448
3.87, 58.04795109558068
3.885, 57.99062763977018
3.9, 57.931831710815075
3.915, 57.87450825500458
3.93, 57.81791722106898
3.945, 57.76279484558068
3.96, 57.70914494323698
3.975, 57.65696751403778
3.99, 57.610664718627575
4.005, 57.57318150329558
4.02, 57.54672657775848
4.035, 57.540844314574876
4.05, 57.56289326477018
4.065, 57.60037648010218
4.08, 57.65035282897918
4.095, 57.70988117980928
4.11, 57.77308689880338
4.125, 57.83261524963348
4.14, 57.88626515197718
4.155, 57.92962681579558
4.17, 57.95902287292448
4.185, 57.97519337463348
4.2, 57.98107182311978
4.215, 57.98180805969208
4.23, 57.98033940124478
4.245, 57.974457138061176
4.26, 57.96490513610808
4.275, 57.95461689758268
4.29, 57.94211994934048
4.305, 57.926685684203775
4.32, 57.90757786560028
4.335, 57.88406025695768
4.35, 57.85613285827608
4.365, 57.82379566955538
4.38, 57.789253585815075
4.395, 57.754711502074876
4.41, 57.718700759887376
4.425, 57.683422439574876
4.44, 57.646675460815075
4.455, 57.60919606018038
4.47, 57.56877171325648
4.485, 57.52541386413538
4.5, 57.48131596374478
4.515, 57.439422958373676
4.53, 57.40120732116668
4.545, 57.36813771057098
4.56, 57.34094273376428
4.575, 57.31668888854948
4.59, 57.29464375305148
4.605, 57.27259480285608
4.62, 57.24907719421358
4.635, 57.22629200744598
4.65, 57.20130574035608
4.665, 57.17778813171358
4.68, 57.15573918151818
4.695, 57.135162704467476
4.71, 57.112377517699876
4.725, 57.087391250609976
4.74, 57.05799137878388
4.755, 57.02271687316858
4.77, 56.98302876281708
4.785, 56.94113957214318
4.8, 56.90071522521938
4.815, 56.86323582458468
4.83, 56.83310353088348
4.845, 56.80958592224088
4.86, 56.79415165710418
4.875, 56.78385960388148
4.89, 56.77798115539518
4.905, 56.77430760192838
4.92, 56.77063404846158
4.935, 56.766224258422476
4.95, 56.761078231811176
4.965, 56.754463546752575
4.98, 56.749317520141275
4.995, 56.75299488830538
5.01, 56.766956680297476
5.025, 56.79415165710418
5.04, 56.83457218933068
5.055, 56.88528096008268
5.07, 56.94334065246548
5.085, 56.99993168640108
5.1, 57.046966903686176
5.115, 57.077099197387376
5.13, 57.08518635559048
5.145, 57.08445011901818
5.16, 57.069752090453775
5.175, 57.03667866516078
5.19, 56.99184834289518
5.205, 56.94334065246548
5.22, 56.89557301330538
5.235, 56.85147511291468
5.25, 56.81325947570768
5.265, 56.77724873352018
5.28, 56.74123417663538
5.295, 56.70595967102018
5.31, 56.67068135070768
5.325, 56.636139266967476
5.34, 56.60380207824678
5.355, 56.57513844299288
5.37, 56.546478622436176
5.385, 56.51781498718228
5.4, 56.48768269348108
5.415, 56.45240437316858
5.43, 56.41418873596158
5.445, 56.37303196716278
5.46, 56.32893406677218
5.475, 56.28410374450648
5.49, 56.24147831726038
5.505, 56.20399510192838
5.52, 56.17313038635218
5.535, 56.15034519958468
5.55, 56.136383407592476
5.565, 56.13050114440888
5.58, 56.13417851257288
5.595, 56.14005696105928
5.61, 56.14667164611788
5.625, 56.15328633117648
5.64, 56.15916477966278
5.655, 56.16431080627408
5.67, 56.16724812316858
5.685, 56.16798435974088
5.7, 56.16651570129358
5.715, 56.15916477966278
5.73, 56.14593540954558
5.745, 56.12829624938928
5.76, 56.10918843078578
5.775, 56.09449040222138
5.79, 56.08567082214318
5.805, 56.08493840026818
5.82, 56.09154927062958
5.835, 56.10036885070768
5.85, 56.10771977233858
5.865, 56.113598220824876
5.88, 56.11727558898898
5.895, 56.11800801086398
5.91, 56.11800801086398
5.925, 56.11507069396938
5.94, 56.10992466735808
5.955, 56.10184132385218
5.97, 56.089344375609976
5.985, 56.07464634704558
6.0, 56.05847966003388
6.015, 56.04304539489718
6.03, 56.03055226135218
6.045, 56.02099644470178
6.06, 56.01585423278778
6.075, 56.01291310119598
6.09, 56.00850331115688
6.105, 55.99894749450648
6.12, 55.981312149047476
6.135, 55.95411717224088
6.15, 55.91737019348108
6.165, 55.87548100280728
6.18, 55.82917820739718
6.195, 55.785084121703775
6.21, 55.74539601135218
6.225, 55.71232258605928
6.24, 55.68807255554168
6.255, 55.67043339538538
6.27, 55.65794026184048
6.285, 55.64764820861788
6.3, 55.63956486511198
6.315, 55.63001286315888
6.33, 55.62192570495568
6.345, 55.61531101989718
6.36, 55.61090122985808
6.375, 55.60869633483858
6.39, 55.60796391296358
6.405, 55.60575901794398
6.42, 55.60061299133268
6.435, 55.59106098937958
6.45, 55.57489048767058
6.465, 55.55284153747528
6.48, 55.52711903381318
6.495, 55.49919163513148
6.51, 55.47493778991668
6.525, 55.45656620788538
6.54, 55.45068775939908
6.555, 55.46318089294398
6.57, 55.48302494811978
6.585, 55.505806320190075
6.6, 55.52711903381318
6.615, 55.53887974548308
6.63, 55.541817062377575
6.645, 55.54034840393038
6.66, 55.52859150695768
6.675, 55.50433766174288
6.69, 55.470527999877575
6.705, 55.43010746765108
6.72, 55.38527714538538
6.735, 55.33676945495568
6.75, 55.28532444763148
6.765, 55.232410781859976
6.78, 55.178760879516275
6.795, 55.12657963561978
6.81, 55.078808181762376
6.825, 55.03838764953578
6.84, 55.007519119262376
6.855, 54.98547016906708
6.87, 54.970772140502575
6.885, 54.96048390197718
6.9, 54.95313298034638
6.915, 54.94578587341278
6.93, 54.94063984680148
6.945, 54.935497634887376
6.96, 54.93329273986788
6.975, 54.93182026672328
6.99, 54.928882949828775
7.005, 54.92300068664518
7.02, 54.911976211547476
7.035, 54.89213597106898
7.05, 54.86567723083468
7.065, 54.834076278686176
7.08, 54.80100285339318
7.095, 54.77087055969208
7.11, 54.745880477904976
7.125, 54.727508895873676
7.14, 54.715748184203775
7.155, 54.70693241882288
7.17, 54.70031773376428
7.185, 54.69517170715298
7.2, 54.69296681213348
7.215, 54.69884526061978
7.23, 54.70840107727018
7.245, 54.71942555236788
7.26, 54.72824513244598
7.275, 54.72971379089318
7.29, 54.72897755432098
7.305, 54.71795307922328
7.32, 54.69296681213348
7.335, 54.656219833373676
7.35, 54.60918461608858
7.365, 54.55773960876428
7.38, 54.507763259887376
7.395, 54.46146046447718
7.41, 54.42177616882288
7.425, 54.39017140197718
7.44, 54.36812626647918
7.455, 54.35562931823698
7.47, 54.35783421325648
7.485, 54.370331161498676
7.5, 54.38796650695768
7.515, 54.40413700866668
7.53, 54.41736637878388
7.545, 54.42544972228968
7.56, 54.42618595886198
7.575, 54.42544972228968
7.59, 54.41883503723108
7.605, 54.40487324523898
7.62, 54.38502919006318
7.635, 54.36077534484828
7.65, 54.33064305114718
7.665, 54.29830586242648
7.68, 54.26450001525848
7.695, 54.23069035339318
7.71, 54.20055805969208
7.725, 54.17557179260218
7.74, 54.157196395873676
7.755, 54.14176594543428
7.77, 54.126331680297476
7.785, 54.10942875671358
7.8, 54.08811604309048
7.815, 54.06092106628388
7.83, 54.031525009154976
7.845, 53.99918782043428
7.86, 53.96831929016078
7.875, 53.93818699645968
7.89, 53.90879093933068
7.905, 53.87865864562958
7.92, 53.84558522033658
7.935, 53.81177937316858
7.95, 53.78091084289518
7.965, 53.75665699768038
7.98, 53.746368759154976
7.995, 53.76180302429168
8.01, 53.78605686950648
8.025, 53.81324803161588
8.04, 53.835296981811176
8.055, 53.84558522033658
8.07, 53.84558522033658
8.085, 53.83897053527798
8.1, 53.81398426818818
8.115, 53.77062260436978
8.13, 53.71403157043428
8.145, 53.64715229797328
8.16, 53.57733189392058
8.175, 53.51265751647918
8.19, 53.45827519226038
8.205, 53.41711842346158
8.22, 53.39360081481898
8.235, 53.39947926330538
8.25, 53.42446553039518
8.265, 53.461212509154976
8.28, 53.50531040954558
8.295, 53.55160939025848
8.31, 53.59423863220178
8.325, 53.63024937438928
8.34, 53.657440536498676
8.355, 53.675079696654976
8.37, 53.68389927673308
8.385, 53.686104171752575
8.4, 53.68536793518038
8.415, 53.67948948669398
8.43, 53.66626011657678
8.445, 53.64200627136198
8.46, 53.60746418762178
8.475, 53.555286758422476
8.49, 53.48840748596158
8.505, 53.40535771179168
8.52, 53.31201969909638
8.535, 53.21353947448698
8.55, 53.12093769836398
8.565, 53.04156529235808
8.58, 52.98423802185028
8.595, 52.95116841125458
8.61, 52.937939041137376
8.625, 52.93940769958468
8.64, 52.93940769958468
8.655, 52.93206059265108
8.67, 52.90927540588348
8.685, 52.86959111022918
8.7, 52.81667362976038
8.715, 52.75640904235808
8.73, 52.699085586547476
8.745, 52.64984165954558
8.76, 52.61236225891078
8.775, 52.58296238708468
8.79, 52.56018101501428
8.805, 52.538868301391275
8.82, 52.516083114623676
8.835, 52.49109684753388
8.85, 52.46611058044398
8.865, 52.44553028869598
8.88, 52.43083226013148
8.895, 52.42348133850068
8.91, 52.426422470092476
8.925, 52.42936360168428
8.94, 52.43009602355928
8.955, 52.42936360168428
8.97, 52.42274891662568
8.985, 52.408783309936176
9.0, 52.38820683288538
9.015, 52.36321675109828
9.03, 52.34043537902798
9.045, 52.32205998229948
9.06, 52.31838642883268
9.075, 52.33235203552218
9.09, 52.35292851257288
9.105, 52.37571369934048
9.12, 52.39555393981898
9.135, 52.41025578308068
9.15, 52.41907154846158
9.165, 52.42568623352018
9.18, 52.432300918578775
9.195, 52.44259297180148
9.21, 52.45729100036588
9.225, 52.47639881896938
9.24, 52.49550663757288
9.255, 52.508736007690075
9.27, 52.51167713928188
9.285, 52.51094090270968
9.3, 52.49991642761198
9.315, 52.46978413391078
9.33, 52.42201268005338
9.345, 52.36248432922328
9.36, 52.29780995178188
9.375, 52.235340469359976
9.39, 52.18389546203578
9.405, 52.14861714172328
9.42, 52.13097798156708
9.435, 52.12950932311978
9.45, 52.13759266662568
9.465, 52.14347111511198
9.48, 52.14788090515108
9.495, 52.14861714172328
9.51, 52.14788090515108
9.525, 52.14714848327608
9.54, 52.14420735168428
9.555, 52.13685643005338
9.57, 52.12142216491668
9.585, 52.09790455627408
9.6, 52.06630360412568
9.615, 52.02955662536588
9.63, 51.98913609313928
9.645, 51.95165287780728
9.66, 51.91931568908658
9.675, 51.89506184387178
9.69, 51.87669026184048
9.705, 51.86346089172328
9.72, 51.85611378478968
9.735, 51.85684620666468
9.75, 51.86419712829558
9.765, 51.87595402526818
9.78, 51.88845097351038
9.795, 51.897266738891275
9.81, 51.89947163391078
9.825, 51.89947163391078
9.84, 51.89285694885218
9.855, 51.873749130248676
9.87, 51.84214817810028
9.885, 51.795845382690075
9.9, 51.74072682189908
9.915, 51.67825733947718
9.93, 51.61578785705538
9.945, 51.55919682311978
9.96, 51.51289402770968
9.975, 51.47835575866668
9.99, 51.45557438659638
10.005, 51.44307743835418
10.02, 51.44160496520968
10.035, 51.45189701843228
10.05, 51.470268600463584
10.065, 51.495254867553385
10.08, 51.52759587097138
10.095, 51.56287419128388
10.11, 51.59521138000458
10.125, 51.62166630554168
10.14, 51.63930546569788
10.155, 51.646656387328775
10.17, 51.646656387328775
10.185, 51.64297901916468
10.2, 51.63122212219208
10.215, 51.61358296203578
10.23, 51.59153401184048
10.245, 51.56434284973108
10.26, 51.53273808288537
10.275, 51.498199813842476
10.29, 51.462189071654976
10.305, 51.426910751342476
10.32, 51.39530979919398
10.335, 51.36885105895968
10.35, 51.351211898803385
10.365, 51.34018742370567
10.38, 51.34091984558067
10.395, 51.34973942565888
10.41, 51.363701217651084
10.425, 51.377670639037774
10.44, 51.39015995788537
10.455, 51.397514694213584
10.47, 51.398979537963584
10.485, 51.398247116088584
10.5, 51.390900009154976
10.515, 51.37546574401817
10.53, 51.355621688842476
10.545, 51.33577763366668
10.56, 51.31740605163537
10.575, 51.30270420837368
10.59, 51.290947311401084
10.605, 51.27771794128388
10.62, 51.25714146423307
10.635, 51.22773777770968
10.65, 51.18658482360807
10.665, 51.138077133178385
10.68, 51.08883702087368
10.695, 51.04473912048307
10.71, 51.010933273315075
10.725, 50.98888432311978
10.74, 50.97345005798307
10.755, 50.95801579284638
10.77, 50.935234420776084
10.785, 50.898491256713584
10.8, 50.843368881225274
10.815, 50.76987492370567
10.83, 50.68021427917448
10.845, 50.577324264526084
10.86, 50.470756881713584
10.875, 50.36566197204557
10.89, 50.26791416931118
10.905, 50.18266331481898
10.92, 50.113579147338584
10.935, 50.06433903503388
10.95, 50.035675399779976
10.965, 50.04522740173307
10.98, 50.08123814392057
10.995, 50.13195072936978
11.01, 50.190010421752575
11.025, 50.24880253601037
11.04, 50.30025517272918
11.055, 50.33993565368618
11.07, 50.36566197204557
11.085, 50.37668644714317
11.1, 50.37741886901817
11.115, 50.37521397399868
11.13, 50.36051976013148
11.145, 50.333320968627575
11.16, 50.29437290954557
11.175, 50.246597640990885
11.19, 50.19148289489718
11.205, 50.13268315124478
11.22, 50.07682835388148
11.235, 50.03273808288537
11.25, 50.007744186401084
11.265, 50.02832829284638
11.28, 50.068008773803385
11.295, 50.117988937377575
11.31, 50.16722904968228
11.325, 50.20617710876428
11.34, 50.22896611022918
11.355, 50.23337590026817
11.37, 50.23263584899868
11.385, 50.220878952026084
11.4, 50.19883000183067
11.415, 50.173843734740885
11.43, 50.154732101440075
11.445, 50.143707626342476
11.46, 50.14518009948698
11.475, 50.153999679565075
11.49, 50.16355168151817
11.505, 50.17089878845178
11.52, 50.173843734740885
11.535, 50.173843734740885
11.55, 50.17237126159638
11.565, 50.16722904968228
11.58, 50.15914189147918
11.595, 50.14738499450648
11.61, 50.13415562438928
11.625, 50.117988937377575
11.64, 50.09814488220178
11.655, 50.071686141967476
11.67, 50.03714787292448
11.685, 49.99378239440888
11.7, 49.93792759704557
11.715, 49.87252079772918
11.73, 49.79975926208468
11.745, 49.725532882690075
11.76, 49.65718113708468
11.775, 49.59985386657678
11.79, 49.559433334350274
11.805, 49.537384384154976
11.82, 49.54473912048307
11.835, 49.56163822936978
11.85, 49.57707249450648
11.865, 49.584419601440075
11.88, 49.584419601440075
11.895, 49.577812545776084
11.91, 49.55429112243618
11.925, 49.51313816833468
11.94, 49.460220687865885
11.955, 49.40362583923307
11.97, 49.35218083190888
11.985, 49.31250035095178
12.0, 49.292656295776084
12.015, 49.30514561462368
12.03, 49.33087193298307
12.045, 49.363945358276084
12.06, 49.399956100463584
12.075, 49.43449436950648
12.09, 49.46315800476037
12.105, 49.47932469177218
12.12, 49.48079716491668
12.135, 49.47859226989718
12.15, 49.45727574157678
12.165, 49.41318547058067
12.18, 49.34630619811978
12.195, 49.262520187377575
12.21, 49.17065464782678
12.225, 49.08172642517057
12.24, 49.00675999450648
12.255, 48.95090519714317
12.27, 48.91416203308067
12.285, 48.890640609740885
12.3, 48.870064132690075
12.315, 48.845077865600274
12.33, 48.809799545287774
12.345, 48.763496749877575
12.36, 48.70911442565888
12.375, 48.651787155151084
12.39, 48.595932357787774
12.405, 48.54669224548307
12.42, 48.508476608276084
12.435, 48.48422276306118
12.45, 48.49524723815888
12.465, 48.533462875365885
12.48, 48.58711277770968
12.495, 48.651787155151084
12.51, 48.71866642761198
12.525, 48.781875961303385
12.54, 48.83773075866668
12.555, 48.88476597595178
12.57, 48.925918930053385
12.585, 48.95972477722138
12.6, 48.989120834350274
12.615, 49.00970494079557
12.63, 49.02219425964317
12.645, 49.024399154662774
12.66, 49.023666732787774
12.675, 49.01411473083468
12.69, 48.99353062438928
12.705, 48.96413456726037
12.72, 48.926651351928385
12.735, 48.881821029662774
12.75, 48.83184849548307
12.765, 48.77746617126428
12.78, 48.72087132263148
12.795, 48.66354405212368
12.81, 48.609161727904976
12.825, 48.55771672058067
12.84, 48.51141392517057
12.855, 48.473198287963584
12.87, 48.442329757690075
12.885, 48.42028080749478
12.9, 48.40484654235807
12.915, 48.394562118529976
12.93, 48.38721501159638
12.945, 48.380600326537774
12.96, 48.37178074645968
12.975, 48.35707890319787
12.99, 48.335029953002575
13.005, 48.30490147399868
13.02, 48.26521336364718
13.035, 48.22038304138148
13.05, 48.17481266784638
13.065, 48.131454818725274
13.08, 48.09470402526817
13.095, 48.06678044128388
13.11, 48.049873703002575
13.125, 48.05061375427218
13.14, 48.068985336303385
13.155, 48.09838139343228
13.17, 48.13806950378388
13.185, 48.18289982604948
13.2, 48.227730148315075
13.215, 48.263008468627575
13.23, 48.28578984069787
13.245, 48.29240452575648
13.26, 48.29240452575648
13.275, 48.28652226257287
13.29, 48.27182804870567
13.305, 48.25418888854948
13.32, 48.23728215026817
13.335, 48.224052780151084
13.35, 48.217438095092476
13.365, 48.215973251342476
13.38, 48.216705673217476
13.395, 48.215973251342476
13.41, 48.213028305053385
13.425, 48.204208724975274
13.44, 48.190986984252575
13.455, 48.17114292907678
13.47, 48.14835392761198
13.485, 48.12336766052218
13.5, 48.09985386657678
13.515, 48.080742233276084
13.53, 48.06678044128388
13.545, 48.05869328308067
13.56, 48.05502354431118
13.575, 48.05281864929168
13.59, 48.048408859252575
13.605, 48.03517948913537
13.62, 48.009453170776084
13.635, 47.967560165404976
13.65, 47.90803562927218
13.665, 47.83306919860807
13.68, 47.748550765990885
13.695, 47.66256748962368
13.71, 47.58319126892057
13.725, 47.51778446960418
13.74, 47.47000920104948
13.755, 47.43693577575648
13.77, 47.41342198181118
13.785, 47.39431034851037
13.8, 47.371528976440075
13.815, 47.34507023620567
13.83, 47.31787907409638
13.845, 47.295830123901084
13.86, 47.28186833190888
13.875, 47.28260075378388
13.89, 47.285538070678385
13.905, 47.285538070678385
13.92, 47.27745854186978
13.935, 47.25026737976037
13.95, 47.20249211120567
13.965, 47.13855778503388
13.98, 47.070206039428385
13.995, 47.01214634704557
14.01, 46.98568760681118
14.025, 47.02758061218228
14.04, 47.10107456970178
14.055, 47.19073521423307
14.07, 47.28186833190888
14.085, 47.35829960632287
14.1, 47.407539718627575
14.115, 47.42370640563928
14.13, 47.42370640563928
14.145, 47.40460240173307
14.16, 47.35315739440888
14.175, 47.27745854186978
14.19, 47.189262741088584
14.205, 47.09886967468228
14.22, 47.01582371520968
14.235, 46.94894444274868
14.25, 46.89823185729948
14.265, 46.85927616882287
14.28, 46.824737899779976
14.295, 46.785782211303385
14.31, 46.73580967712368
14.325, 46.67627751159638
14.34, 46.610138290404976
14.355, 46.54472386169398
14.37, 46.489609115600274
14.385, 46.44918095397918
14.4, 46.427139633178385
14.415, 46.42198979186978
14.43, 46.427139633178385
14.445, 46.43007695007287
14.46, 46.43007695007287
14.475, 46.427139633178385
14.49, 46.419052474975274
14.505, 46.40655552673307
14.52, 46.39038883972138
14.535, 46.37127720642057
14.55, 46.347763412475274
14.565, 46.31836735534638
14.58, 46.284561508178385
14.595, 46.24560581970178
14.61, 46.204452865600274
14.625, 46.16403233337368
14.64, 46.12654911804168
14.655, 46.09127079772918
14.67, 46.06040226745567
14.685, 46.035416000365885
14.7, 46.01998173522918
14.715, 46.02291905212368
14.73, 46.03762089538537
14.745, 46.052315109252575
14.76, 46.05746495056118
14.775, 46.05746495056118
14.79, 46.047172897338584
14.805, 46.01998173522918
14.82, 45.98249851989718
14.835, 45.94575535583468
14.85, 45.92591130065888
14.865, 45.95971714782678
14.88, 46.02439152526817
14.895, 46.11478459167448
14.91, 46.22135197448698
14.925, 46.33453404235807
14.94, 46.443306320190075
14.955, 46.54178654479948
14.97, 46.62557255554168
14.985, 46.69538914489718
15.0, 46.752716415404976
15.015, 46.801216476440075
15.03, 46.84384190368618
15.045, 46.88132511901817
15.06, 46.91292607116668
15.075, 46.938652389526084
15.09, 46.95775639343228
15.105, 46.96952091979948
15.12, 46.973930709838584
15.135, 46.974663131713584
15.15, 46.97319065856898
15.165, 46.968048446654976
15.18, 46.95922886657678
15.195, 46.94820439147918
15.21, 46.93571507263148
15.225, 46.92028080749478
15.24, 46.89823185729948
15.255, 46.86589085388148
15.27, 46.81591831970178
15.285, 46.739487045287774
15.3, 46.63217961120567
15.315, 46.490341537475274
15.33, 46.31542240905728
15.345, 46.11625706481898
15.36, 45.90753208923307
15.375, 45.70395695495567
15.39, 45.52169071960418
15.405, 45.368095748901084
15.42, 45.24829899597138
15.435, 45.158638351440075
15.45, 45.09542881774868
15.465, 45.05648075866668
15.48, 45.04325138854948
15.495, 45.06603276061978
15.51, 45.10645329284638
15.525, 45.158638351440075
15.54, 45.214493148803385
15.555, 45.26519810485807
15.57, 45.30562626647918
15.585, 45.327667587279976
15.6, 45.33061253356898
15.615, 45.327667587279976
15.63, 45.30635868835418
15.645, 45.26887547302218
15.66, 45.22331272888148
15.675, 45.18215214538537
15.69, 45.16157566833468
15.705, 45.19979130554168
15.72, 45.27255284118618
15.735, 45.369560592651084
15.75, 45.476127975463584
15.765, 45.57387577819787
15.78, 45.643692367553385
15.795, 45.67456089782678
15.81, 45.67676579284638
15.825, 45.66647373962368
15.84, 45.623115890502575
15.855, 45.55917393493618
15.87, 45.49008976745567
15.885, 45.42762028503388
15.9, 45.37985264587368
15.915, 45.34530674743618
15.93, 45.32105290222138
15.945, 45.302681320190075
15.96, 45.286514633178385
15.975, 45.26887547302218
15.99, 45.249771469115885
16.005, 45.226250045776084
16.02, 45.19905888366668
16.035, 45.16598545837368
16.05, 45.13070713806118
16.065, 45.099838607787774
16.08, 45.077789657592476
16.095, 45.06971012878388
16.11, 45.08146702575648
16.125, 45.09616886901817
16.14, 45.108658187865885
16.155, 45.11527287292448
16.17, 45.11527287292448
16.185, 45.11086308288537
16.2, 45.09469639587368
16.215, 45.06897007751428
16.23, 45.037369125365885
16.245, 45.00797306823698
16.26, 44.98445927429168
16.275, 44.969025009154976
16.29, 44.95873295593228
16.305, 44.94770848083468
16.32, 44.930069320678385
16.335, 44.90140568542448
16.35, 44.85730778503388
16.365, 44.802193038940075
16.38, 44.73898350524868
16.395, 44.66989933776817
16.41, 44.59787785339317
16.425, 44.52585636901817
16.44, 44.456772201537774
16.455, 44.395035140990885
16.47, 44.34432255554168
16.485, 44.31272160339317
16.5, 44.31933628845178
16.515, 44.35681950378388
16.53, 44.411201828002575
16.545, 44.47293888854948
16.56, 44.53320347595178
16.575, 44.58097874450648
16.59, 44.608902328490885
16.605, 44.61551701354948
16.62, 44.61478459167448
16.635, 44.59787785339317
16.65, 44.56774937438928
16.665, 44.53614079284638
16.68, 44.511894577026084
16.695, 44.52144657897918
16.71, 44.55672489929168
16.725, 44.60522496032678
16.74, 44.66181980895968
16.755, 44.71694218444787
16.77, 44.76397740173307
16.785, 44.79557835388148
16.8, 44.80660282897918
16.815, 44.80660282897918
16.83, 44.78896366882287
16.845, 44.73972355651817
16.86, 44.658882492065075
16.875, 44.55452000427218
16.89, 44.43913304138148
16.905, 44.33183323669398
16.92, 44.24731480407678
16.935, 44.195137374877575
16.95, 44.17896305847138
16.965, 44.19439732360807
16.98, 44.21130406188928
16.995, 44.22599827575648
17.01, 44.23922764587368
17.025, 44.25319706726037
17.04, 44.27156864929168
17.055, 44.291412704467476
17.07, 44.30610691833468
17.085, 44.30831181335418
17.1, 44.30610691833468
17.115, 44.28332554626428
17.13, 44.23629032897918
17.145, 44.16867863464317
17.16, 44.090034835815075
17.175, 44.01213108825648
17.19, 43.943046920776084
17.205, 43.88866459655728
17.22, 43.84751164245567
17.235, 43.81369816589317
17.25, 43.78136479186978
17.265, 43.74608647155728
17.28, 43.70566593933067
17.295, 43.661568038940075
17.31, 43.62261997985807
17.325, 43.59542881774868
17.34, 43.60424839782678
17.355, 43.64099156188928
17.37, 43.686554306029976
17.385, 43.72477757263148
17.4, 43.74167668151817
17.415, 43.74167668151817
17.43, 43.72550999450648
17.445, 43.67553746032678
17.46, 43.60645329284638
17.475, 43.538101547240885
17.49, 43.494736068725274
17.505, 43.53295933532678
17.52, 43.60424839782678
17.535, 43.680679672240885
17.55, 43.73580204772918
17.565, 43.75122868347138
17.58, 43.75049626159638
17.595, 43.71375309753388
17.61, 43.62776219177218
17.625, 43.503555648803385
17.64, 43.364654891967476
17.655, 43.23016392517057
17.67, 43.11624943542448
17.685, 43.03393589782678
17.7, 42.983955734252575
17.715, 42.96999394226037
17.73, 42.99277531433067
17.745, 43.02805363464317
17.76, 43.066269271850274
17.775, 43.10302006530728
17.79, 43.13462101745567
17.805, 43.15887486267057
17.82, 43.17577397155728
17.835, 43.185333602904976
17.85, 43.19120823669398
17.865, 43.19488560485807
17.88, 43.19856297302218
17.895, 43.20443760681118
17.91, 43.21399723815888
17.925, 43.227959030151084
17.94, 43.24780308532678
17.955, 43.27131687927218
17.97, 43.29850804138148
17.985, 43.324234359740885
18.0, 43.34334599304168
18.015, 43.34701573181118
18.03, 43.34555088806118
18.045, 43.323501937865885
18.06, 43.27058445739718
18.075, 43.17945133972138
18.09, 43.050102584838584
18.105, 42.88547550964317
18.12, 42.698067062377575
18.135, 42.503311508178385
18.15, 42.32177769470178
18.165, 42.17258488464317
18.18, 42.07189976501428
18.195, 42.02854191589317
18.21, 42.074844711303385
18.225, 42.151275985717476
18.24, 42.246078842162774
18.255, 42.351913803100274
18.27, 42.46141850280728
18.285, 42.56798588561978
18.3, 42.66352879333468
18.315, 42.74143254089317
18.33, 42.79728733825648
18.345, 42.825943344115885
18.36, 42.829620712279976
18.375, 42.82668339538537
18.39, 42.804634445190075
18.405, 42.764213912963584
18.42, 42.709823959350274
18.435, 42.64368473815888
18.45, 42.567245834350274
18.465, 42.48126255798307
18.48, 42.387924545287774
18.495, 42.288711898803385
18.51, 42.18949162292448
18.525, 42.09468876647918
18.54, 42.003555648803385
18.555, 41.91609226989718
18.57, 41.82863652038537
18.585, 41.73824345397918
18.6, 41.64343296813928
18.615, 41.545685165404976
18.63, 41.449409835815075
18.645, 41.36342655944787
18.66, 41.29875218200648
18.675, 41.27449833679168
18.69, 41.331085556029976
18.705, 41.433243148803385
18.72, 41.57288395690888
18.735, 41.73603855895968
18.75, 41.90580784606898
18.765, 42.06308018493618
18.78, 42.18949162292448
18.795, 42.268867843627575
18.81, 42.290176742553385
18.825, 42.288711898803385
18.84, 42.24240910339317
18.855, 42.13216435241668
18.87, 41.968277328490885
18.885, 41.77204930114718
18.9, 41.56847416686978
18.915, 41.38032566833468
18.93, 41.22231327819787
18.945, 41.10105168151817
18.96, 41.01285588073698
18.975, 40.95259129333468
18.99, 40.91878544616668
19.005, 40.945244186401084
19.02, 41.01212345886198
19.035, 41.11060368347138
19.05, 41.229668014526084
19.065, 41.35607182311978
19.08, 41.47880589294398
19.095, 41.588310592651084
19.11, 41.683121078490885
19.125, 41.764702194213584
19.14, 41.83451878356898
19.155, 41.896255844115885
19.17, 41.95137059020968
19.185, 41.99767338561978
19.2, 42.03515660095178
19.215, 42.06234776306118
19.23, 42.07851445007287
19.245, 42.08219181823698
19.26, 42.08145939636198
19.275, 42.07043492126428
19.29, 42.04323612976037
19.305, 41.99840580749478
19.32, 41.936676376342476
19.335, 41.85730015563928
19.35, 41.76396214294398
19.365, 41.66474949645968
19.38, 41.56993901061978
19.395, 41.49277531433067
19.41, 41.445000045776084
19.425, 41.45675694274868
19.44, 41.504532211303385
19.455, 41.55818211364718
19.47, 41.59787022399868
19.485, 41.60815464782678
19.5, 41.60668980407678
19.515, 41.57288395690888
19.53, 41.494980209350274
19.545, 41.38179814147918
19.56, 41.25170933532678
19.575, 41.128975265502575
19.59, 41.03858219909638
19.605, 41.00771366882287
19.62, 41.06650578308067
19.635, 41.16058384704557
19.65, 41.27670323181118
19.665, 41.40016972351037
19.68, 41.52363621520968
19.695, 41.63681828308067
19.71, 41.734566085815075
19.725, 41.80438267517057
19.74, 41.835991256713584
19.755, 41.836723678588584
19.77, 41.82128941345178
19.785, 41.75734745788537
19.8, 41.647110336303385
19.815, 41.503799789428385
19.83, 41.34504734802218
19.845, 41.189239852904976
19.86, 41.051811569213584
19.875, 40.934219711303385
19.89, 40.826187484740885
19.905, 40.71373783874478
19.92, 40.58365666198698
19.935, 40.43005406188928
19.95, 40.25440251159638
19.965, 40.07067143249478
19.98, 39.89649235534638
19.995, 39.756119125365885
20.01, 39.67086827087368
20.025, 39.73921238708468
20.04, 39.903839462279976
20.055, 40.14342533874478
20.07, 40.434463851928385
20.085, 40.74240147399868
20.1, 41.02976261901817
20.115, 41.26934849548307
20.13, 41.43544804382287
20.145, 41.51481663513148
20.16, 41.521431320190075
20.175, 41.505264633178385
20.19, 41.41780888366668
20.205, 41.27449833679168
20.22, 41.10546147155728
20.235, 40.94671665954557
20.25, 40.832062118529976
20.265, 40.80928074645968
20.28, 40.89968144226037
20.295, 41.03343998718228
20.31, 41.182632797240885
20.325, 41.32153355407678
20.34, 41.433243148803385
20.355, 41.51041447448698
20.37, 41.55818211364718
20.385, 41.586845748901084
20.4, 41.603012435912774
20.415, 41.61035954284638
20.43, 41.61035954284638
20.445, 41.59713017272918
20.46, 41.54936253356898
20.475, 41.45088230895968
20.49, 41.29360234069787
20.505, 41.081940048217476
20.52, 40.83426701354948
20.535, 40.58292424011198
20.55, 40.35949742126428
20.565, 40.188995712279976
20.58, 40.08095585632287
20.595, 40.02730595397918
20.61, 40.018486373901084
20.625, 40.032455795287774
20.64, 40.05009495544398
20.655, 40.07287632751428
20.67, 40.105209701537774
20.685, 40.14637028503388
20.7, 40.19193302917448
20.715, 40.22721134948698
20.73, 40.23823582458468
20.745, 40.236030929565075
20.76, 40.196342819213584
20.775, 40.089775436401084
20.79, 39.90751683044398
20.805, 39.65543400573698
20.82, 39.355575912475274
20.835, 39.04470097351037
20.85, 38.77203404235807
20.865, 38.58095585632287
20.88, 38.53024327087368
20.895, 38.651504867553385
20.91, 38.83156620788537
20.925, 39.03734623718228
20.94, 39.24533879089317
20.955, 39.43788945007287
20.97, 39.60765873718228
20.985, 39.75244175720178
21.0, 39.867096298217476
21.015, 39.94793736267057
21.03, 39.98468052673307
21.045, 39.986152999877575
21.06, 39.96778141784638
21.075, 39.89281498718228
21.09, 39.767876022338584
21.105, 39.60986363220178
21.12, 39.44964634704557
21.135, 39.32103764343228
21.15, 39.248276107787774
21.165, 39.273262374877575
21.18, 39.332062118529976
21.195, 39.38276707458468
21.21, 39.40555607604948
21.225, 39.40628849792448
21.24, 39.38938175964317
21.255, 39.332794540404976
21.27, 39.24459873962368
21.285, 39.140243881225274
21.3, 39.03881871032678
21.315, 38.95503269958468
21.33, 38.901382797240885
21.345, 38.90212284851037
21.36, 38.95283543395968
21.375, 39.02706181335418
21.39, 39.113785140990885
21.405, 39.20491825866668
21.42, 39.29457890319787
21.435, 39.380562179565075
21.45, 39.46434819030728
21.465, 39.55107151794398
21.48, 39.64807926940888
21.495, 39.756851547240885
21.51, 39.875908248901084
21.525, 39.99570500183067
21.54, 40.10741459655728
21.555, 40.19708287048307
21.57, 40.25440251159638
21.585, 40.272774093627575
21.6, 40.272774093627575
21.615, 40.24999272155728
21.63, 40.18679081726037
21.645, 40.09051548767057
21.66, 39.969986312865885
21.675, 39.83769261169398
21.69, 39.70981632995567
21.705, 39.60324894714317
21.72, 39.52975498962368
21.735, 39.50403630065888
21.75, 39.54518925476037
21.765, 39.60692631530728
21.78, 39.67380558776817
21.795, 39.731865280151084
21.81, 39.768608444213584
21.825, 39.77669560241668
21.84, 39.77522312927218
21.855, 39.74582707214317
21.87, 39.67968022155728
21.885, 39.578995101928385
21.9, 39.45259129333468
21.915, 39.31442295837368
21.93, 39.18433415222138
21.945, 39.08512150573698
21.96, 39.04470097351037
21.975, 39.11231266784638
21.99, 39.226227157592476
22.005, 39.36219059753388
22.02, 39.49521672058067
22.035, 39.60104405212368
22.05, 39.65616642761198
22.065, 39.661308639526084
22.08, 39.64734684753388
22.095, 39.56356083679168
22.11, 39.404816024779976
22.125, 39.17919194030728
22.14, 38.90358769226037
22.155, 38.61108433532678
22.17, 38.33695256042448
22.185, 38.120148056029976
22.2, 37.989326828002575
22.215, 37.99006687927218
22.23, 38.071640365600274
22.245, 38.15836369323698
22.26, 38.21789585876428
22.275, 38.23699986267057
22.29, 38.23699986267057
22.305, 38.21495854186978
22.32, 38.165718429565075
22.335, 38.11426579284638
22.35, 38.08707463073698
22.365, 38.126762741088584
22.38, 38.19437443542448
22.395, 38.274483078002575
22.41, 38.34944950866668
22.425, 38.40236698913537
22.44, 38.41926609802218
22.455, 38.41853367614718
22.47, 38.38546025085418
22.485, 38.293594711303385
22.5, 38.142929428100274
22.515, 37.93567692565888
22.53, 37.68874394226037
22.545, 37.428573959350274
22.56, 37.198540084838584
22.575, 37.04200016784638
22.59, 37.092705123901084
22.605, 37.30143009948698
22.62, 37.585846298217476
22.635, 37.89379154968228
22.65, 38.17232548522918
22.665, 38.380318038940075
22.68, 38.49350010681118
22.695, 38.511871688842476
22.71, 38.50598942565888
22.725, 38.436172836303385
22.74, 38.31490361022918
22.755, 38.187027328490885
22.77, 38.09222447204557
22.785, 38.084137313842476
22.8, 38.15836369323698
22.815, 38.25170170593228
22.83, 38.334015243529976
22.845, 38.37884556579557
22.86, 38.38325535583468
22.875, 38.37223088073698
22.89, 38.31196629333468
22.905, 38.21054875183067
22.92, 38.09295689392057
22.935, 37.99300419616668
22.95, 37.97168766784638
22.965, 38.084137313842476
22.98, 38.270073287963584
22.995, 38.50451695251428
23.01, 38.758072250365885
23.025, 39.00354039001428
23.04, 39.21888005065888
23.055, 39.38644444274868
23.07, 39.49301182556118
23.085, 39.52681767272918
23.1, 39.52681767272918
23.115, 39.47830998229948
23.13, 39.344551437377575
23.145, 39.125542037963584
23.16, 38.834503524779976
23.175, 38.50525700378388
23.19, 38.187027328490885
23.205, 37.93421208190888
23.22, 37.78722416686978
23.235, 37.82250248718228
23.25, 37.94523655700648
23.265, 38.08266484069787
23.28, 38.19657933044398
23.295, 38.261993759154976
23.31, 38.273018234252575
23.325, 38.26713597106898
23.34, 38.212753646850274
23.355, 38.10985600280728
23.37, 37.97977482604948
23.385, 37.84454380798307
23.4, 37.72180973815888
23.415, 37.619659774779976
23.43, 37.53955113220178
23.445, 37.48149143981898
23.46, 37.44400822448698
23.475, 37.42710148620567
23.49, 37.43592106628388
23.505, 37.442535751342476
23.52, 37.441803329467476
23.535, 37.429306381225274
23.55, 37.38594853210418
23.565, 37.30731236267057
23.58, 37.198540084838584
23.595, 37.07506596374478
23.61, 36.95821415710418
23.625, 36.86119877624478
23.64, 36.79285466003388
23.655, 36.74802433776817
23.67, 36.714950912475274
23.685, 36.67379032897918
23.7, 36.61206089782678
23.715, 36.520927780151084
23.73, 36.408478134154976
23.745, 36.29235874938928
23.76, 36.199760787963584
23.775, 36.15566288757287
23.79, 36.215927474975274
23.805, 36.32028996276817
23.82, 36.453316085815075
23.835, 36.60029637145968
23.85, 36.74581944274868
23.865, 36.871490829467476
23.88, 36.954536788940075
23.895, 36.978790634154976
23.91, 36.977325790404976
23.925, 36.92220341491668
23.94, 36.786972396850274
23.955, 36.580459945678385
23.97, 36.33057438659638
23.985, 36.07628666686978
24.0, 35.85581242370567
24.015, 35.69559513854948
24.03, 35.60005223083468
24.045, 35.55522190856898
24.06, 35.53317295837368
24.075, 35.50598179626428
24.09, 35.454536788940075
24.105, 35.37663304138148
24.12, 35.287704818725274
24.135, 35.21935307311978
24.15, 35.25904118347138
24.165, 35.39279972839317
24.18, 35.586090438842476
24.195, 35.80436741638148
24.21, 36.00426518249478
24.225, 36.14170109558067
24.24, 36.179916732787774
24.255, 36.17771183776817
24.27, 36.08510624694787
24.285, 35.858749740600274
24.3, 35.521416061401084
24.315, 35.13189732360807
24.33, 34.77912937927218
24.345, 34.55644261169398
24.36, 34.669624679565075
24.375, 34.95918309020968
24.39, 35.32003819274868
24.405, 35.68457066345178
24.42, 36.00940739440888
24.435, 36.272514694213584
24.45, 36.47315251159638
24.465, 36.620880477904976
24.48, 36.73332249450648
24.495, 36.81784092712368
24.51, 36.87369572448698
24.525, 36.89206730651817
24.54, 36.89206730651817
24.555, 36.85973393249478
24.57, 36.764923446654976
24.585, 36.60617863464317
24.6, 36.38569676208468
24.615, 36.11891972351037
24.63, 35.83008610534638
24.645, 35.54860722351037
24.66, 35.29431950378388
24.675, 35.07897984313928
24.69, 34.895981185912774
24.705, 34.72768437194787
24.72, 34.54909550476037
24.735, 34.34257542419398
24.75, 34.111801498412774
24.765, 33.885444992065075
24.78, 33.718613021850274
24.795, 33.79137455749478
24.81, 34.06182896423307
24.825, 34.44252812194787
24.84, 34.86658512878388
24.855, 35.27006565856898
24.87, 35.60152470397918
24.885, 35.833023422240885
24.9, 35.951347702026084
24.915, 35.97119175720178
24.93, 35.965317123412774
24.945, 35.89990269470178
24.96, 35.79113804626428
24.975, 35.680160873412774
24.99, 35.60152470397918
25.005, 35.57947575378388
25.02, 35.60519444274868
25.035, 35.61989628601037
25.05, 35.61989628601037
25.065, 35.60005223083468
25.08, 35.52803074645968
25.095, 35.395004623412774
25.11, 35.19583927917448
25.125, 34.931991928100274
25.14, 34.60568272399868
25.155, 34.22131382751428
25.17, 33.77594029235807
25.185, 33.27764927673307
25.2, 32.73674046325648
25.215, 32.17157017517057
25.23, 31.615227096557277
25.245, 31.110321395873683
25.26, 30.722275131225274
25.275, 30.509880416869777
25.29, 30.695816390990885
25.305, 31.020660751342476
25.32, 31.409447067260373
25.335, 31.790878646850274
25.35, 32.11792027282678
25.365, 32.36045109558067
25.38, 32.514053695678385
25.395, 32.59268986511198
25.41, 32.61988102722138
25.425, 32.62944065856898
25.44, 32.655899398803385
25.455, 32.72057377624478
25.47, 32.83154331970178
25.485, 32.97927128601037
25.5, 33.135811203002575
25.515, 33.26589237976037
25.53, 33.334976547240885
25.545, 33.340118759154976
25.56, 33.32101475524868
25.575, 33.22399937438928
25.59, 33.07775151061978
25.605, 32.94840275573698
25.62, 33.03806340026817
25.635, 33.31733738708468
25.65, 33.70979344177218
25.665, 34.14046513366668
25.68, 34.53586613464317
25.695, 34.837189071654976
25.71, 35.010635726928385
25.725, 35.04885136413537
25.74, 35.04517399597138
25.755, 34.95330845642057
25.77, 34.75708042907678
25.785, 34.488090866088584
25.8, 34.17647587585418
25.815, 33.839874618529976
25.83, 33.49005162048307
25.845, 33.13066136169398
25.86, 32.764664047240885
25.875, 32.39352452087368
25.89, 32.030464523315075
25.905, 31.704155319213584
25.92, 31.465301864623683
25.935, 31.425613754272177
25.95, 31.633598678588584
25.965, 31.937858932494777
25.98, 32.27372776794398
25.995, 32.58166539001428
26.01, 32.81978642272918
26.025, 32.97486149597138
26.04, 33.05790745544398
26.055, 33.10494267272918
26.07, 33.16226994323698
26.085, 33.264419906615885
26.1, 33.421699874877575
26.115, 33.611313217162774
26.13, 33.79357945251428
26.145, 33.91851841735807
26.16, 33.946442001342476
26.175, 33.940567367553385
26.19, 33.82297550964317
26.205, 33.54516636657678
26.22, 33.101265304565075
26.235, 32.50964390563928
26.25, 31.819534652709677
26.265, 31.115471237182277
26.28, 30.507675521850274
26.295, 30.091705673217476
26.31, 29.91751896667448
26.325, 30.086555831908882
26.34, 30.353340499877575
26.355, 30.675239913940075
26.37, 31.030212753295572
26.385, 31.39768254089317
26.4, 31.768089645385373
26.415, 32.13555943298307
26.43, 32.493477218627575
26.445, 32.83154331970178
26.46, 33.14022099304168
26.475, 33.39524113464317
26.49, 33.57236515808067
26.505, 33.64585148620567
26.52, 33.646591537475274
26.535, 33.595146530151084
26.55, 33.40847050476037
26.565, 33.08803593444787
26.58, 32.655899398803385
26.595, 32.157608383178385
26.61, 31.659324996947873
26.625, 31.231590621947873
26.64, 30.93393742370567
26.655, 30.788421981811183
26.67, 30.883232467651084
26.685, 31.05961643981898
26.7, 31.28524052429168
26.715, 31.543197982787774
26.73, 31.822479598998683
26.745, 32.11571537780728
26.76, 32.411896102904976
26.775, 32.69998966979948
26.79, 32.96604191589317
26.805, 33.18872105407678
26.82, 33.34747349548307
26.835, 33.422432296752575
26.85, 33.42610966491668
26.865, 33.39597355651817
26.88, 33.25780522155728
26.895, 33.014541976928385
26.91, 32.68750035095178
26.925, 32.315620773315075
26.94, 31.948883407592476
26.955, 31.63212620544398
26.97, 31.402092330932277
26.985, 31.29038273620567
27.0, 31.419731491088584
27.015, 31.65344273376428
27.03, 31.962112777709677
27.045, 32.29798161315888
27.06, 32.60812413024868
27.075, 32.84330784606898
27.09, 32.97045170593228
27.105, 32.988823287963584
27.12, 32.97632633972138
27.135, 32.86829411315888
27.15, 32.672798507690075
27.165, 32.42585789489718
27.18, 32.16054570007287
27.195, 31.895233505248683
27.21, 31.638008468627575
27.225, 31.386658065795572
27.24, 31.138985031127575
27.255, 30.89865910339317
27.27, 30.675979965209677
27.285, 30.481216781615885
27.3, 30.318794601440075
27.315, 30.18430363464317
27.33, 30.06009709167448
27.345, 29.92928349304168
27.36, 29.777885787963584
27.375, 29.60958134460418
27.39, 29.444221847533882
27.405, 29.306053512572873
27.42, 29.214187973022177
27.435, 29.173767440795572
27.45, 29.20243107604948
27.465, 29.250931137084677
27.48, 29.317077987670572
27.495, 29.39571415710418
27.51, 29.480972640990885
27.525, 29.557403915404976
27.54, 29.61399113464317
27.555, 29.652946823119777
27.57, 29.69116246032678
27.585, 29.760246627807277
27.6, 29.887390487670572
27.615, 30.081413619994777
27.63, 30.32614933776817
27.645, 30.587051742553385
27.66, 30.82222782897918
27.675, 30.994942062377575
27.69, 31.07210575866668
27.705, 31.073578231811183
27.72, 31.033890121459677
27.735, 30.876617782592476
27.75, 30.609100692748683
27.765, 30.258530014037774
27.78, 29.877838485717476
27.795, 29.54931675720178
27.81, 29.37072789001428
27.825, 29.55960881042448
27.84, 29.850639694213584
27.855, 30.139473312377575
27.87, 30.33422886657678
27.885, 30.38200413513148
27.9, 30.376854293822873
27.915, 30.253387802123683
27.93, 29.992485397338584
27.945, 29.650741928100274
27.96, 29.296501510619777
27.975, 28.981216781615885
27.99, 28.732803695678385
28.005, 28.56082951354948
28.02, 28.46749150085418
28.035, 28.559357040404976
28.05, 28.748970382690075
28.065, 29.004730575561183
28.08, 29.28841435241668
28.095, 29.556671493529976
28.11, 29.779350631713584
28.125, 29.94104039001428
28.14, 30.043197982787774
28.155, 30.101257675170572
28.17, 30.138740890502575
28.185, 30.187981002807277
28.2, 30.27249943542448
28.215, 30.39890324401817
28.23, 30.553245895385373
28.245, 30.709045761108072
28.26, 30.83325230407678
28.275, 30.894989364623683
28.29, 30.89792668151817
28.305, 30.870735519408882
28.32, 30.74947392272918
28.335, 30.531929367065075
28.35, 30.236481063842476
28.365, 29.901352279662774
28.38, 29.57871281433067
28.395, 29.32442509460418
28.41, 29.178177230834677
28.425, 29.197281234740885
28.44, 29.29209172058067
28.455, 29.38101994323698
28.47, 29.43540226745567
28.485, 29.461128585815075
28.5, 29.499344223022177
28.515, 29.611053817748683
28.53, 29.839615219115885
28.545, 30.18430363464317
28.56, 30.603218429565075
28.575, 31.028007858276084
28.59, 31.390335433959677
28.605, 31.633598678588584
28.62, 31.721054428100274
28.635, 31.721054428100274
28.65, 31.639480941772177
28.665, 31.400627487182277
28.68, 31.04638706970178
28.695, 30.653190963744777
28.71, 30.32614933776817
28.725, 30.209289901733072
28.74, 30.445206039428385
28.755, 30.795769088744777
28.77, 31.170585983276084
28.785, 31.48734318542448
28.8, 31.685043685912774
28.815, 31.731346481322873
28.83, 31.72546421813928
28.845, 31.586563461303385
28.86, 31.266128890990885
28.875, 30.782539718627575
28.89, 30.181366317748683
28.905, 29.530945175170572
28.92, 28.926826828002575
28.935, 28.45279728698698
28.95, 28.15073429870567
28.965, 28.021385543822873
28.98, 28.131622665404976
28.995, 28.320503585815075
29.01, 28.565239303588584
29.025, 28.84525334167448
29.04, 29.13407933044398
29.055, 29.407478683471382
29.07, 29.638985031127575
29.085, 29.80948674011198
29.1, 29.90649449157678
29.115, 29.925606124877575
29.13, 29.921196334838584
29.145, 29.84476506042448
29.16, 29.66690861511198
29.175, 29.375877731322873
29.19, 28.967987411498683
29.205, 28.45500218200648
29.22, 27.876602523803385
29.235, 27.291595809936183
29.25, 26.79109989929168
29.265, 26.464790695190075
29.28, 26.525055282592476
29.295, 26.88370549011198
29.31, 27.376846664428385
29.325, 27.92070042419398
29.34, 28.446915023803385
29.355, 28.909187667846382
29.37, 29.282539718627575
29.385, 29.568428390502575
29.4, 29.77494084167448
29.415, 29.923401229858072
29.43, 30.039520614623683
29.445, 30.145355575561183
29.46, 30.26220738220178
29.475, 30.401108139037774
29.49, 30.565002792358072
29.505, 30.746528976440075
29.52, 30.935409896850274
29.535, 31.127228134154976
29.55, 31.31022679138148
29.565, 31.472648971557277
29.58, 31.59465061950648
29.595, 31.64756047058067
29.61, 31.64756047058067
29.625, 31.596855514526084
29.64, 31.40429722595178
29.655, 31.03536259460418
29.67, 30.46505009460418
29.685, 29.688957565307277
29.7, 28.73868595886198
29.715, 27.69287144470178
29.73, 26.698501937865885
29.745, 25.929756515502575
29.76, 25.507171981811183
29.775, 25.66003453063928
29.79, 26.034119003295572
29.805, 26.453766220092476
29.82, 26.839607589721382
29.835, 27.164451950072873
29.85, 27.447403305053385
29.865, 27.74284397888148
29.88, 28.09855686950648
29.895, 28.531433456420572
29.91, 29.01428257751428
29.925, 29.486847274779976
29.94, 29.88298069763148
29.955, 30.142410629272177
29.97, 30.232071273803385
29.985, 30.232071273803385
30.0, 30.14902531433067
30.015, 29.926338546752575
30.03, 29.626488082885373
30.045, 29.31046330261198
30.06, 29.018692367553385
30.075, 28.75191532897918
30.09, 28.482925765990885
30.105, 28.18087040710418
30.12, 27.827362411498683
30.135, 27.43343388366668
30.15, 27.035835617065075
30.165, 26.69482456970178
30.18, 26.464790695190075
30.195, 26.38615452575648
30.21, 26.459648483276084
30.225, 26.51696812438928
30.24, 26.520645492553385
30.255, 26.49345433044398
30.27, 26.356018417358072
30.285, 26.11275517272918
30.3, 25.828338973998683
30.315, 25.607117050170572
30.33, 25.68428837585418
30.345, 25.99149357604948
30.36, 26.395706527709677
30.375, 26.81241642761198
30.39, 27.174736373901084
30.405, 27.43270146179168
30.42, 27.559845321654976
30.435, 27.573074691772177
30.45, 27.55175816345178
30.465, 27.431228988647177
30.48, 27.246765487670572
30.495, 27.072586410522177
30.51, 27.025543563842476
30.525, 27.21883427429168
30.54, 27.535591476440075
30.555, 27.92143284606898
30.57, 28.31242405700648
30.585, 28.652695053100274
30.6, 28.893753402709677
30.615, 29.001053207397177
30.63, 29.004730575561183
30.645, 28.956962936401084
30.66, 28.759262435912774
30.675, 28.422661178588584
30.69, 27.973617904662774
30.705, 27.448868148803385
30.72, 26.881500595092476
30.735, 26.303840988158882
30.75, 25.757049911498683
30.765, 25.307999008178385
30.78, 25.061058395385373
30.795, 25.36753117370567
30.81, 25.895218246459677
30.825, 26.524322860717476
30.84, 27.143135421752575
30.855, 27.662002914428385
30.87, 28.02800022888148
30.885, 28.224960678100274
30.9, 28.268326156615885
30.915, 28.26464878845178
30.93, 28.176460617065075
30.945, 28.00374638366668
30.96, 27.791351669311183
30.975, 27.578216903686183
30.99, 27.393013351440075
31.005, 27.255585067748683
31.02, 27.17106663513148
31.035, 27.17106663513148
31.05, 27.27542912292448
31.065, 27.465774887084677
31.08, 27.74357640075648
31.095, 28.083122604369777
31.11, 28.438095443725274
31.125, 28.748237960815075
31.14, 28.958427780151084
31.155, 29.030456893920572
31.17, 29.030456893920572
31.185, 28.95549046325648
31.2, 28.75264775085418
31.215, 28.466019027709677
31.23, 28.141182296752575
31.245, 27.81340061950648
31.26, 27.486351364135373
31.275, 27.14827763366668
31.29, 26.780815475463584
31.305, 26.36704289245567
31.32, 25.904770248412774
31.335, 25.405014389037774
31.35, 24.90305363464317
31.365, 24.445183151244777
31.38, 24.069633834838584
31.395, 23.800644271850274
31.41, 23.63748966979948
31.425, 23.556648605346382
31.44, 23.546356552123683
31.455, 23.59045445251428
31.47, 23.67276799011198
31.485, 23.813141220092476
31.5, 24.01965367126428
31.515, 24.285705917358072
31.53, 24.585556381225274
31.545, 24.881737106322873
31.56, 25.128677719115885
31.575, 25.29624211120567
31.59, 25.369736068725274
31.605, 25.376350753783882
31.62, 25.369003646850274
31.635, 25.375618331908882
31.65, 25.53141819763148
31.665, 25.841560714721382
31.68, 26.28031956481898
31.695, 26.785225265502575
31.71, 27.282776229858072
31.725, 27.712715499877575
31.74, 28.019913070678385
31.755, 28.15808140563928
31.77, 28.161026351928385
31.785, 28.083855026244777
31.8, 27.760483139037774
31.815, 27.165916793822873
31.83, 26.318535202026084
31.845, 25.358711593627575
31.86, 24.570862167358072
31.875, 24.48266636657678
31.89, 25.13675724792448
31.905, 26.036323898315075
31.92, 27.032898300170572
31.935, 28.018448226928385
31.95, 28.909187667846382
31.965, 29.63237034606898
31.98, 30.138000839233072
31.995, 30.386413925170572
32.01, 30.411400192260373
32.025, 30.370979660033882
32.04, 30.12036167907678
32.055, 29.709534042358072
32.07, 29.246521347045572
32.085, 28.84745823669398
32.1, 28.58508335876428
32.115, 28.468963973998683
32.13, 28.499092453002575
32.145, 28.537308090209677
32.16, 28.54245793151817
32.175, 28.532898300170572
32.19, 28.459404342651084
32.205, 28.29992710876428
32.22, 28.044906967162774
32.235, 27.68772160339317
32.25, 27.233536117553385
32.265, 26.702171676635373
32.28, 26.140686386108072
32.295, 25.619613998412774
32.31, 25.211723678588584
32.325, 24.973602645873683
32.34, 24.97066532897918
32.355, 25.086052291869777
32.37, 25.17057072448698
32.385, 25.178650253295572
32.4, 25.15366398620567
32.415, 24.984627120971382
32.43, 24.63774143981898
32.445, 24.116669052123683
32.46, 23.455963485717476
32.475, 22.707794540404976
32.49, 21.972854965209677
32.505, 21.383438461303385
32.52, 21.19455754089317
32.535, 21.69284855651817
32.55, 22.488785140990885
32.565, 23.44714390563928
32.58, 24.432693832397177
32.595, 25.33225285339317
32.61, 26.051018112182277
32.625, 26.520645492553385
32.64, 26.67131077575648
32.655, 26.66983830261198
32.67, 26.452293746947873
32.685, 25.875374191283882
32.7, 25.096336715697873
32.715, 24.48339878845178
32.73, 24.972870223998683
32.745, 25.893745773315075
32.76, 26.950584762572873
32.775, 27.97214543151817
32.79, 28.862152450561183
32.805, 29.544906967162774
32.82, 29.968963973998683
32.835, 30.09611546325648
32.85, 30.09391056823698
32.865, 29.89327275085418
32.88, 29.356033676147177
32.895, 28.517471664428385
32.91, 27.46724736022918
32.925, 26.344993942260373
32.94, 25.286690109252575
32.955, 24.35111271667448
32.97, 23.514755599975274
32.985, 22.749687545776084
33.0, 22.058113449096382
33.015, 21.483391159057277
33.03, 21.096077316283882
33.045, 21.19382511901817
33.06, 21.786918991088584
33.075, 22.671051376342476
33.09, 23.696281784057277
33.105, 24.714905136108072
33.12, 25.598297470092476
33.135, 26.268562667846382
33.15, 26.689682357787774
33.165, 26.864593856811183
33.18, 26.874885910033882
33.195, 26.835930221557277
33.21, 26.674248092651084
33.225, 26.466263168334677
33.24, 26.292084091186183
33.255, 26.198006027221382
33.27, 26.24357640075648
33.285, 26.306778305053385
33.3, 26.32662236022918
33.315, 26.324417465209677
33.33, 26.248718612670572
33.345, 26.042938583373683
33.36, 25.68869816589317
33.375, 25.183792465209677
33.39, 24.550278060912774
33.405, 23.832245223998683
33.42, 23.088493698119777
33.435, 22.382950180053385
33.45, 21.766342514037774
33.465, 21.280548446654976
33.48, 20.931450241088584
33.495, 20.684517257690075
33.51, 20.470650070190075
33.525, 20.23105656433067
33.54, 19.97603642272918
33.555, 19.90842472839317
33.57, 20.322929733276084
33.585, 20.990249984740885
33.6, 21.77075230407678
33.615, 22.52038609313928
33.63, 23.125236862182277
33.645, 23.499321334838584
33.66, 23.58972203063928
33.675, 23.57869755554168
33.69, 23.311180465697873
33.705, 22.63871037292448
33.72, 21.49735295104948
33.735, 19.795975082397177
33.75, 17.386116378783882
33.765, 14.012764328002476
33.78, 9.020340316772476
33.795, 2.940941207885473
33.81, 2.9203647308344785
33.825, 5.6014102630614815
33.84, 8.552185409545473
33.855, 11.308929794311481
33.87, 13.656319015502476
33.885, 15.506889694213484
33.9, 16.821686141967476
33.915, 17.57572972106898
33.93, 17.75212132263148
33.945, 17.731537216186183
33.96, 17.211204879760373
33.975, 15.861862533568981
33.99, 13.517410629272476
34.005, 11.144302719115473
34.02, 12.102661483764479
34.035, 14.041420333861481
34.05, 15.967689865111979
34.065, 17.634529464721382
34.08, 18.993423812865885
34.095, 20.064964645385373
34.11, 20.916756027221382
34.125, 21.625236862182277
34.14, 22.26316105651817
34.155, 22.879036300658882
34.17, 23.505936019897177
34.185, 24.142387741088584
34.2, 24.775909774779976
34.215, 25.382225387572873
34.23, 25.932693832397177
34.245, 26.405998580932277
34.26, 26.773460739135373
34.275, 27.00496708679168
34.29, 27.073318832397177
34.305, 27.071113937377575
34.32, 26.94323765563928
34.335, 26.60075413513148
34.35, 26.026031845092476
34.365, 25.21981083679168
34.38, 24.21000706481898
34.395, 23.06717716979948
34.41, 21.92581974792448
34.425, 20.982895248412774
34.44, 20.453010910033882
34.455, 20.751396530151084
34.47, 21.266586654662774
34.485, 21.74943577575648
34.5, 22.04929386901817
34.515, 22.10367619323698
34.53, 22.08603703308067
34.545, 21.879524581908882
34.56, 21.553947799682277
34.575, 21.290840499877575
34.59, 21.376823776244777
34.605, 21.742088668822873
34.62, 22.285210006713584
34.635, 22.966492050170572
34.65, 23.741112106322873
34.665, 24.545868270873683
34.68, 25.329315536498683
34.695, 26.050285690307277
34.71, 26.673515670776084
34.725, 27.167389266967476
34.74, 27.50913273620567
34.755, 27.673027389526084
34.77, 27.68625675964317
34.785, 27.65097843933067
34.8, 27.459892623901084
34.815, 27.149017684936183
34.83, 26.796982162475274
34.845, 26.50521122741668
34.86, 26.341324203490885
34.875, 26.368515365600274
34.89, 26.454498641967476
34.905, 26.520645492553385
34.92, 26.53975712585418
34.935, 26.539017074584677
34.95, 26.500069015502575
34.965, 26.396438949584677
34.98, 26.211235397338584
34.995, 25.912849777221382
35.01, 25.468216293334677
35.025, 24.855278366088584
35.04, 24.087272994994777
35.055, 23.252380722045572
35.07, 22.507889144897177
35.085, 22.03238713073698
35.1, 22.090446823119777
35.115, 22.46305882263148
35.13, 22.903290145873683
35.145, 23.31925999450648
35.16, 23.635284774779976
35.175, 23.80505406188928
35.19, 23.825630538940075
35.205, 23.79697453308067
35.22, 23.585312240600274
35.235, 23.153900497436183
35.25, 22.49833714294398
35.265, 21.645813339233072
35.28, 20.673492782592476
35.295, 19.686470382690075
35.31, 18.722969406127575
35.325, 17.691116683959677
35.34, 16.45495640563928
35.355, 14.935844772338484
35.37, 13.177139633178484
35.385, 11.147980087279478
35.4, 8.391968124389479
35.415, 6.958839767455473
35.43, 9.564926498412476
35.445, 12.536270492553484
35.46, 15.296692245483484
35.475, 17.63305699157678
35.49, 19.510086410522177
35.505, 20.95056187438928
35.52, 21.987556808471382
35.535, 22.635773056029976
35.55, 22.908432357787774
35.565, 22.920929306029976
35.58, 22.839348190307277
35.595, 22.58432804870567
35.61, 22.752624862670572
35.625, 23.480209701537774
35.64, 24.426079147338584
35.655, 25.34915959167448
35.67, 26.072334640502575
35.685, 26.484634750365885
35.7, 26.558861129760373
35.715, 26.532402389526084
35.73, 26.19506871032678
35.745, 25.484382980346382
35.76, 24.43489872741668
35.775, 23.095840805053385
35.79, 21.509109848022177
35.805, 19.648254745483072
35.82, 17.470634811401084
35.835, 15.207031600951481
35.85, 14.092132919311481
35.865, 15.406204574584478
35.88, 17.117134445190075
35.895, 18.80969273376428
35.91, 20.275886886596382
35.925, 21.42533146667448
35.94, 22.225677841186183
35.955, 22.682075851440075
35.97, 22.809952133178385
35.985, 22.808479660033882
36.0, 22.62841831970178
36.015, 22.166878097533882
36.03, 21.45105015563928
36.045, 20.512543075561183
36.06, 19.41086613464317
36.075, 18.243057601928385
36.09, 17.156082504272177
36.105, 16.30208622741668
36.12, 15.769256942748683
36.135, 15.55245243835418
36.15, 15.715607040404976
36.165, 15.994888656615885
36.18, 16.407181137084677
36.195, 17.01497685241668
36.21, 17.87632023620567
36.225, 18.992691390990885
36.24, 20.290588729858072
36.255, 21.65242802429168
36.27, 22.956940048217476
36.285, 24.121078842162774
36.3, 25.07869755554168
36.315, 25.800407760619777
36.33, 26.281792037963584
36.345, 26.535347335815075
36.36, 26.593407028197873
36.375, 26.589729660033882
36.39, 26.47287785339317
36.405, 26.221527450561183
36.42, 25.876106613158882
36.435, 25.479240768432277
36.45, 25.051506393432277
36.465, 24.58923374938928
36.48, 24.049057357787774
36.495, 23.37070500183067
36.51, 22.493194931029976
36.525, 21.39005314636198
36.54, 20.10611759948698
36.555, 18.83467900085418
36.57, 17.83516728210418
36.585, 17.24060093688928
36.6, 17.048050277709677
36.615, 17.26558720397918
36.63, 17.530899398803385
36.645, 17.652901046752575
36.66, 17.652168624877575
36.675, 17.43021427917448
36.69, 16.782738082885373
36.705, 15.992683761596382
36.72, 16.43143498229948
36.735, 17.612480514526084
36.75, 18.900085800170572
36.765, 20.042915695190075
36.78, 20.904999130248683
36.795, 21.429741256713584
36.81, 21.588486068725274
36.825, 21.58628117370567
36.84, 21.351105087279976
36.855, 20.702888839721382
36.87, 19.70263706970178
36.885, 18.628898971557277
36.9, 17.94760929870567
36.915, 18.276863449096382
36.93, 18.841293685912774
36.945, 19.395439498901084
36.96, 19.867996566772177
36.975, 20.259720199584677
36.99, 20.592644088744777
37.005, 20.870453231811183
37.02, 21.05124699401817
37.035, 21.080643051147177
37.05, 21.048309677123683
37.065, 20.758011215209677
37.08, 20.086273544311183
37.095, 19.033111923217476
37.11, 17.81164585876428
37.125, 16.856964462279976
37.14, 16.429230087279976
37.155, 16.60929142761198
37.17, 17.043640487670572
37.185, 17.797684066772177
37.2, 18.82071720886198
37.215, 19.919449203490885
37.23, 20.882210128783882
37.245, 21.552475326537774
37.26, 21.85527073669398
37.275, 21.87070500183067
37.29, 21.775894515990885
37.305, 21.364334457397177
37.32, 20.727142684936183
37.335, 20.009842269897177
37.35, 19.343254440307277
37.365, 18.82292210388148
37.38, 18.48117863464317
37.395, 18.283478134154976
37.41, 18.14310490417448
37.425, 17.935119979858072
37.44, 17.51400028991668
37.455, 16.70483433532678
37.47, 15.265831344604479
37.485, 12.852295272826481
37.5, 9.844200485229479
37.515, 10.112449996947475
37.53, 12.002708786010473
37.545, 13.903992050170473
37.56, 15.517174118041481
37.575, 16.758484237670572
37.59, 17.592636459350274
37.605, 17.99979435729948
37.62, 18.032860153197873
37.635, 17.937324874877575
37.65, 17.39347111511198
37.665, 16.596794479369777
37.68, 16.91208683776817
37.695, 18.28568302917448
37.71, 19.907684677123683
37.725, 21.433418624877575
37.74, 22.69970738220178
37.755, 23.623527877807277
37.77, 24.194572799682277
37.785, 24.44738804626428
37.8, 24.47531925964317
37.815, 24.45694767761198
37.83, 24.325394027709677
37.845, 24.163704269408882
37.86, 24.06668888854948
37.875, 24.14018284606898
37.89, 24.207062118529976
37.905, 24.212211959838584
37.92, 24.167381637572873
37.935, 23.916031234740885
37.95, 23.35380589294398
37.965, 22.384422653197873
37.98, 20.899116867065075
37.995, 18.741340988158882
38.01, 16.00296818542448
38.025, 13.751121871947475
38.04, 13.990715377807476
38.055, 15.108551376342476
38.07, 16.108063095092476
38.085, 16.708511703490885
38.1, 16.802582138061183
38.115, 16.727615707397177
38.13, 15.99121128845178
38.145, 14.258964889526482
38.16, 11.366989486694479
38.175, 8.880699508666481
38.19, 9.274628036498484
38.205, 10.208732955932476
38.22, 10.801826828002476
38.235, 10.943664901733484
38.25, 10.934112899779478
38.265, 10.907654159545473
38.28, 11.527939193725473
38.295, 12.607559555053484
38.31, 13.909866683959478
38.325, 15.226143234252476
38.34, 16.44834172058067
38.355, 17.547073715209677
38.37, 18.539970748901084
38.385, 19.471870773315075
38.4, 20.366287582397177
38.415, 21.21293675231898
38.43, 21.964775436401084
38.445, 22.54537236022918
38.46, 22.87021672058067
38.475, 22.907699935912774
38.49, 22.846695297240885
38.505, 22.360901229858072
38.52, 21.24894749450648
38.535, 19.152168624877575
38.55, 15.243042343139479
38.565, 11.100204818725473
38.58, 13.365280502319479
38.595, 15.861130111693981
38.61, 18.098274581908882
38.625, 19.970154159545572
38.64, 21.538513534545572
38.655, 22.875358932494777
38.67, 24.022598617553385
38.685, 24.972870223998683
38.7, 25.681351058959677
38.715, 26.096588485717476
38.73, 26.186249130248683
38.745, 26.17081486511198
38.76, 25.87390171813928
38.775, 25.191879623412774
38.79, 24.128425949096382
38.805, 22.681335800170572
38.82, 20.83664738464317
38.835, 18.53849827575648
38.85, 15.711197250365885
38.865, 12.560524337768484
38.88, 10.091873519897476
38.895, 9.784668319701481
38.91, 11.236168258666481
38.925, 13.232994430541481
38.94, 15.420898788451481
38.955, 17.53678166198698
38.97, 19.385879867553385
38.985, 20.860161178588584
39.0, 21.91333042907678
39.015, 22.53067814636198
39.03, 22.718819015502575
39.045, 22.718086593627575
39.06, 22.493927352904976
39.075, 21.87070500183067
39.09, 20.863838546752575
39.105, 19.473335617065075
39.12, 17.685242050170572
39.135, 15.446625106811481
39.15, 12.905945175170473
39.165, 10.964981430053484
39.18, 11.457390182494478
39.195, 12.811142318725473
39.21, 14.094337814330473
39.225, 14.996841781615473
39.24, 15.379745834350473
39.255, 15.405464523315473
39.27, 15.432655685424479
39.285, 16.066170089721382
39.3, 17.200912826537774
39.315, 18.456924789428385
39.33, 19.496124618529976
39.345, 20.117142074584677
39.36, 20.271477096557277
39.375, 20.263397567748683
39.39, 20.00102268981898
39.405, 19.50199925231898
39.42, 18.900085800170572
39.435, 18.133552902221382
39.45, 16.89592015075648
39.465, 14.474304550170473
39.48, 9.603142135619478
39.495, 9.975021713256481
39.51, 12.052688949584478
39.525, 13.572533004760473
39.54, 14.106834762572475
39.555, 14.105362289428484
39.57, 13.369690292358484
39.585, 11.325836532592476
39.6, 9.521561019897476
39.615, 10.142586105346481
39.63, 11.075218551635473
39.645, 11.786636703490473
39.66, 12.092369430541481
39.675, 12.093109481811481
39.69, 11.785904281615473
39.705, 10.676887863158484
39.72, 9.815536849975473
39.735, 11.580856674194479
39.75, 13.673218124389479
39.765, 15.483368270873484
39.78, 16.695282333373683
39.795, 17.192093246459677
39.81, 17.206062667846382
39.825, 17.053924911498683
39.84, 16.771713607787774
39.855, 17.457405441283882
39.87, 18.521599166869777
39.885, 19.693817489623683
39.9, 20.83591496276817
39.915, 21.912590377807277
39.93, 22.929748886108072
39.945, 23.86458622741668
39.96, 24.678161972045572
39.975, 25.319023483276084
39.99, 25.74382054138148
40.005, 25.929024093627575
40.02, 25.937103622436183
40.035, 25.87316929626428
40.05, 25.598297470092476
40.065, 25.15366398620567
40.08, 24.608337753295572
40.095, 24.058609359740885
40.11, 23.618378036498683
40.125, 23.60147892761198
40.14, 24.10123478698698
40.155, 24.786194198608072
40.17, 25.472626083373683
40.185, 25.99516331481898
40.2, 26.235489242553385
40.215, 26.24283634948698
40.23, 26.125984542846382
40.245, 25.643127792358072
40.26, 24.807510726928385
40.275, 23.667625778197873
40.29, 22.31901585388148
40.305, 20.89250218200648
40.32, 19.560798995971382
40.335, 18.506164901733072
40.35, 17.863090866088584
40.365, 17.915275924682277
40.38, 18.438545578002575
40.395, 19.113952987670572
40.41, 19.798920028686183
40.425, 20.37878453063928
40.44, 20.76462590026817
40.455, 20.90720402526817
40.47, 20.90720402526817
40.485, 20.778587692260373
40.5, 20.35746800231898
40.515, 19.581375473022177
40.53, 18.336395614623683
40.545, 16.40938603210418
40.56, 13.528435104369478
40.575, 9.892708175658484
40.59, 7.352028244018484
40.605, 6.251831405639479
40.62, 5.430908554076481
40.635, 3.805961959838484
40.65, 0.8257983856194784
40.665, -0.880729324341516
40.68, -0.12080348205552127
40.695, 0.03427159118648149
40.71, -0.17224848938052162
40.725, -2.1345287628175242
40.74, -3.3243938751225244
40.755, 0.8596042327874756
40.77, 4.8311999969474755
40.785, 8.542625778197475
40.8, 11.827797286986481
40.815, 14.599975936889479
40.83, 16.843002670287774
40.845, 18.528946273803385
40.86, 19.649727218627575
40.875, 20.205337875365885
40.89, 20.27368199157678
40.905, 20.204597824096382
40.92, 19.65486943054168
40.935, 18.598030441283882
40.95, 17.19356571960418
40.965, 15.878029220580672
40.98, 15.343727462768484
40.995, 15.967689865111979
41.01, 16.73496281433067
41.025, 17.404495590209677
41.04, 17.849129074096382
41.055, 18.028457992553385
41.07, 18.032860153197873
41.085, 17.96745335388148
41.1, 17.743301742553385
41.115, 17.46769749450648
41.13, 17.255302780151084
41.145, 17.282493942260373
41.16, 17.517670028686183
41.175, 17.837372177123683
41.19, 18.20336949157678
41.205, 18.652412765502575
41.22, 19.281517379760373
41.235, 20.170059555053385
41.25, 21.276138656615885
41.265, 22.454979293822873
41.28, 23.541946762084677
41.295, 24.401825302123683
41.31, 24.95890843200648
41.325, 25.176445358276084
41.34, 25.180122726440075
41.355, 25.068413131713584
41.37, 24.698738449096382
41.385, 24.193840377807277
41.4, 23.740379684447873
41.415, 23.563263290404976
41.43, 23.857971542358072
41.445, 24.274681442260373
41.46, 24.695061080932277
41.475, 25.033867233276084
41.49, 25.233040206908882
41.505, 25.276398056029976
41.52, 25.271255844115885
41.535, 25.16101109313928
41.55, 24.95743595886198
41.565, 24.75753056335418
41.58, 24.811920516967476
41.595, 25.155136459350274
41.61, 25.640922897338584
41.625, 26.15317570495567
41.64, 26.57650028991668
41.655, 26.807274215697873
41.67, 26.828583114623683
41.685, 26.77787052917448
41.7, 26.466263168334677
41.715, 25.904770248412774
41.73, 25.17057072448698
41.745, 24.395943038940075
41.76, 23.71171604919398
41.775, 23.20975529479948
41.79, 22.904754989623683
41.805, 22.740135543822873
41.82, 22.62033879089317
41.835, 22.440277450561183
41.85, 22.11763798522918
41.865, 21.609062545776084
41.88, 20.921898239135373
41.895, 20.127434127807277
41.91, 19.389557235717476
41.925, 18.912582748412774
41.94, 19.221252792358072
41.955, 19.983383529662774
41.97, 21.05124699401817
41.985, 22.327095382690075
42.0, 23.69848667907678
42.015, 25.049301498412774
42.03, 26.272240036010373
42.045, 27.299675338744777
42.06, 28.07871281433067
42.075, 28.588020675658882
42.09, 28.826874130248683
42.105, 28.84819065856898
42.12, 28.804825180053385
42.135, 28.535103195190075
42.15, 28.022117965697873
42.165, 27.255585067748683
42.18, 26.211975448608072
42.195, 24.867035263061183
42.21, 23.228866928100274
42.225, 21.381965988158882
42.24, 19.557854049682277
42.255, 18.030655258178385
42.27, 16.923843734740885
42.285, 16.12203251647918
42.3, 15.359161727904478
42.315, 14.374351852416481
42.33, 13.288849227904478
42.345, 13.959846847533484
42.36, 15.669304244994777
42.375, 17.494888656615885
42.39, 19.03678929138148
42.405, 20.096565597533882
42.42, 20.592644088744777
42.435, 20.636009567260373
42.45, 20.54634892272918
42.465, 20.116409652709677
42.48, 19.656341903686183
42.495, 19.898865097045572
42.51, 20.577217453002575
42.525, 21.375351303100274
42.54, 22.125725143432277
42.555, 22.71293675231898
42.57, 23.06717716979948
42.585, 23.158310287475274
42.6, 23.15242802429168
42.615, 22.958404891967476
42.63, 22.494659774779976
42.645, 21.798675888061183
42.66, 20.92851292419398
42.675, 19.95178257751428
42.69, 18.942718856811183
42.705, 17.974068038940075
42.72, 17.138443344115885
42.735, 16.543884628295572
42.75, 16.44760929870567
42.765, 16.981171005248683
42.78, 17.792541854858072
42.795, 18.71635472106898
42.81, 19.600487106322873
42.825, 20.33762394714317
42.84, 20.89250218200648
42.855, 21.302597396850274
42.87, 21.64213597106898
42.885, 21.983879440307277
42.9, 22.349144332885373
42.915, 22.702652328490885
42.93, 22.992950790404976
42.945, 23.17447697448698
42.96, 23.231071823119777
42.975, 23.231071823119777
42.99, 23.184036605834677
43.005, 23.08113896179168
43.02, 22.981926315307277
43.035, 22.992950790404976
43.05, 23.15537297058067
43.065, 23.419212692260373
43.08, 23.750671737670572
43.095, 24.107117050170572
43.11, 24.437103622436183
43.125, 24.68918644714317
43.14, 24.826614730834677
43.155, 24.844253890990885
43.17, 24.82881962585418
43.185, 24.70682560729948
43.2, 24.501037948608072
43.215, 24.27982365417448
43.23, 24.115936630248683
43.245, 24.129166000365885
43.26, 24.27982365417448
43.275, 24.443718307494777
43.29, 24.534843795776084
43.305, 24.537788742065075
43.32, 24.473846786498683
43.335, 24.212211959838584
43.35, 23.765365951537774
43.365, 23.254585617065075
43.38, 22.881241195678385
43.395, 22.904754989623683
43.41, 23.097313278197873
43.425, 23.177421920776084
43.44, 23.17594944763148
43.455, 23.000297897338584
43.47, 22.491722457885373
43.485, 21.649483078002575
43.5, 20.563248031615885
43.515, 19.385147445678385
43.53, 18.27465855407678
43.545, 17.306747787475274
43.56, 16.476265304565075
43.575, 15.760437362670572
43.59, 15.145294540404478
43.605, 14.606590621947475
43.62, 14.114181869506481
43.635, 13.610016220092476
43.65, 13.000755661010473
43.665, 12.131325119018484
43.68, 10.702606552123484
43.695, 8.047279708861481
43.71, 3.3333972625724755
43.725, 2.7006152801514816
43.74, 5.068580978393484
43.755, 7.493873947143484
43.77, 9.673698776244478
43.785, 11.545578353881481
43.8, 13.160972946166481
43.815, 14.630104415893484
43.83, 16.071319931029976
43.845, 17.491218917846382
43.86, 18.814102523803385
43.875, 19.922386520385373
43.89, 20.697006576537774
43.905, 21.05051457214317
43.92, 21.064476364135373
43.935, 20.922630661010373
43.95, 20.300140731811183
43.965, 19.210968368529976
43.98, 17.69773136901817
43.995, 15.767792098998683
44.01, 13.604874008178484
44.025, 12.487770431518484
44.04, 13.948822372436481
44.055, 15.80159794616668
44.07, 17.641876571654976
44.085, 19.289604537963584
44.1, 20.703621261596382
44.115, 21.897896163940075
44.13, 22.897407882690075
44.145, 23.712456100463584
44.16, 24.347435348510373
44.175, 24.790603988647177
44.19, 25.04563175964317
44.205, 25.156601303100274
44.22, 25.20951878356898
44.235, 25.298447006225274
44.25, 25.468216293334677
44.265, 25.685760848998683
44.28, 25.87390171813928
44.295, 25.954010360717476
44.31, 25.954010360717476
44.325, 25.878311508178385
44.34, 25.643127792358072
44.355, 25.29256474304168
44.37, 24.89864384460418
44.385, 24.54366337585418
44.4, 24.29232060241668
44.415, 24.193840377807277
44.43, 24.325394027709677
44.445, 24.519417160033882
44.46, 24.706085556029976
44.475, 24.81559025573698
44.49, 24.825149887084677
44.505, 24.795746200561183
44.52, 24.627449386596382
44.535, 24.34082066345178
44.55, 24.01965367126428
44.565, 23.77933537292448
44.58, 23.80432164001428
44.595, 24.010101669311183
44.61, 24.212211959838584
44.625, 24.295257919311183
44.64, 24.295257919311183
44.655, 24.15488468933067
44.67, 23.703636520385373
44.685, 22.864334457397177
44.7, 21.566437118529976
44.715, 19.775398605346382
44.73, 17.59043156433067
44.745, 15.537750595092476
44.76, 14.292038314819479
44.775, 13.852547042846481
44.79, 13.735687606811481
44.805, 13.489487045287476
44.82, 12.897865646361481
44.835, 12.202614181518484
44.85, 12.631813400268484
44.865, 13.524025314330473
44.88, 14.287628524779478
44.895, 14.644073837279478
44.91, 14.655098312377476
44.925, 14.527214401244478
44.94, 14.228096359252476
44.955, 15.037994735717476
44.97, 16.442459457397177
44.985, 18.06152378845178
45.0, 19.602692001342476
45.015, 20.896179550170572
45.03, 21.859680526733072
45.045, 22.474823348998683
45.06, 22.74748265075648
45.075, 22.76953160095178
45.09, 22.725433700561183
45.105, 22.485847824096382
45.12, 22.14189183044398
45.135, 21.821464889526084
45.15, 21.61714970397918
45.165, 21.588486068725274
45.18, 21.62744175720178
45.195, 21.62817417907678
45.21, 21.562027328490885
45.225, 21.28202091979948
45.24, 20.67790257263148
45.255, 19.65413700866668
45.27, 18.19748722839317
45.285, 16.569603317260373
45.3, 15.324623458861481
45.315, 14.979935043334478
45.33, 15.452499740600473
45.345, 15.997085922240885
45.36, 16.405716293334677
45.375, 16.523300521850274
45.39, 16.51522099304168
45.405, 16.19992863464317
45.42, 15.451767318725473
45.435, 14.533096664428484
45.45, 13.964256637572475
45.465, 14.432411544799479
45.48, 15.075477951049479
45.495, 15.692093246459677
45.51, 16.19332157897918
45.525, 16.57548558044398
45.54, 16.890770309447873
45.555, 17.206062667846382
45.57, 17.59116398620567
45.585, 18.09018742370567
45.6, 18.71341740417448
45.615, 19.46305119323698
45.63, 20.330276840209677
45.645, 21.302597396850274
45.66, 22.357963912963584
45.675, 23.455223434447873
45.69, 24.545868270873683
45.705, 25.56302677917448
45.72, 26.443474166869777
45.735, 27.13652073669398
45.75, 27.61202275085418
45.765, 27.863373153686183
45.78, 27.92143284606898
45.795, 27.91922795104948
45.81, 27.833244674682277
45.825, 27.664207809447873
45.84, 27.448135726928385
45.855, 27.177681320190075
45.87, 26.810943954467476
45.885, 26.323685043334677
45.9, 25.75484501647918
45.915, 25.250671737670572
45.93, 25.013290756225274
45.945, 25.247734420776084
45.96, 25.52921330261198
45.975, 25.717361801147177
45.99, 25.74528538513148
46.005, 25.718826644897177
46.02, 25.502022140502575
46.035, 25.10295140075648
46.05, 24.628181808471382
46.065, 24.203392379760373
46.08, 23.882225387572873
46.095, 23.60221134948698
46.11, 23.219307296752575
46.125, 22.560806625365885
46.14, 21.445907943725274
46.155, 19.675445907592476
46.17, 17.26485478210418
46.185, 15.353287094115473
46.2, 16.620315902709677
46.215, 18.53629338073698
46.23, 20.538261764526084
46.245, 22.38956486511198
46.26, 23.990997665404976
46.275, 25.274925582885373
46.29, 26.203888290404976
46.305, 26.750679367065075
46.32, 26.903549545287774
46.335, 26.899872177123683
46.35, 26.65881382751428
46.365, 26.07601200866668
46.38, 25.284485214233072
46.395, 24.51133000183067
46.41, 23.988792770385373
46.425, 23.933670394897177
46.44, 24.213676803588584
46.455, 24.515007369994777
46.47, 24.722992294311183
46.485, 24.762680404662774
46.5, 24.74430119323698
46.515, 24.50692021179168
46.53, 23.94836460876428
46.545, 23.02014195251428
46.56, 21.67814671325648
46.575, 19.883430831908882
46.59, 17.635261886596382
46.605, 15.056373947143484
46.62, 12.689873092651482
46.635, 11.230293624877476
46.65, 10.721718185424479
46.665, 10.723923080444479
46.68, 10.668068283080473
46.695, 10.045570724486481
46.71, 8.359627120971481
46.725, 7.791527145385473
46.74, 10.345428817748484
46.755, 13.151413314819479
46.77, 15.685478561401084
46.785, 17.80429875183067
46.8, 19.53434025573698
46.815, 20.949089401244777
46.83, 22.11617314147918
46.845, 23.028961532592476
46.86, 23.642631881713584
46.875, 23.88810002136198
46.89, 23.88957249450648
46.905, 23.688934677123683
46.92, 22.966492050170572
46.935, 21.60539280700648
46.95, 19.40425907897918
46.965, 16.175682418822873
46.98, 13.027214401244478
46.995, 13.502716415404478
47.01, 15.004928939819479
47.025, 16.310905807494777
47.04, 17.117134445190075
47.055, 17.284698837279976
47.07, 17.237663619994777
47.085, 16.497581832885373
47.1, 14.757248275756481
47.115, 12.671501510619478
47.13, 12.714866989135473
47.145, 14.173714035033484
47.16, 15.67077671813928
47.175, 16.951774948119777
47.19, 17.96378361511198
47.205, 18.754570358276084
47.22, 19.40572392272918
47.235, 19.988533370971382
47.25, 20.52209507751428
47.265, 20.97554814147918
47.28, 21.287895553588584
47.295, 21.398872726440075
47.31, 21.398872726440075
47.325, 21.278343551635373
47.34, 20.97922550964317
47.355, 20.660995834350274
47.37, 20.58750187683067
47.385, 20.834442489623683
47.4, 21.161491744994777
47.415, 21.537773483276084
47.43, 21.986824386596382
47.445, 22.517448776244777
47.46, 23.064972274779976
47.475, 23.51255070495567
47.49, 23.727890365600274
47.505, 23.73230015563928
47.52, 23.591926925658882
47.535, 23.042923324584677
47.55, 22.15145146179168
47.565, 21.26511418151817
47.58, 21.08725773620567
47.595, 21.714897506713584
47.61, 22.452774398803385
47.625, 23.112007492065075
47.64, 23.632347457885373
47.655, 24.035827987670572
47.67, 24.379776351928385
47.685, 24.706085556029976
47.7, 25.000793807983072
47.715, 25.20878636169398
47.73, 25.264641159057277
47.745, 25.25655400085418
47.76, 25.061798446654976
47.775, 24.54734074401817
47.79, 23.665420883178385
47.805, 22.50862919616668
