% Measurement ID: 1072
% Mode ID: 1
% Date and time: 2019-05-25 13:51:02
% Sample ID: SP40-24
% Measurement type: ringdown
% Frequency [Hz]: 1501843.0
% Quality factor: 7229313.961745533
% Temperature [K]: 293.0
% Pressure [mBar]: 3.07e-06
% Notes: 
% 
%
% measurement data
% time [s], power [dBm]
0.012, -51.3532638549805
0.024, -51.2812423706055
0.036, -51.2753601074219
0.048, -51.2974090576172
0.06, -51.4186744689941
0.072, -51.657527923584
0.084, -52.0235290527344
0.096, -52.5063819885254
0.108, -53.0700759887695
0.12, -53.638916015625
0.132, -54.0945777893066
0.144, -54.2753715515137
0.156, -53.9813995361328
0.168, -53.5095672607422
0.18, -52.9444046020508
0.192, -52.3601264953613
0.204, -51.804515838623
0.216, -51.3113746643066
0.228, -50.893196105957
0.24, -50.5602684020996
0.252, -50.3111267089844
0.264, -50.14208984375
0.276, -50.0428733825684
0.288, -50.0075950622559
0.3, -50.0075950622559
0.312, -50.0281753540039
0.324, -50.0943183898926
0.336, -50.2008857727051
0.348, -50.339786529541
0.36, -50.5029449462891
0.372, -50.6830024719238
0.384, -50.871883392334
0.396, -51.0614967346191
0.408, -51.2452278137207
0.42, -51.4150009155273
0.432, -51.5656623840332
0.444, -51.6891326904297
0.456, -51.7839393615723
0.468, -51.8471412658691
0.48, -51.8802146911621
0.492, -51.8802146911621
0.504, -51.8640441894531
0.516, -51.8530235290527
0.528, -51.8515510559082
0.54, -51.8552284240723
0.552, -51.8802146911621
0.564, -51.9353332519531
0.576, -52.0235290527344
0.588, -52.1469955444336
0.6, -52.3013343811035
0.612, -52.4747772216797
0.624, -52.6518974304199
0.636, -52.8069686889648
0.648, -52.9150047302246
0.66, -52.9120674133301
0.672, -52.7900657653809
0.684, -52.5989837646484
0.696, -52.3593940734863
0.708, -52.0904083251953
0.72, -51.817008972168
0.732, -51.5619888305664
0.744, -51.3459167480469
0.756, -51.1886405944824
0.768, -51.1063270568848
0.78, -51.0967712402344
0.792, -51.1085319519043
0.804, -51.1945190429688
0.816, -51.35546875
0.828, -51.5663986206055
0.84, -51.7912864685059
0.852, -51.9897193908691
0.864, -52.1359710693359
0.876, -52.2219619750977
0.888, -52.261646270752
0.9, -52.2836952209473
0.912, -52.3241157531738
0.924, -52.4108390808105
0.936, -52.5592956542969
0.948, -52.7709579467773
0.96, -53.0281867980957
0.972, -53.2876167297363
0.984, -53.49560546875
0.996, -53.5852661132813
1.008, -53.4404830932617
1.02, -53.2045707702637
1.032, -52.9201507568359
1.044, -52.6320533752441
1.056, -52.3726234436035
1.068, -52.1646347045898
1.08, -52.0095634460449
1.092, -51.8956489562988
1.104, -51.804515838623
1.116, -51.7170600891113
1.128, -51.6200485229492
1.14, -51.5134811401367
1.152, -51.4076499938965
1.164, -51.3209266662598
1.176, -51.2731552124023
1.188, -51.2680130004883
1.2, -51.2797698974609
1.212, -51.3532638549805
1.224, -51.4965782165527
1.236, -51.7038307189941
1.248, -51.9544448852539
1.26, -52.2212257385254
1.272, -52.4681625366211
1.284, -52.6695365905762
1.296, -52.8099098205566
1.308, -52.8981018066406
1.32, -52.9546928405762
1.332, -53.0083427429199
1.344, -53.0833053588867
1.356, -53.1839904785156
1.368, -53.2890892028809
1.38, -53.3353881835938
1.392, -53.1964874267578
1.404, -52.9407272338867
1.416, -52.605598449707
1.428, -52.2366600036621
1.44, -51.8838882446289
1.452, -51.589916229248
1.464, -51.3841323852539
1.476, -51.283447265625
1.488, -51.2738914489746
1.5, -51.2907943725586
1.512, -51.4003028869629
1.524, -51.5972633361816
1.536, -51.8566970825195
1.548, -52.1425857543945
1.56, -52.4159851074219
1.572, -52.6379356384277
1.584, -52.7761039733887
1.596, -52.7577285766602
1.608, -52.6269111633301
1.62, -52.4483222961426
1.632, -52.2528266906738
1.644, -52.0661544799805
1.656, -51.905200958252
1.668, -51.7780570983887
1.68, -51.6861915588379
1.692, -51.6251907348633
1.704, -51.586238861084
1.716, -51.5583114624023
1.728, -51.5340614318848
1.74, -51.5105400085449
1.752, -51.4899635314941
1.764, -51.4796752929688
1.776, -51.4796752929688
1.788, -51.4929046630859
1.8, -51.5443496704102
1.812, -51.6523857116699
1.824, -51.8280334472656
1.836, -52.0764427185059
1.848, -52.3961410522461
1.86, -52.7591972351074
1.872, -53.1104965209961
1.884, -53.3816909790039
1.896, -53.4676780700684
1.908, -53.2567520141602
1.92, -52.9260292053223
1.932, -52.5328369140625
1.944, -52.1264190673828
1.956, -51.750129699707
1.968, -51.4326400756836
1.98, -51.191577911377
1.992, -51.0291595458984
2.004, -50.9468460083008
2.016, -50.9336166381836
2.028, -50.9372901916504
2.04, -50.9872665405273
2.052, -51.0806045532227
2.064, -51.1996650695801
2.076, -51.3282775878906
2.088, -51.4568901062012
2.1, -51.5803604125977
2.112, -51.7067680358887
2.124, -51.8515510559082
2.136, -52.0360221862793
2.148, -52.2741394042969
2.16, -52.5717887878418
2.172, -52.9061851501465
2.184, -53.2170639038086
2.196, -53.42431640625
2.208, -53.3309783935547
2.22, -53.0399436950684
2.232, -52.656307220459
2.244, -52.244743347168
2.256, -51.8522872924805
2.268, -51.5112762451172
2.28, -51.2356758117676
2.292, -51.0291595458984
2.304, -50.8880500793457
2.316, -50.8086776733398
2.328, -50.7895698547363
2.34, -50.7910385131836
2.352, -50.8410148620605
2.364, -50.9666900634766
2.376, -51.174674987793
2.388, -51.459831237793
2.4, -51.8067207336426
2.412, -52.1741905212402
2.424, -52.5041770935059
2.436, -52.7312698364258
2.448, -52.7702217102051
2.46, -52.6136817932129
2.472, -52.3939361572266
2.484, -52.1580200195313
2.496, -51.9390106201172
2.508, -51.7538070678711
2.52, -51.6082878112793
2.532, -51.498046875
2.544, -51.4186744689941
2.556, -51.3642883300781
2.568, -51.3370971679688
2.58, -51.3348922729492
2.592, -51.3437118530273
2.604, -51.3944206237793
2.616, -51.4995193481445
2.628, -51.6626739501953
2.64, -51.8772735595703
2.652, -52.123477935791
2.664, -52.3696823120117
2.676, -52.5732612609863
2.688, -52.693790435791
2.7, -52.5989837646484
2.712, -52.3858528137207
2.724, -52.089672088623
2.736, -51.7442512512207
2.748, -51.3848686218262
2.76, -51.0438575744629
2.772, -50.7498817443848
2.784, -50.5286674499512
2.796, -50.3956413269043
2.808, -50.3603668212891
2.82, -50.3610992431641
2.832, -50.4243049621582
2.844, -50.5727615356445
2.856, -50.7792816162109
2.868, -51.0063743591309
2.88, -51.2099533081055
2.892, -51.3510589599609
2.904, -51.4091186523438
2.916, -51.3576736450195
2.928, -51.300350189209
2.94, -51.2760963439941
2.952, -51.2760963439941
2.964, -51.317253112793
2.976, -51.447338104248
2.988, -51.678108215332
3.0, -52.0000076293945
3.012, -52.3777656555176
3.024, -52.7459716796875
3.036, -53.0289192199707
3.048, -53.1494483947754
3.06, -52.9848251342773
3.072, -52.7305374145508
3.084, -52.4350929260254
3.096, -52.1418533325195
3.108, -51.8743362426758
3.12, -51.6435661315918
3.132, -51.448070526123
3.144, -51.283447265625
3.156, -51.1467475891113
3.168, -51.036506652832
3.18, -50.9556655883789
3.192, -50.9064254760742
3.204, -50.8880500793457
3.216, -50.8880500793457
3.228, -50.8954010009766
3.24, -50.9174461364746
3.252, -50.9380264282227
3.264, -50.9262657165527
3.276, -50.8851089477539
3.288, -50.8233757019043
3.3, -50.7491455078125
3.312, -50.6712455749512
3.324, -50.5970153808594
3.336, -50.5338096618652
3.348, -50.4882431030273
3.36, -50.4684028625488
3.372, -50.4684028625488
3.384, -50.4838371276855
3.396, -50.5404243469238
3.408, -50.6440505981445
3.42, -50.7925071716309
3.432, -50.9733047485352
3.444, -51.1695327758789
3.456, -51.3540000915527
3.468, -51.5053977966309
3.48, -51.6149024963379
3.492, -51.6913375854492
3.504, -51.7545394897461
3.516, -51.8353843688965
3.528, -51.963996887207
3.54, -52.1543464660645
3.552, -52.4034881591797
3.564, -52.6827659606934
3.576, -52.9377899169922
3.588, -53.0980033874512
3.6, -52.9862937927246
3.612, -52.7180404663086
3.624, -52.3586578369141
3.636, -51.9537086486816
3.648, -51.5414085388184
3.66, -51.1504211425781
3.672, -50.7976531982422
3.684, -50.4948577880859
3.696, -50.2479209899902
3.708, -50.0605125427246
3.72, -49.9333686828613
3.732, -49.8686943054199
3.744, -49.8591384887695
3.756, -49.8650169372559
3.768, -49.9201393127441
3.78, -50.0289077758789
3.792, -50.1839828491211
3.804, -50.3735961914063
3.816, -50.5830535888672
3.828, -50.7969169616699
3.84, -51.0049057006836
3.852, -51.1974601745605
3.864, -51.3738441467285
3.876, -51.5377349853516
3.888, -51.6935424804688
3.9, -51.8464088439941
3.912, -51.9897193908691
3.924, -52.1124534606934
3.936, -52.1969718933105
3.948, -52.1955032348633
3.96, -52.106575012207
3.972, -51.980899810791
3.984, -51.8390579223633
3.996, -51.7016258239746
4.008, -51.5833015441895
4.02, -51.4921684265137
4.032, -51.4267578125
4.044, -51.3841323852539
4.056, -51.3598785400391
4.068, -51.3540000915527
4.08, -51.35546875
4.092, -51.372371673584
4.104, -51.4164695739746
4.116, -51.4855537414551
4.128, -51.5722770690918
4.14, -51.6582641601563
4.152, -51.7207336425781
4.164, -51.7111778259277
4.176, -51.6442985534668
4.188, -51.5612525939941
4.2, -51.4929046630859
4.212, -51.4627723693848
4.224, -51.4620361328125
4.236, -51.4840850830078
4.248, -51.5546379089355
4.26, -51.656795501709
4.272, -51.7604217529297
4.284, -51.8368530273438
4.296, -51.8684539794922
4.308, -51.8434677124023
4.32, -51.8192138671875
4.332, -51.8111305236816
4.344, -51.8111305236816
4.356, -51.8250961303711
4.368, -51.8478775024414
4.38, -51.8508186340332
4.392, -51.8067207336426
4.404, -51.7391052246094
4.416, -51.6670837402344
4.428, -51.6082878112793
4.44, -51.5722770690918
4.452, -51.5561065673828
4.464, -51.5384674072266
4.476, -51.4884948730469
4.488, -51.3863372802734
4.5, -51.2283248901367
4.512, -51.0306282043457
4.524, -50.8263168334961
4.536, -50.6536064147949
4.548, -50.5448341369629
4.56, -50.5191116333008
4.572, -50.5235214233398
4.584, -50.6006889343262
4.596, -50.7697257995605
4.608, -51.0093154907227
4.62, -51.2827110290527
4.632, -51.5516967773438
4.644, -51.7868766784668
4.656, -51.9706115722656
4.668, -52.106575012207
4.68, -52.2072601318359
4.692, -52.2792854309082
4.704, -52.3226470947266
4.716, -52.2734069824219
4.728, -52.1536102294922
4.74, -51.9698753356934
4.752, -51.7354316711426
4.764, -51.4708557128906
4.776, -51.2018699645996
4.788, -50.9424362182617
4.8, -50.7079925537109
4.812, -50.5058822631836
4.824, -50.3427276611328
4.836, -50.2244033813477
4.848, -50.1567878723145
4.86, -50.14208984375
4.872, -50.1435585021973
4.884, -50.1810417175293
4.896, -50.2589454650879
4.908, -50.3581619262695
4.92, -50.4522323608398
4.932, -50.5124969482422
4.944, -50.4786911010742
4.956, -50.3912315368652
4.968, -50.2809944152832
4.98, -50.1744270324707
4.992, -50.0965232849121
5.004, -50.0627174377441
5.016, -50.0627174377441
5.028, -50.0847663879395
5.04, -50.163402557373
5.052, -50.2956924438477
5.064, -50.4669303894043
5.076, -50.6594848632813
5.088, -50.8535079956055
5.1, -51.0291595458984
5.112, -51.1680603027344
5.124, -51.267276763916
5.136, -51.3326873779297
5.148, -51.3745765686035
5.16, -51.4105911254883
5.172, -51.4546852111816
5.184, -51.5112762451172
5.196, -51.5766868591309
5.208, -51.6369514465332
5.22, -51.6766357421875
5.232, -51.6538543701172
5.244, -51.6046142578125
5.256, -51.5553741455078
5.268, -51.5274467468262
5.28, -51.5259742736816
5.292, -51.535530090332
5.304, -51.5825653076172
5.316, -51.6545906066895
5.328, -51.7222023010254
5.34, -51.7214698791504
5.352, -51.6104927062988
5.364, -51.4252891540527
5.376, -51.1842308044434
5.388, -50.9086303710938
5.4, -50.6220016479492
5.412, -50.3486061096191
5.424, -50.1009330749512
5.436, -49.895149230957
5.448, -49.7393455505371
5.46, -49.6386566162109
5.472, -49.5982360839844
5.484, -49.5975036621094
5.496, -49.6188163757324
5.508, -49.696720123291
5.52, -49.8282737731934
5.532, -50.0031852722168
5.544, -50.2119102478027
5.556, -50.4397392272949
5.568, -50.6727142333984
5.58, -50.9042205810547
5.592, -51.1320495605469
5.604, -51.3635559082031
5.616, -51.606819152832
5.628, -51.8684539794922
5.64, -52.1455268859863
5.652, -52.4218635559082
5.664, -52.6651268005371
5.676, -52.8356323242188
5.688, -52.8348960876465
5.7, -52.6592483520508
5.712, -52.392463684082
5.724, -52.0632133483887
5.736, -51.7038307189941
5.748, -51.3356285095215
5.76, -50.982120513916
5.772, -50.662425994873
5.784, -50.3956413269043
5.796, -50.1979446411133
5.808, -50.0810890197754
5.82, -50.0502243041992
5.832, -50.0509567260742
5.844, -50.1024017333984
5.856, -50.2229347229004
5.868, -50.3846206665039
5.88, -50.5514488220215
5.892, -50.6859436035156
5.904, -50.7660522460938
5.916, -50.7638473510742
5.928, -50.7190132141113
5.94, -50.6807975769043
5.952, -50.6690406799316
5.964, -50.6697731018066
5.976, -50.6896171569824
5.988, -50.7329788208008
6.0, -50.7800140380859
6.012, -50.7778091430664
6.024, -50.7065200805664
6.036, -50.5999565124512
6.048, -50.4875106811523
6.06, -50.405933380127
6.072, -50.3860893249512
6.084, -50.389762878418
6.096, -50.4661979675293
6.108, -50.6536064147949
6.12, -50.9549293518066
6.132, -51.3473854064941
6.144, -51.7721786499023
6.156, -52.1550827026367
6.168, -52.4225959777832
6.18, -52.459342956543
6.192, -52.2704658508301
6.204, -52.0125045776367
6.216, -51.7339630126953
6.228, -51.4664459228516
6.24, -51.229061126709
6.252, -51.019603729248
6.264, -50.8255805969238
6.276, -50.6308212280273
6.288, -50.4243049621582
6.3, -50.2030906677246
6.312, -49.9730529785156
6.324, -49.7511024475098
6.336, -49.5556106567383
6.348, -49.4027442932129
6.36, -49.3086700439453
6.372, -49.2844200134277
6.384, -49.285888671875
6.396, -49.3424797058105
6.408, -49.4865264892578
6.42, -49.7253799438477
6.432, -50.0612449645996
6.444, -50.4904479980469
6.456, -50.9953498840332
6.468, -51.5237693786621
6.48, -52.0080947875977
6.492, -52.3638038635254
6.504, -52.4622840881348
6.516, -52.2182846069336
6.528, -51.8427314758301
6.54, -51.3922157287598
6.552, -50.9137725830078
6.564, -50.4492950439453
6.576, -50.0289077758789
6.588, -49.6754035949707
6.6, -49.4034767150879
6.612, -49.2248878479004
6.624, -49.143310546875
6.636, -49.1381683349609
6.648, -49.1580085754395
6.66, -49.2564926147461
6.672, -49.4174423217773
6.684, -49.6144065856934
6.696, -49.818717956543
6.708, -50.0068626403809
6.72, -50.175163269043
6.732, -50.3361129760742
6.744, -50.5147018432617
6.756, -50.7432670593262
6.768, -51.0453262329102
6.78, -51.4230842590332
6.792, -51.8346481323242
6.804, -52.2102012634277
6.816, -52.4505271911621
6.828, -52.2873687744141
6.84, -51.9250450134277
6.852, -51.4620361328125
6.864, -50.960075378418
6.876, -50.4764862060547
6.888, -50.0509567260742
6.9, -49.7055358886719
6.912, -49.4549255371094
6.924, -49.3057327270508
6.936, -49.2631072998047
6.948, -49.2638397216797
6.96, -49.3270454406738
6.972, -49.4938774108887
6.984, -49.7547798156738
6.996, -50.0928497314453
7.008, -50.4808959960938
7.02, -50.8792304992676
7.032, -51.2327346801758
7.044, -51.4951095581055
7.056, -51.6149024963379
7.068, -51.4627723693848
7.08, -51.1996650695801
7.092, -50.8623275756836
7.104, -50.4831008911133
7.116, -50.0972595214844
7.128, -49.7327308654785
7.14, -49.4108276367188
7.152, -49.1477203369141
7.164, -48.9514923095703
7.176, -48.8265533447266
7.188, -48.7684936523438
7.2, -48.7640838623047
7.212, -48.7751083374023
7.224, -48.836841583252
7.236, -48.945613861084
7.248, -49.0940704345703
7.26, -49.2756004333496
7.272, -49.483585357666
7.284, -49.7150917053223
7.296, -49.961296081543
7.308, -50.2141151428223
7.32, -50.4625205993652
7.332, -50.6954956054688
7.344, -50.9034843444824
7.356, -51.0828094482422
7.368, -51.2312660217285
7.38, -51.3495903015137
7.392, -51.4385185241699
7.404, -51.4951095581055
7.416, -51.4951095581055
7.428, -51.426025390625
7.44, -51.304759979248
7.452, -51.1327857971191
7.464, -50.9196510314941
7.476, -50.6822662353516
7.488, -50.4382705688477
7.5, -50.2097053527832
7.512, -50.0127410888672
7.524, -49.8628120422363
7.536, -49.768741607666
7.548, -49.7297897338867
7.56, -49.7283210754395
7.572, -49.7415504455566
7.584, -49.7959365844727
7.596, -49.8811874389648
7.608, -49.9892234802246
7.62, -50.1141624450684
7.632, -50.2567405700684
7.644, -50.4198951721191
7.656, -50.6117134094238
7.668, -50.8395462036133
7.68, -51.107063293457
7.692, -51.4025077819824
7.704, -51.6986846923828
7.716, -51.9492988586426
7.728, -52.0984916687012
7.74, -51.980899810791
7.752, -51.7435150146484
7.764, -51.448070526123
7.776, -51.1548309326172
7.788, -50.9108352661133
7.8, -50.7417984008789
7.812, -50.6558113098145
7.824, -50.6367034912109
7.836, -50.6367034912109
7.848, -50.6528701782227
7.86, -50.6440505981445
7.872, -50.5786437988281
7.884, -50.4757499694824
7.896, -50.3574256896973
7.908, -50.246452331543
7.92, -50.163402557373
7.932, -50.1178359985352
7.944, -50.109016418457
7.956, -50.1104888916016
7.968, -50.1384162902832
7.98, -50.1898612976074
7.992, -50.2545356750488
8.004, -50.3221473693848
8.016, -50.3846206665039
8.028, -50.4360656738281
8.04, -50.4713401794434
8.052, -50.4867744445801
8.064, -50.4691352844238
8.076, -50.4419441223145
8.088, -50.4147529602051
8.1, -50.3985824584961
8.112, -50.3971138000488
8.124, -50.4007873535156
8.136, -50.427978515625
8.148, -50.4801597595215
8.16, -50.553653717041
8.172, -50.6403770446777
8.184, -50.7329788208008
8.196, -50.8233757019043
8.208, -50.9093627929688
8.22, -50.9916763305664
8.232, -51.0710487365723
8.244, -51.1423377990723
8.256, -51.1930503845215
8.268, -51.1827583312988
8.28, -51.1063270568848
8.292, -50.9931449890137
8.304, -50.8615913391113
8.316, -50.7315101623535
8.328, -50.6190643310547
8.34, -50.5330772399902
8.352, -50.4728126525879
8.364, -50.42724609375
8.376, -50.3853530883789
8.388, -50.3412590026855
8.4, -50.2934875488281
8.412, -50.251594543457
8.424, -50.2295455932617
8.436, -50.2288131713867
8.448, -50.2420425415039
8.46, -50.3001022338867
8.472, -50.4051971435547
8.484, -50.5470390319824
8.496, -50.6977005004883
8.508, -50.818229675293
8.52, -50.8490982055664
8.532, -50.734447479248
8.544, -50.5521850585938
8.556, -50.335376739502
8.568, -50.1200408935547
8.58, -49.9355735778809
8.592, -49.8047523498535
8.604, -49.7393455505371
8.616, -49.730525970459
8.628, -49.7371406555176
8.64, -49.7841758728027
8.652, -49.8613433837891
8.664, -49.9473304748535
8.676, -50.0186195373535
8.688, -50.0627174377441
8.7, -50.0700645446777
8.712, -50.0546340942383
8.724, -50.0450782775879
8.736, -50.0450782775879
8.748, -50.0531616210938
8.76, -50.0825614929199
8.772, -50.1340065002441
8.784, -50.2030906677246
8.796, -50.2839317321777
8.808, -50.3684501647949
8.82, -50.4529685974121
8.832, -50.5286674499512
8.844, -50.5896644592285
8.856, -50.6264114379883
8.868, -50.591136932373
8.88, -50.5161743164063
8.892, -50.4140167236328
8.904, -50.301570892334
8.916, -50.2001495361328
8.928, -50.1273918151855
8.94, -50.0943183898926
8.952, -50.091381072998
8.964, -50.0994644165039
8.976, -50.1347389221191
8.988, -50.1839828491211
9.0, -50.2251358032227
9.012, -50.2332229614258
9.024, -50.197208404541
9.036, -50.1442947387695
9.048, -50.087703704834
9.06, -50.0428733825684
9.072, -50.0222969055176
9.084, -50.0215606689453
9.096, -50.0340538024902
9.108, -50.0818252563477
9.12, -50.1663436889648
9.132, -50.2765846252441
9.144, -50.3978462219238
9.156, -50.5102920532227
9.168, -50.5970153808594
9.18, -50.6455230712891
9.192, -50.6315574645996
9.204, -50.5999565124512
9.216, -50.5793762207031
9.228, -50.5779075622559
9.24, -50.591136932373
9.252, -50.6543388366699
9.264, -50.7814826965332
9.276, -50.9799156188965
9.288, -51.2481689453125
9.3, -51.5774192810059
9.312, -51.9537086486816
9.324, -52.3601264953613
9.336, -52.7746315002441
9.348, -53.1744384765625
9.36, -53.5477867126465
9.372, -53.8807106018066
9.384, -54.1688079833984
9.396, -54.4113349914551
9.408, -54.6119728088379
9.42, -54.7765998840332
9.432, -54.9118270874023
9.444, -55.0242729187012
9.456, -55.120548248291
9.468, -55.2043342590332
9.48, -55.2785606384277
9.492, -55.3454399108887
9.504, -55.4071731567383
9.516, -55.4645004272461
9.528, -55.5196189880371
9.54, -55.5732688903809
9.552, -55.6269226074219
9.564, -55.6805725097656
9.576, -55.7349548339844
9.588, -55.7915458679199
9.6, -55.850341796875
9.612, -55.9135475158691
9.624, -55.9796905517578
9.636, -56.0495109558105
9.648, -56.1230049133301
9.66, -56.2009048461914
9.672, -56.2824859619141
9.684, -56.366268157959
9.696, -56.4515190124512
9.708, -56.5367736816406
9.72, -56.6198196411133
9.732, -56.6977233886719
9.744, -56.7712173461914
9.756, -56.8395652770996
9.768, -56.903507232666
9.78, -56.9630355834961
9.792, -57.0196266174316
9.804, -57.0754814147949
9.816, -57.1320724487305
9.828, -57.1901321411133
9.84, -57.2503967285156
9.852, -57.3121299743652
9.864, -57.3760681152344
9.876, -57.441478729248
9.888, -57.508358001709
9.9, -57.5767059326172
9.912, -57.6450576782227
9.924, -57.7163467407227
9.936, -57.7883682250977
9.948, -57.8633346557617
9.96, -57.9390296936035
9.972, -58.0154647827148
9.984, -58.0911636352539
9.996, -58.1653900146484
10.008, -58.2366790771484
10.02, -58.3042945861816
10.032, -58.3675003051758
10.044, -58.4262924194336
10.056, -58.4799461364746
10.068, -58.5291862487793
10.08, -58.5762214660645
10.092, -58.6203155517578
10.104, -58.6644134521484
10.116, -58.7085113525391
10.128, -58.7518692016602
10.14, -58.797435760498
10.152, -58.8452072143555
10.164, -58.8966522216797
10.176, -58.952507019043
10.188, -59.0120391845703
10.2, -59.0767135620117
10.212, -59.1457977294922
10.224, -59.2192916870117
10.236, -59.2957229614258
10.248, -59.3728942871094
10.26, -59.4500617980957
10.272, -59.5264930725098
10.284, -59.6014595031738
10.296, -59.6727447509766
10.308, -59.7396240234375
10.32, -59.8035659790039
10.332, -59.863094329834
10.344, -59.9204216003418
10.356, -59.9755401611328
10.368, -60.0299263000488
10.38, -60.0843124389648
10.392, -60.1401672363281
10.404, -60.1982269287109
10.416, -60.2584915161133
10.428, -60.3194923400879
10.44, -60.3812255859375
10.452, -60.4429588317871
10.464, -60.504695892334
10.476, -60.5664291381836
10.488, -60.6296348571777
10.5, -60.6943092346191
10.512, -60.7633934020996
10.524, -60.8332099914551
10.536, -60.9044990539551
10.548, -60.9757881164551
10.56, -61.0470771789551
10.572, -61.1168975830078
10.584, -61.1830406188965
10.596, -61.2462463378906
10.608, -61.3072471618652
10.62, -61.3645706176758
10.632, -61.4204254150391
10.644, -61.4770164489746
10.656, -61.5328712463379
10.668, -61.5909309387207
10.68, -61.651195526123
10.692, -61.7144012451172
10.704, -61.7805442810059
10.716, -61.8503646850586
10.728, -61.9253273010254
10.74, -62.0024948120117
10.752, -62.0826034545898
10.764, -62.1619758605957
10.776, -62.238410949707
10.788, -62.3111686706543
10.8, -62.3802528381348
10.812, -62.4456634521484
10.824, -62.507396697998
10.836, -62.5669250488281
10.848, -62.6271896362305
10.86, -62.6896591186523
10.872, -62.7543334960938
10.884, -62.8204803466797
10.896, -62.8873596191406
10.908, -62.952766418457
10.92, -63.0167083740234
10.932, -63.0791778564453
10.944, -63.1387062072754
10.956, -63.1982383728027
10.968, -63.2577667236328
10.98, -63.3187675476074
10.992, -63.3834419250488
11.004, -63.451789855957
11.016, -63.5245475769043
11.028, -63.5995140075684
11.04, -63.6796188354492
11.052, -63.7611999511719
11.064, -63.8449821472168
11.076, -63.9317016601563
11.088, -64.0198974609375
11.1, -64.1088256835938
11.112, -64.2006912231445
11.124, -64.2932891845703
11.136, -64.3844223022461
11.148, -64.4740829467773
11.16, -64.5615463256836
11.172, -64.6460647583008
11.184, -64.7247009277344
11.196, -64.8003997802734
11.208, -64.8709487915039
11.22, -64.9363632202148
11.232, -64.9980926513672
11.244, -65.0568923950195
11.256, -65.1127471923828
11.268, -65.1678695678711
11.28, -65.2244567871094
11.292, -65.2795791625977
11.304, -65.3361663818359
11.316, -65.3927536010742
11.328, -65.450080871582
11.34, -65.5066757202148
11.352, -65.5617904663086
11.364, -65.6169128417969
11.376, -65.6705627441406
11.388, -65.7249450683594
11.4, -65.7800674438477
11.412, -65.8373947143555
11.424, -65.8983917236328
11.436, -65.9630661010742
11.448, -66.0328903198242
11.46, -66.1063842773438
11.472, -66.1820755004883
11.484, -66.2585144042969
11.496, -66.3342132568359
11.508, -66.4069671630859
11.52, -66.4767913818359
11.532, -66.5429306030273
11.544, -66.6054000854492
11.556, -66.663459777832
11.568, -66.7185821533203
11.58, -66.7692947387695
11.592, -66.8185348510742
11.604, -66.8663024902344
11.616, -66.9133377075195
11.628, -66.9611129760742
11.64, -67.0110855102539
11.652, -67.0625305175781
11.664, -67.1161804199219
11.676, -67.1727752685547
11.688, -67.2322998046875
11.7, -67.2940368652344
11.712, -67.3579788208008
11.724, -67.4241256713867
11.736, -67.4917373657227
11.748, -67.5593490600586
11.76, -67.6291656494141
11.772, -67.6997222900391
11.784, -67.7717437744141
11.796, -67.8452377319336
11.808, -67.9194717407227
11.82, -67.9951705932617
11.832, -68.0730743408203
11.844, -68.1509704589844
11.856, -68.228874206543
11.868, -68.3053131103516
11.88, -68.3824768066406
11.892, -68.4596481323242
11.904, -68.5375518798828
11.916, -68.6198654174805
11.928, -68.7073211669922
11.94, -68.8006591796875
11.952, -68.9013442993164
11.964, -69.0093765258789
11.976, -69.1240310668945
11.988, -69.2408828735352
12.0, -69.3584747314453
12.012, -69.4738616943359
12.024, -69.583366394043
12.036, -69.6833190917969
12.048, -69.7729797363281
12.06, -69.8516159057617
12.072, -69.9229049682617
12.084, -69.9875793457031
12.096, -70.0485763549805
12.108, -70.1066436767578
12.12, -70.1654357910156
12.132, -70.226432800293
12.144, -70.2889022827148
12.156, -70.3550491333008
12.168, -70.4219284057617
12.18, -70.4917449951172
12.192, -70.5637741088867
12.204, -70.6357955932617
12.216, -70.7070846557617
12.228, -70.7754287719727
12.24, -70.8415756225586
12.252, -70.9047775268555
12.264, -70.9635772705078
12.276, -71.0201644897461
12.288, -71.0767593383789
12.3, -71.1326141357422
12.312, -71.190673828125
12.324, -71.2494659423828
12.336, -71.3082580566406
12.348, -71.3655853271484
12.36, -71.4192352294922
12.372, -71.4662704467773
12.384, -71.5088958740234
12.396, -71.5463790893555
12.408, -71.580924987793
12.42, -71.6162033081055
12.432, -71.6544189453125
12.444, -71.6999816894531
12.456, -71.7514266967773
12.468, -71.8102264404297
12.48, -71.8749008178711
12.492, -71.9461898803711
12.504, -72.0204162597656
12.516, -72.0968475341797
12.528, -72.1754837036133
12.54, -72.2555923461914
12.552, -72.3386459350586
12.564, -72.4231567382813
12.576, -72.508415222168
12.588, -72.5958709716797
12.6, -72.6833267211914
12.612, -72.7715225219727
12.624, -72.8575057983398
12.636, -72.9434967041016
12.648, -73.0287475585938
12.66, -73.1147384643555
12.672, -73.2029266357422
12.684, -73.293327331543
12.696, -73.3881301879883
12.708, -73.4880828857422
12.72, -73.5924453735352
12.732, -73.6982727050781
12.744, -73.8033676147461
12.756, -73.9040603637695
12.768, -73.9973907470703
12.78, -74.0804443359375
12.792, -74.1524658203125
12.804, -74.2134628295898
12.816, -74.2649078369141
12.828, -74.3090057373047
12.84, -74.3501663208008
12.852, -74.3898468017578
12.864, -74.4324798583984
12.876, -74.4809799194336
12.888, -74.5346298217773
12.9, -74.5941619873047
12.912, -74.6581039428711
12.924, -74.7235107421875
12.936, -74.7896575927734
12.948, -74.8557968139648
12.96, -74.9219436645508
12.972, -74.9888229370117
12.984, -75.0564346313477
12.996, -75.1284637451172
13.008, -75.2041625976563
13.02, -75.2842712402344
13.032, -75.368782043457
13.044, -75.4584503173828
13.056, -75.5517883300781
13.068, -75.6465911865234
13.08, -75.7436065673828
13.092, -75.8420867919922
13.104, -75.9405670166016
13.116, -76.0383148193359
13.128, -76.1331176757813
13.14, -76.2220458984375
13.152, -76.3043594360352
13.164, -76.3756484985352
13.176, -76.4351806640625
13.188, -76.4836807250977
13.2, -76.5219039916992
13.212, -76.5535049438477
13.224, -76.5821685791016
13.236, -76.6108245849609
13.248, -76.6416931152344
13.26, -76.6777038574219
13.272, -76.719596862793
13.284, -76.7666320800781
13.296, -76.8180770874023
13.308, -76.8724670410156
13.32, -76.9275894165039
13.332, -76.9827041625977
13.344, -77.0378265380859
13.356, -77.0951538085938
13.368, -77.1561508178711
13.38, -77.2215576171875
13.392, -77.294319152832
13.404, -77.3759002685547
13.416, -77.4655609130859
13.428, -77.5625686645508
13.44, -77.6654586791992
13.452, -77.7727661132813
13.464, -77.8815307617188
13.476, -77.9903030395508
13.488, -78.0961380004883
13.5, -78.1997604370117
13.512, -78.2989807128906
13.524, -78.3945159912109
13.536, -78.4871215820313
13.548, -78.5760498046875
13.56, -78.6627731323242
13.572, -78.7465515136719
13.584, -78.8288650512695
13.596, -78.9082412719727
13.608, -78.9839401245117
13.62, -79.0537567138672
13.632, -79.1169586181641
13.644, -79.1728134155273
13.656, -79.219856262207
13.668, -79.2558670043945
13.68, -79.2801208496094
13.692, -79.2837905883789
13.704, -79.2617416381836
13.716, -79.2249984741211
13.728, -79.1772232055664
13.74, -79.1235733032227
13.752, -79.0699234008789
13.764, -79.0250930786133
13.776, -78.9942245483398
13.788, -78.9861450195313
13.8, -78.9868774414063
13.812, -79.006721496582
13.824, -79.0566940307617
13.836, -79.1390075683594
13.848, -79.2492523193359
13.86, -79.3837432861328
13.872, -79.5336685180664
13.884, -79.6909484863281
13.896, -79.8504257202148
13.908, -80.0040283203125
13.92, -80.149543762207
13.932, -80.2855072021484
13.944, -80.4119186401367
13.956, -80.5317153930664
13.968, -80.644157409668
13.98, -80.7507247924805
13.992, -80.8492050170898
14.004, -80.9403381347656
14.016, -81.0211791992188
14.028, -81.0902633666992
14.04, -81.1505279541016
14.052, -81.2019729614258
14.064, -81.2497482299805
14.076, -81.2975158691406
14.088, -81.3482284545898
14.1, -81.4048156738281
14.112, -81.4694900512695
14.124, -81.5437240600586
14.136, -81.6289749145508
14.148, -81.7259826660156
14.16, -81.8354949951172
14.172, -81.9567565917969
14.184, -82.0912475585938
14.196, -82.2367706298828
14.208, -82.3911056518555
14.22, -82.5513229370117
14.232, -82.718147277832
14.244, -82.8857192993164
14.256, -83.0510787963867
14.268, -83.212760925293
14.28, -83.3648910522461
14.292, -83.5060043334961
14.304, -83.6302032470703
14.316, -83.7345657348633
14.328, -83.8168792724609
14.34, -83.8771438598633
14.352, -83.9175643920898
14.364, -83.9425582885742
14.376, -83.9594573974609
14.388, -83.9763641357422
14.4, -83.9991455078125
14.412, -84.035888671875
14.424, -84.0917434692383
14.436, -84.1703872680664
14.448, -84.2695999145508
14.46, -84.3901290893555
14.472, -84.5312423706055
14.484, -84.6885147094727
14.496, -84.8612289428711
14.508, -85.0478973388672
14.52, -85.2463302612305
14.532, -85.4513778686523
14.544, -85.6542205810547
14.556, -85.8467788696289
14.568, -86.0143432617188
14.58, -86.1451568603516
14.592, -86.2348251342773
14.604, -86.2833251953125
14.616, -86.2877349853516
14.628, -86.2693634033203
14.64, -86.2539291381836
14.652, -86.2495193481445
14.664, -86.2502517700195
14.676, -86.2649536132813
14.688, -86.2980270385742
14.7, -86.3494720458984
14.712, -86.4185562133789
14.724, -86.5052795410156
14.736, -86.6111068725586
14.748, -86.7411956787109
14.76, -86.8970031738281
14.772, -87.0814666748047
14.784, -87.2909240722656
14.796, -87.5209579467773
14.808, -87.7605514526367
14.82, -87.9957275390625
14.832, -88.2176818847656
14.844, -88.4183197021484
14.856, -88.5969085693359
14.868, -88.7578582763672
14.88, -88.9129333496094
14.892, -89.0746154785156
14.904, -89.2539443969727
14.916, -89.4553146362305
14.928, -89.6809387207031
14.94, -89.924201965332
14.952, -90.1770248413086
14.964, -90.4269027709961
14.976, -90.6635513305664
14.988, -90.8832931518555
15.0, -91.0876083374023
15.012, -91.2853088378906
15.024, -91.4822692871094
15.036, -91.6865844726563
15.048, -91.8989791870117
15.06, -92.1128463745117
15.072, -92.3208312988281
15.084, -92.5082397460938
15.096, -92.6640472412109
15.108, -92.778694152832
15.12, -92.8514556884766
15.132, -92.8867340087891
15.144, -92.8764419555664
15.156, -92.8514556884766
15.168, -92.8264694213867
15.18, -92.8051528930664
15.192, -92.7941284179688
15.204, -92.7919235229492
15.216, -92.7933959960938
15.228, -92.8044204711914
15.24, -92.8227920532227
15.252, -92.8463134765625
15.264, -92.8705673217773
15.276, -92.8940811157227
15.288, -92.915397644043
15.3, -92.9337692260742
15.312, -92.954345703125
15.324, -92.9837417602539
15.336, -93.0307769775391
15.348, -93.09765625
15.36, -93.1851196289063
15.372, -93.2850646972656
15.384, -93.3761978149414
15.396, -93.3997192382813
15.408, -93.2762451171875
15.42, -93.0484161376953
15.432, -92.7309265136719
15.444, -92.3590469360352
15.456, -91.9695281982422
15.468, -91.5969161987305
15.48, -91.2698745727539
15.492, -91.0089721679688
15.504, -90.8171539306641
15.516, -90.6944198608398
15.528, -90.6304779052734
15.54, -90.6113662719727
15.552, -90.6113662719727
15.564, -90.6231307983398
15.576, -90.6525268554688
15.588, -90.6944198608398
15.6, -90.7502746582031
15.612, -90.8259735107422
15.624, -90.9325332641602
15.636, -91.0780563354492
15.648, -91.2654647827148
15.66, -91.494026184082
15.672, -91.7564010620117
15.684, -92.0364074707031
15.696, -92.3164215087891
15.708, -92.5765914916992
15.72, -92.8036880493164
15.732, -92.992561340332
15.744, -93.1424865722656
15.756, -93.2564086914063
15.768, -93.3372497558594
15.78, -93.3776702880859
15.792, -93.3240203857422
15.804, -93.2167205810547
15.816, -93.058708190918
15.828, -92.8632125854492
15.84, -92.6493453979492
15.852, -92.4354782104492
15.864, -92.239990234375
15.876, -92.0775680541992
15.888, -91.9599761962891
15.9, -91.8901596069336
15.912, -91.8688430786133
15.924, -91.8688430786133
15.936, -91.8916244506836
15.948, -91.9489517211914
15.96, -92.026123046875
15.972, -92.1076965332031
15.984, -92.1775207519531
15.996, -92.2223510742188
16.008, -92.2164688110352
16.02, -92.1709060668945
16.032, -92.1113739013672
16.044, -92.0496368408203
16.056, -91.9989318847656
16.068, -91.9702682495117
16.08, -91.9673233032227
16.092, -91.9717330932617
16.104, -92.0077514648438
16.116, -92.0783004760742
16.128, -92.1804580688477
16.14, -92.3061294555664
16.152, -92.4457702636719
16.164, -92.5861434936523
16.176, -92.7162246704102
16.188, -92.8286743164063
16.2, -92.921272277832
16.212, -92.9955062866211
16.224, -93.059440612793
16.236, -93.1211776733398
16.248, -93.1873245239258
16.26, -93.2586135864258
16.272, -93.3254928588867
16.284, -93.3703231811523
16.296, -93.3093185424805
16.308, -93.1748275756836
16.32, -92.9719848632813
16.332, -92.7162246704102
16.344, -92.4318084716797
16.356, -92.1429748535156
16.368, -91.8717880249023
16.38, -91.632926940918
16.392, -91.4389038085938
16.404, -91.2933883666992
16.416, -91.1941757202148
16.428, -91.1339111328125
16.44, -91.1015701293945
16.452, -91.0824661254883
16.464, -91.0589447021484
16.476, -91.0185241699219
16.488, -90.9531173706055
16.5, -90.8612442016602
16.512, -90.7480697631836
16.524, -90.6297454833984
16.536, -90.5195007324219
16.548, -90.4327774047852
16.56, -90.3820648193359
16.572, -90.3703079223633
16.584, -90.3717803955078
16.596, -90.4033813476563
16.608, -90.4731979370117
16.62, -90.5731506347656
16.632, -90.6966247558594
16.644, -90.8325881958008
16.656, -90.9758987426758
16.668, -91.1236190795898
16.68, -91.2713394165039
16.692, -91.417594909668
16.704, -91.5557632446289
16.716, -91.6807022094727
16.728, -91.7828598022461
16.74, -91.8526763916016
16.752, -91.8776626586914
16.764, -91.8372421264648
16.776, -91.7725677490234
16.788, -91.6939315795898
16.8, -91.6108856201172
16.812, -91.527099609375
16.824, -91.4455184936523
16.836, -91.3624725341797
16.848, -91.2728118896484
16.86, -91.17138671875
16.872, -91.0560073852539
16.884, -90.9303283691406
16.896, -90.7987747192383
16.908, -90.6708984375
16.92, -90.5555114746094
16.932, -90.4599685668945
16.944, -90.3857421875
16.956, -90.3328247070313
16.968, -90.2975540161133
16.98, -90.2725601196289
16.992, -90.2490463256836
17.004, -90.2211151123047
17.016, -90.1865768432617
17.028, -90.1446838378906
17.04, -90.1005859375
17.052, -90.0586929321289
17.064, -90.0263595581055
17.076, -90.0087203979492
17.088, -90.0072479248047
17.1, -90.0116577148438
17.112, -90.0359115600586
17.124, -90.0829467773438
17.136, -90.1512985229492
17.148, -90.2380218505859
17.16, -90.3365020751953
17.172, -90.4401321411133
17.184, -90.5422821044922
17.196, -90.636360168457
17.208, -90.7172012329102
17.22, -90.7840805053711
17.232, -90.8377304077148
17.244, -90.884033203125
17.256, -90.9318008422852
17.268, -90.989860534668
17.28, -91.064826965332
17.292, -91.1603698730469
17.304, -91.2735443115234
17.316, -91.3955459594727
17.328, -91.5138702392578
17.34, -91.6108856201172
17.352, -91.6711502075195
17.364, -91.6417465209961
17.376, -91.560173034668
17.388, -91.4514007568359
17.4, -91.3360137939453
17.412, -91.2353286743164
17.424, -91.1662445068359
17.436, -91.137580871582
17.448, -91.136848449707
17.46, -91.1522827148438
17.472, -91.203727722168
17.484, -91.2764892578125
17.496, -91.346305847168
17.508, -91.3911361694336
17.52, -91.3418960571289
17.532, -91.2390060424805
17.544, -91.0949554443359
17.556, -90.9273910522461
17.568, -90.7539443969727
17.58, -90.5871124267578
17.592, -90.4379272460938
17.604, -90.3115158081055
17.616, -90.205680847168
17.628, -90.1182250976563
17.64, -90.0447311401367
17.652, -89.9815292358398
17.664, -89.9271392822266
17.676, -89.8823089599609
17.688, -89.851448059082
17.7, -89.8382186889648
17.712, -89.8382186889648
17.724, -89.847770690918
17.736, -89.8801040649414
17.748, -89.9359588623047
17.76, -90.0079879760742
17.772, -90.0895614624023
17.784, -90.1696701049805
17.796, -90.2365493774414
17.808, -90.281379699707
17.82, -90.3034286499023
17.832, -90.3056335449219
17.844, -90.3063735961914
17.856, -90.3166580200195
17.868, -90.3600234985352
17.88, -90.4540939331055
17.892, -90.6150436401367
17.904, -90.848014831543
17.916, -91.1581649780273
17.928, -91.5359191894531
17.94, -91.9607086181641
17.952, -92.4082870483398
17.964, -92.8507232666016
17.976, -93.2622833251953
17.988, -93.634162902832
18.0, -93.9597396850586
18.012, -94.2448959350586
18.024, -94.5006561279297
18.036, -94.738037109375
18.048, -94.9658660888672
18.06, -95.1892852783203
18.072, -95.414176940918
18.084, -95.6383361816406
18.096, -95.8573455810547
18.108, -96.0668029785156
18.12, -96.2608261108398
18.132, -96.4401473999023
18.144, -96.6113891601563
18.156, -96.7929229736328
18.168, -97.0104598999023
18.18, -97.2956161499023
18.192, -97.6851348876953
18.204, -98.2201690673828
18.216, -98.9323196411133
18.228, -99.8620147705078
18.24, -101.034973144531
18.252, -102.462219238281
18.264, -104.100395202637
18.276, -105.793685913086
18.288, -107.312065124512
18.3, -108.428436279297
18.312, -109.096488952637
18.324, -109.415451049805
18.336, -109.478660583496
18.348, -109.398551940918
18.36, -109.339019775391
18.372, -109.336814880371
18.384, -109.372093200684
18.396, -109.58228302002
18.408, -110.010749816895
18.42, -110.546524047852
18.432, -110.477439880371
18.444, -109.436767578125
18.456, -107.970565795898
18.468, -106.337539672852
18.48, -104.733177185059
18.492, -103.272857666016
18.504, -102.01390838623
18.516, -100.983528137207
18.528, -100.189064025879
18.54, -99.6202239990234
