% Measurement ID: 2800
% Mode ID: 1
% Date and time: 2020-06-04 12:40:14
% Sample ID: TOT54-56
% Measurement type: ringdown
% Frequency [Hz]: 288129.0
% Quality factor: 23923905.72177832
% Temperature [K]: 293.0
% Pressure [mBar]: 3.2e-07
% Notes: 
% 
%
% measurement data
% time [s], power [dBm]
0.0, 4.715602
0.32643524699599463, 4.617945
0.6528704939919893, 4.520289
0.979305740987984, 4.422633
1.3057409879839785, 4.324977
1.632176234979973, 4.222438
1.958611481975968, 4.119898
2.2850467289719623, 4.012477
2.611481975967957, 3.91482
2.937917222963952, 3.812281
3.264352469959946, 3.709742
3.590787716955941, 3.612086
3.917222963951936, 3.51443
4.24365821094793, 3.407008
4.5700934579439245, 3.299586
4.89652870493992, 3.20193
5.222963951935914, 3.094508
5.5493991989319085, 2.996852
5.875834445927904, 2.899195
6.202269692923898, 2.791773
6.528704939919892, 2.694117
6.855140186915888, 2.586695
7.181575433911882, 2.489039
7.508010680907876, 2.381617
7.834445927903872, 2.274195
8.160881174899865, 2.171656
8.48731642189586, 2.069117
8.813751668891856, 1.961695
9.140186915887849, 1.859156
9.466622162883844, 1.746852
9.79305740987984, 1.649195
10.119492656875833, 1.541773
10.445927903871828, 1.434352
10.772363150867823, 1.336695
11.098798397863817, 1.229273
11.425233644859812, 1.131617
11.751668891855807, 1.024195
12.078104138851801, 0.9265391
12.404539385847796, 0.8191172
12.730974632843791, 0.7116953
13.057409879839785, 0.6091563
13.38384512683578, 0.4968516
13.710280373831775, 0.3991953
14.036715620827769, 0.2917734
14.363150867823764, 0.1843516
14.68958611481976, 0.07692969
15.016021361815753, -0.02072656
15.342456608811748, -0.1281484
15.668891855807743, -0.2355703
15.995327102803737, -0.3429922
16.32176234979973, -0.4406484
16.648197596795725, -0.5480703
16.97463284379172, -0.6554922
17.301068090787716, -0.7629141
17.62750333778371, -0.8654531
17.953938584779706, -0.9777578
18.280373831775698, -1.08518
18.606809078771693, -1.182836
18.93324432576769, -1.295141
19.259679572763684, -1.407445
19.58611481975968, -1.505102
19.912550066755674, -1.612523
20.238985313751666, -1.724828
20.56542056074766, -1.827367
20.891855807743656, -1.934789
21.21829105473965, -2.042211
21.544726301735647, -2.149633
21.87116154873164, -2.257055
22.197596795727634, -2.364477
22.52403204272363, -2.467016
22.850467289719624, -2.569555
23.17690253671562, -2.676977
23.503337783711615, -2.784398
23.829773030707607, -2.89182
24.156208277703602, -2.999242
24.482643524699597, -3.106664
24.809078771695592, -3.20432
25.135514018691588, -3.311742
25.461949265687583, -3.419164
25.788384512683574, -3.51682
26.11481975967957, -3.624242
26.441255006675565, -3.731664
26.76769025367156, -3.839086
27.094125500667555, -3.936742
27.42056074766355, -4.044164
27.746995994659542, -4.151586
28.073431241655538, -4.259008
28.399866488651533, -4.36643
28.726301735647528, -4.464086
29.052736982643523, -4.571508
29.37917222963952, -4.67893
29.70560747663551, -4.791234
30.032042723631506, -4.99143
30.3584779706275, -5.294164
30.684913217623496, -6.749242
31.01134846461949, -11.85178
31.337783711615486, -16.051
31.664218958611478, -8.917211
31.990654205607473, -5.635961
32.31708945260347, -5.631078
32.64352469959946, -5.733617
32.96995994659546, -5.875219
33.29639519359145, -6.007055
33.62283044058745, -6.402562
33.94926568758344, -7.037328
34.27570093457943, -8.594945
34.60213618157543, -11.12424
34.92857142857142, -9.293187
35.25500667556742, -8.907445
35.581441922563414, -9.405492
35.90787716955941, -7.257055
36.234312416555404, -6.968969
36.560747663551396, -7.032445
36.887182910547395, -7.14475
37.21361815754339, -7.252172
37.540053404539385, -7.359594
37.86648865153538, -7.467016
38.19292389853137, -7.57932
38.51935914552737, -7.686742
38.84579439252336, -7.794164
39.17222963951936, -7.901586
39.49866488651535, -8.009008
39.82510013351135, -8.11643
40.15153538050734, -8.223852
40.47797062750333, -8.331273
40.80440587449933, -8.438695
41.13084112149532, -8.551
41.45727636849132, -8.653539
41.78371161548731, -8.770727
42.110146862483305, -8.868383
42.4365821094793, -8.975805
42.763017356475295, -9.083227
43.089452603471294, -9.190648
43.415887850467286, -9.307836
43.74232309746328, -9.415258
44.068758344459276, -9.52268
44.39519359145527, -9.630102
44.72162883845127, -9.737523
45.04806408544726, -9.83518
45.37449933244326, -9.942602
45.70093457943925, -10.05002
46.02736982643524, -10.15745
46.35380507343124, -10.26975
46.68024032042723, -10.38205
47.00667556742323, -10.48948
47.33311081441922, -10.60666
47.65954606141521, -10.70432
47.98598130841121, -10.82151
48.312416555407204, -10.9387
48.6388518024032, -11.03635
48.965287049399194, -11.15354
49.29172229639519, -11.2512
49.618157543391185, -11.35862
49.944592790387176, -11.4758
50.271028037383175, -11.58323
50.59746328437917, -11.69065
50.923898531375166, -11.79807
51.25033377837116, -11.90549
51.57676902536715, -12.01291
51.90320427236315, -12.1301
52.22963951935914, -12.23752
52.55607476635514, -12.34495
52.88251001335113, -12.45237
53.20894526034712, -12.55002
53.53538050734312, -12.65745
53.86181575433911, -12.7551
54.18825100133511, -12.85764
54.5146862483311, -12.96018
54.8411214953271, -13.0676
55.16755674232309, -13.17502
55.493991989319085, -13.28245
55.82042723631508, -13.38987
56.146862483311075, -13.49729
56.473297730307074, -13.61448
56.799732977303066, -13.71702
57.12616822429906, -13.82932
57.452603471295056, -13.92698
57.77903871829105, -14.02463
58.10547396528705, -14.14182
58.43190921228304, -14.25901
58.75834445927904, -14.36643
59.08477970627503, -14.47385
59.41121495327102, -14.59104
59.73765020026702, -14.71799
60.06408544726301, -14.83518
60.39052069425901, -14.95237
60.716955941255, -15.04026
61.04339118825099, -15.14768
61.36982643524699, -15.2551
61.696261682242984, -15.36252
62.02269692923898, -15.46995
62.349132176234974, -15.57737
62.67556742323097, -15.68479
63.002002670226965, -15.79221
63.328437917222956, -15.88987
63.654873164218955, -16.00217
63.98130841121495, -16.10471
64.30774365821094, -16.21213
64.63417890520694, -16.30979
64.96061415220294, -16.41721
65.28704939919892, -16.52463
65.61348464619492, -16.63205
65.93991989319092, -16.73948
66.26635514018692, -16.84202
66.5927903871829, -16.96409
66.9192256341789, -17.08127
67.2456608811749, -17.1887
67.57209612817088, -17.29612
67.89853137516688, -17.40354
68.22496662216288, -17.51096
68.55140186915887, -17.60373
68.87783711615486, -17.70627
69.20427236315086, -17.8137
69.53070761014686, -17.91135
69.85714285714285, -18.00901
70.18357810413885, -18.1262
70.51001335113484, -18.24338
70.83644859813083, -18.3508
71.16288384512683, -18.45823
71.48931909212283, -18.54612
71.81575433911883, -18.64377
72.14218958611481, -18.74143
72.46862483311081, -18.84885
72.79506008010681, -18.95627
73.12149532710279, -19.05393
73.44793057409879, -19.16135
73.77436582109479, -19.26877
74.10080106809077, -19.38596
74.42723631508677, -19.50315
74.75367156208277, -19.61545
75.08010680907877, -19.72776
75.40654205607476, -19.83518
75.73297730307075, -19.9426
76.05941255006675, -20.05491
76.38584779706274, -20.15745
76.71228304405874, -20.25998
77.03871829105474, -20.36252
77.36515353805073, -20.46995
77.69158878504672, -20.57737
78.01802403204272, -20.68479
78.34445927903872, -20.80198
78.6708945260347, -20.91916
78.9973297730307, -21.05588
79.3237650200267, -21.20237
79.6502002670227, -21.27073
79.97663551401868, -21.38791
80.30307076101468, -21.50998
80.62950600801068, -21.61741
80.95594125500666, -22.02756
81.28237650200266, -22.69651
81.60881174899866, -24.19065
81.93524699599465, -25.26975
82.26168224299064, -25.7678
82.58811748998664, -28.1262
82.91455273698264, -32.24729
83.24098798397863, -32.90647
83.56742323097463, -28.74143
83.89385847797062, -28.96604
84.22029372496661, -30.50901
84.54672897196261, -25.51389
84.8731642189586, -23.76096
85.1995994659546, -23.15549
85.52603471295059, -23.2092
85.85246995994659, -23.26291
86.17890520694259, -23.38987
86.50534045393857, -23.48264
86.83177570093457, -23.59983
87.15821094793057, -23.80491
87.48464619492655, -24.12229
87.81108144192255, -24.80588
88.13751668891855, -26.41721
88.46395193591455, -27.13987
88.79038718291054, -28.78537
89.11682242990653, -24.61057
89.44325767690253, -24.53733
89.76969292389852, -24.63498
90.09612817089452, -24.7717
90.42256341789052, -25.11838
90.74899866488651, -26.30002
91.0754339118825, -28.41428
91.4018691588785, -30.24045
91.7283044058745, -30.50901
92.05473965287048, -26.3928
92.38117489986648, -25.57737
92.70761014686248, -25.65061
93.03404539385848, -25.77268
93.36048064085446, -25.86545
93.68691588785046, -25.96311
94.01335113484646, -26.05588
94.33978638184244, -26.16819
94.66622162883844, -26.35373
94.99265687583444, -27.12522
95.31909212283043, -30.98752
95.64552736982643, -30.15745
95.97196261682242, -26.83225
96.29839786381842, -26.83225
96.62483311081441, -26.92502
96.9512683578104, -26.99338
97.2777036048064, -27.07639
97.60413885180239, -27.16428
97.93057409879839, -27.30588
98.25700934579439, -27.38401
98.58344459279039, -27.49631
98.90987983978637, -27.75022
99.23631508678237, -27.8967
99.56275033377837, -28.53147
99.88918558077435, -31.27073
100.21562082777035, -31.09006
100.54205607476635, -30.46018
100.86849132176233, -30.4553
101.19492656875833, -30.9387
101.52136181575433, -33.78049
101.84779706275033, -35.65061
102.17423230974632, -35.17209
102.50066755674231, -35.92893
102.82710280373831, -30.09885
103.1535380507343, -29.1467
103.4799732977303, -29.16623
103.8064085447263, -29.31272
104.1328437917223, -29.38596
104.45927903871828, -29.46409
104.78571428571428, -29.55686
105.11214953271028, -29.64475
105.43858477970626, -29.73752
105.76502002670226, -29.84495
106.09145527369826, -29.93772
106.41789052069424, -30.01584
106.74432576769024, -30.07932
107.07076101468624, -30.11838
107.39719626168224, -30.20627
107.72363150867822, -30.29905
108.05006675567422, -30.426
108.37650200267022, -30.49436
108.7029372496662, -30.61643
109.0293724966622, -30.7678
109.3558077436582, -30.80686
109.6822429906542, -30.95334
110.00867823765019, -31.05588
110.33511348464619, -31.24143
110.66154873164218, -31.41721
110.98798397863817, -31.54905
111.31441922563417, -31.62717
111.64085447263017, -31.72971
111.96728971962617, -31.74436
112.29372496662215, -31.8176
112.62016021361815, -32.06663
112.94659546061415, -32.1887
113.27303070761013, -32.29123
113.59946595460613, -32.40842
113.92590120160213, -32.53538
114.25233644859811, -32.62815
114.57877169559411, -32.76975
114.90520694259011, -32.80881
115.23164218958611, -32.90647
115.5580774365821, -33.06272
115.8845126835781, -33.18967
116.2109479305741, -33.32639
116.53738317757008, -33.44358
116.86381842456608, -33.61936
117.19025367156208, -33.73655
117.51668891855807, -33.92698
117.84312416555406, -34.02463
118.16955941255006, -34.18088
118.49599465954606, -34.3469
118.82242990654204, -34.56663
119.14886515353804, -34.76682
119.47530040053404, -34.9133
119.80173564753002, -34.93284
120.12817089452602, -35.09397
120.45460614152202, -35.17209
120.78104138851802, -35.25022
121.107476635514, -35.31858
121.43391188251, -35.41623
121.760347129506, -35.57737
122.08678237650199, -35.60178
122.41321762349799, -35.75803
122.73965287049398, -35.88987
123.06608811748998, -36.12913
123.39252336448597, -36.2219
123.71895861148197, -36.35862
124.04539385847796, -36.48069
124.37182910547395, -36.58811
124.69826435246995, -36.61741
125.02469959946595, -36.81272
125.35113484646195, -36.92991
125.67757009345793, -36.94944
126.00400534045393, -37.08616
126.33044058744993, -37.10569
126.65687583444591, -37.1008
126.98331108144191, -37.18381
127.30974632843791, -37.23264
127.6361815754339, -37.38401
127.9626168224299, -37.59397
128.28905206942588, -37.80393
128.61548731642188, -37.83811
128.94192256341788, -37.91135
129.26835781041387, -38.04807
129.59479305740987, -38.25315
129.92122830440587, -38.38987
130.24766355140187, -38.50705
130.57409879839784, -38.6633
130.90053404539384, -38.73655
131.22696929238984, -38.85373
131.55340453938584, -38.85862
131.87983978638184, -38.96116
132.20627503337784, -39.08811
132.53271028037383, -39.19553
132.8591455273698, -39.29319
133.1855807743658, -39.41038
133.5120160213618, -39.56174
133.8384512683578, -39.76682
134.1648865153538, -39.93772
134.4913217623498, -40.00608
134.8177570093458, -40.19163
135.14419225634177, -40.26975
135.47062750333777, -40.18674
135.79706275033377, -40.34299
136.12349799732976, -40.29416
136.44993324432576, -40.24534
136.77636849132176, -40.32346
137.10280373831773, -40.35276
137.42923898531373, -40.49436
137.75567423230973, -40.46018
138.08210947930573, -40.6262
138.40854472630173, -40.82151
138.73497997329773, -41.03147
139.06141522029372, -41.26584
139.3878504672897, -41.23166
139.7142857142857, -41.54905
140.0407209612817, -41.51487
140.3671562082777, -41.41721
140.6935914552737, -41.47092
141.0200267022697, -41.58323
141.3464619492657, -41.84202
141.67289719626166, -41.92991
141.99933244325766, -42.05686
142.32576769025366, -41.89084
142.65220293724965, -42.03733
142.97863818424565, -42.24729
143.30507343124165, -42.68186
143.63150867823765, -42.82834
143.95794392523362, -42.83323
144.28437917222962, -43.2092
144.61081441922562, -43.26291
144.93724966622162, -43.51682
145.26368491321762, -43.60471
145.59012016021362, -43.84397
145.91655540720961, -43.96116
146.24299065420558, -44.08323
146.56942590120158, -44.38108
146.89586114819758, -44.49338
147.22229639519358, -44.56663
147.54873164218958, -44.48362
147.87516688918558, -44.43967
148.20160213618155, -44.49338
148.52803738317755, -44.52268
148.85447263017355, -44.79612
149.18090787716955, -45.04026
149.50734312416554, -45.0842
149.83377837116154, -45.2258
150.16021361815754, -45.37717
150.4866488651535, -46.06077
150.8130841121495, -46.18284
151.1395193591455, -46.23655
151.4659546061415, -46.3928
151.7923898531375, -46.5344
152.1188251001335, -46.68577
152.4452603471295, -46.54416
152.77169559412548, -46.61252
153.09813084112147, -46.71018
153.42456608811747, -46.79319
153.75100133511347, -47.29612
154.07743658210947, -47.67209
154.40387182910547, -47.73069
154.73030707610147, -47.71604
155.05674232309744, -48.17014
155.38317757009344, -48.60471
155.70961281708944, -48.81467
156.03604806408543, -48.90745
156.36248331108143, -49.29319
156.68891855807743, -49.53733
157.01535380507343, -49.92795
157.3417890520694, -49.78147
157.6682242990654, -50.0012
157.9946595460614, -50.10862
158.3210947930574, -50.55784
158.6475300400534, -50.18186
158.9739652870494, -50.46506
159.3004005340454, -50.69455
159.62683578104136, -51.12913
159.95327102803736, -51.5344
160.27970627503336, -51.59788
160.60614152202936, -50.93381
160.93257676902536, -51.00217
161.25901201602136, -50.92893
161.58544726301733, -50.7678
161.91188251001333, -50.99729
162.23831775700933, -51.56858
162.56475300400533, -51.68577
162.89118825100132, -51.80295
163.21762349799732, -51.97385
163.54405874499332, -51.87131
163.8704939919893, -52.30588
164.1969292389853, -52.69651
164.5233644859813, -52.91623
164.8497997329773, -53.29221
165.1762349799733, -53.39963
165.5026702269693, -52.62815
165.82910547396529, -51.97385
166.15554072096126, -51.62717
166.48197596795725, -50.92405
166.80841121495325, -50.95823
167.13484646194925, -51.79319
167.46128170894525, -51.97385
167.78771695594125, -52.0178
168.11415220293725, -51.75901
168.44058744993322, -51.82248
168.76702269692922, -51.7883
169.09345794392522, -51.98362
169.41989319092121, -52.2717
169.7463284379172, -53.18479
170.0727636849132, -53.33127
170.3991989319092, -53.62913
170.72563417890518, -53.80002
171.05206942590118, -53.6926
171.37850467289718, -54.48362
171.70493991989318, -54.18577
172.03137516688918, -54.40061
172.35781041388518, -54.35666
172.68424566088117, -54.40549
173.01068090787714, -54.89866
173.33711615487314, -54.39084
173.66355140186914, -53.34592
173.98998664886514, -53.47288
174.31642189586114, -54.52756
174.64285714285714, -54.95237
174.9692923898531, -54.47385
175.2957276368491, -54.22483
175.6221628838451, -54.50315
175.9485981308411, -54.12717
176.2750333778371, -53.42405
176.6014686248331, -65.69175
176.9279038718291, -65.76341
177.25433911882507, -65.83562
177.58077436582107, -65.90839
177.90720961281707, -65.9817
178.23364485981307, -66.05557
178.56008010680907, -66.12999
178.88651535380507, -66.20497
179.21295060080107, -66.28049
179.53938584779704, -66.35049
179.86582109479303, -66.42072
180.19225634178903, -66.49118
180.51869158878503, -66.56187
180.84512683578103, -66.63279
181.17156208277703, -66.70395
181.49799732977303, -66.77534
181.824432576769, -66.84696
182.150867823765, -66.91881
182.477303070761, -66.99089
182.803738317757, -67.06321
183.130173564753, -67.13576
183.456608811749, -67.20854
183.783044058745, -67.28155
184.10947930574096, -67.35479
184.43591455273696, -67.42827
184.76234979973296, -67.50198
185.08878504672896, -67.57592
185.41522029372496, -67.65009
185.74165554072096, -67.72449
186.06809078771695, -67.79913
186.39452603471292, -67.874
186.72096128170892, -67.9491
187.04739652870492, -68.02443
187.37383177570092, -68.09999
187.70026702269692, -68.17579
188.02670226969292, -68.25182
188.3531375166889, -68.32808
188.6795727636849, -68.40457
189.0060080106809, -68.48129
189.33244325767689, -68.55825
189.65887850467288, -68.63544
189.98531375166888, -68.71286
190.31174899866488, -68.79051
190.63818424566085, -68.86839
190.96461949265685, -68.94651
191.29105473965285, -69.04035
191.61748998664885, -69.13526
191.94392523364485, -69.23125
192.27036048064085, -69.3283
192.59679572763685, -69.42642
192.92323097463282, -69.52561
193.24966622162881, -69.62587
193.5761014686248, -69.72721
193.9025367156208, -69.82961
194.2289719626168, -69.93308
194.5554072096128, -70.03762
194.8818424566088, -70.14323
195.20827770360478, -70.2499
195.53471295060078, -70.35765
195.86114819759678, -70.46647
196.18758344459278, -70.57636
196.51401869158877, -70.68732
196.84045393858477, -70.79934
197.16688918558077, -70.91244
197.49332443257674, -71.02661
197.81975967957274, -71.14184
198.14619492656874, -71.25815
198.47263017356474, -71.37552
198.79906542056074, -71.49397
199.12550066755674, -71.61348
199.4519359145527, -71.73406
199.7783711615487, -71.85572
200.1048064085447, -71.97844
200.4312416555407, -72.10223
200.7576769025367, -72.22709
201.0841121495327, -72.35303
201.4105473965287, -72.48003
201.73698264352467, -72.6081
202.06341789052067, -72.73724
202.38985313751667, -72.86745
202.71628838451267, -72.99873
203.04272363150866, -73.13108
203.36915887850466, -73.23564
203.69559412550066, -73.33974
204.02202937249663, -73.4434
204.34846461949263, -73.54661
204.67489986648863, -73.64937
205.00133511348463, -73.75168
205.32777036048063, -73.85355
205.65420560747663, -73.95496
205.98064085447263, -74.05592
206.3070761014686, -74.15643
206.6335113484646, -74.2565
206.9599465954606, -74.35611
207.2863818424566, -74.45528
207.6128170894526, -74.55399
207.9392523364486, -74.65226
208.2656875834446, -74.75007
208.59212283044056, -74.84744
208.91855807743656, -74.94436
209.24499332443256, -75.04083
209.57142857142856, -75.13685
209.89786381842455, -75.23242
210.22429906542055, -75.32754
210.55073431241655, -75.42221
210.87716955941252, -75.51643
211.20360480640852, -75.6102
211.53004005340452, -75.70352
211.85647530040052, -75.7964
212.18291054739652, -75.88882
212.50934579439252, -75.9808
212.8357810413885, -76.07232
213.16221628838449, -76.1634
213.48865153538048, -76.25402
213.81508678237648, -76.3442
214.14152202937248, -76.43393
214.46795727636848, -76.52321
214.79439252336448, -76.61203
215.12082777036045, -76.70041
215.44726301735645, -76.7891
215.77369826435245, -76.87737
216.10013351134845, -76.96524
216.42656875834444, -77.0527
216.75300400534044, -77.13974
217.07943925233644, -77.22638
217.4058744993324, -77.31261
217.7323097463284, -77.39842
218.0587449933244, -77.48383
218.3851802403204, -77.56883
218.7116154873164, -77.65342
219.0380507343124, -77.7376
219.3644859813084, -77.82136
219.69092122830438, -77.90472
220.01735647530037, -77.98767
220.34379172229637, -78.07021
220.67022696929237, -78.15234
220.99666221628837, -78.23406
221.32309746328437, -78.31538
221.64953271028037, -78.39628
221.97596795727634, -78.47677
222.30240320427234, -78.55685
222.62883845126834, -78.63652
222.95527369826434, -78.71579
223.28170894526033, -78.79464
223.60814419225633, -78.87308
223.93457943925233, -78.95112
224.2610146862483, -79.02874
224.5874499332443, -79.10595
224.9138851802403, -79.18276
225.2403204272363, -79.25915
225.5667556742323, -79.33514
225.8931909212283, -79.41072
226.21962616822427, -79.48588
226.54606141522027, -79.56064
226.87249666221626, -79.63498
227.19893190921226, -79.68575
227.52536715620826, -79.73486
227.85180240320426, -79.7823
228.17823765020026, -79.82808
228.50467289719623, -79.8722
228.83110814419223, -79.91466
229.15754339118823, -79.95546
229.48397863818423, -79.99459
229.81041388518022, -80.03206
230.13684913217622, -80.06787
230.46328437917222, -80.10202
230.7897196261682, -80.1345
231.1161548731642, -80.16533
231.4425901201602, -80.19449
231.7690253671562, -80.22199
232.0954606141522, -80.24782
232.4218958611482, -80.272
232.74833110814419, -80.29451
233.07476635514016, -80.31536
233.40120160213615, -80.33455
233.72763684913215, -80.35208
234.05407209612815, -80.36794
234.38050734312415, -80.38215
234.70694259012015, -80.39469
235.03337783711615, -80.40557
235.35981308411212, -80.41478
235.68624833110812, -80.42234
236.01268357810412, -80.42823
236.33911882510012, -80.43246
236.6655540720961, -80.43503
236.9919893190921, -80.43593
237.3184245660881, -80.43518
237.64485981308408, -80.43276
237.97129506008008, -80.42868
238.29773030707608, -80.42294
238.62416555407208, -80.41553
238.95060080106808, -80.40647
239.27703604806408, -80.39398
239.60347129506005, -80.37973
239.92990654205605, -80.36373
240.25634178905204, -80.34598
240.58277703604804, -80.32647
240.90921228304404, -80.3052
241.23564753004004, -80.28218
241.56208277703604, -80.25741
241.888518024032, -80.23088
242.214953271028, -80.2026
242.541388518024, -80.17256
242.86782376502, -80.14076
243.194259012016, -80.10722
243.520694259012, -80.07191
243.847129506008, -80.03485
244.17356475300397, -79.99604
244.5, -79.95547
