% Measurement ID: 3826
% Mode ID: S
% Date and time: 2020-12-05 09:34:20
% Sample ID: DP68-54
% Measurement type: ringdown
% Frequency [Hz]: 1070425.9
% Quality factor: 309059905.29749554
% Temperature [K]: 293.0
% Pressure [mBar]: 6.7e-09
% Notes: 
% 
%
% measurement data
% time [s], power [dBm]
0.5, -92.2561950683594
1.0, -92.3024978637695
1.5, -92.4509582519531
2.0, -92.6119079589844
2.5, -92.7765350341797
3.0, -92.833122253418
3.5, -93.1462097167969
4.0, -92.6964263916016
4.5, -93.0183258056641
5.0, -93.2961349487305
5.5, -93.5291061401367
6.0, -93.6841812133789
6.5, -93.7246017456055
7.0, -93.5614471435547
7.5, -93.8083877563477
8.0, -93.4945678710938
8.5, -93.6327362060547
9.0, -93.7922134399414
9.5, -93.5202865600586
10.0, -94.0597305297852
10.5, -94.0024108886719
11.0, -94.1280822753906
11.5, -94.0171051025391
12.0, -93.8811416625977
12.5, -93.6349411010742
13.0, -94.0817794799805
13.5, -94.0442962646484
14.0, -94.2126007080078
14.5, -94.1956939697266
15.0, -94.6653213500977
15.5, -94.9828109741211
16.0, -95.1128997802734
16.5, -94.6829605102539
17.0, -94.7557144165039
17.5, -94.8542022705078
18.0, -94.7329330444336
18.5, -94.7094192504883
19.0, -94.2530212402344
19.5, -94.8078994750977
20.0, -94.978401184082
20.5, -95.0041275024414
21.0, -94.9093170166016
21.5, -95.1893310546875
22.0, -95.3502807617188
22.5, -95.3135375976563
23.0, -95.0629196166992
23.5, -95.5501861572266
24.0, -95.5303421020508
24.5, -95.6846771240234
25.0, -95.4619903564453
25.5, -95.4884490966797
26.0, -95.6229400634766
26.5, -96.1579742431641
27.0, -95.7596435546875
27.5, -95.2370986938477
28.0, -95.8647384643555
28.5, -95.2547378540039
29.0, -96.0793380737305
29.5, -95.9566040039063
30.0, -95.7809524536133
30.5, -95.8823776245117
31.0, -95.7442092895508
31.5, -95.939697265625
32.0, -95.761848449707
32.5, -95.1018753051758
33.0, -95.7434692382813
33.5, -95.5229873657227
34.0, -95.9117736816406
34.5, -95.7941818237305
35.0, -95.7148132324219
35.5, -96.2865905761719
36.0, -95.8654708862305
36.5, -95.8750228881836
37.0, -96.0065765380859
37.5, -96.1609191894531
38.0, -96.4519500732422
38.5, -96.828239440918
39.0, -96.3740463256836
39.5, -96.2858581542969
40.0, -96.65185546875
40.5, -96.6231918334961
41.0, -95.9139785766602
41.5, -106.019355773926
42.0, -90.1726531982422
42.5, -96.6614074707031
43.0, -96.7510681152344
43.5, -96.5570449829102
44.0, -96.975959777832
44.5, -96.7591552734375
45.0, -97.0523910522461
45.5, -97.15234375
46.0, -97.4375
46.5, -97.1618957519531
47.0, -96.9891891479492
47.5, -97.0185852050781
48.0, -97.1957092285156
48.5, -97.683708190918
49.0, -96.8414688110352
49.5, -97.2199630737305
50.0, -97.0986938476563
50.5, -97.2067337036133
51.0, -98.0254516601563
51.5, -97.974739074707
52.0, -98.0629348754883
52.5, -98.3201599121094
53.0, -98.541374206543
53.5, -98.0996780395508
54.0, -97.9387283325195
54.5, -98.3164825439453
55.0, -98.5318222045898
55.5, -97.9519577026367
56.0, -97.6476898193359
56.5, -97.6293182373047
57.0, -97.5176086425781
57.5, -97.6278457641602
58.0, -97.5323104858398
58.5, -98.0372085571289
59.0, -97.0928192138672
59.5, -97.7189788818359
60.0, -98.3223648071289
60.5, -97.7197189331055
61.0, -98.2789993286133
61.5, -98.1944885253906
62.0, -97.9909057617188
62.5, -98.1908111572266
63.0, -97.7660140991211
63.5, -98.2584228515625
64.0, -98.974250793457
64.5, -99.3593597412109
65.0, -99.0536270141602
65.5, -99.0014419555664
66.0, -99.0977249145508
66.5, -99.2248687744141
67.0, -43.7019691467285
67.5, -43.7431259155273
68.0, -43.7828102111816
68.5, -43.8276405334473
69.0, -43.8820266723633
69.5, -43.9297981262207
70.0, -43.9761009216309
70.5, -44.0121116638184
71.0, -44.0510635375977
71.5, -44.0966300964355
72.0, -44.1260261535645
72.5, -44.1899642944336
73.0, -44.2252426147461
73.5, -44.2774238586426
74.0, -44.3266639709473
74.5, -44.3678207397461
75.0, -44.4222068786621
75.5, -44.4648323059082
76.0, -44.5148086547852
76.5, -44.5706634521484
77.0, -44.6059417724609
77.5, -44.6478309631348
78.0, -44.6948661804199
78.5, -44.7470474243164
79.0, -44.791145324707
79.5, -44.8300971984863
80.0, -44.8653717041016
80.5, -44.9160842895508
81.0, -44.9616508483887
81.5, -45.0116233825684
82.0, -45.0505752563477
82.5, -45.093936920166
83.0, -45.143913269043
83.5, -45.1894798278809
84.0, -45.2387199401855
84.5, -45.2835502624512
85.0, -45.3401412963867
85.5, -45.3864440917969
86.0, -45.4408264160156
86.5, -45.4974174499512
87.0, -45.5415153503418
87.5, -45.5834045410156
88.0, -45.6333808898926
88.5, -45.6693916320801
89.0, -45.7134895324707
89.5, -45.7561149597168
90.0, -45.7913932800293
90.5, -45.8465118408203
91.0, -45.8906097412109
91.5, -45.9251518249512
92.0, -45.9780654907227
92.5, -46.0251007080078
93.0, -46.0772819519043
93.5, -46.1177062988281
94.0, -46.1566543579102
94.5, -46.2007522583008
95.0, -46.2455825805664
95.5, -46.2882080078125
96.0, -46.3374519348145
96.5, -46.3837509155273
97.0, -46.4227027893066
97.5, -46.4668006896973
98.0, -46.5050163269043
98.5, -46.5513153076172
99.0, -46.5968818664551
99.5, -46.6431846618652
100.0, -46.6865463256836
100.5, -46.735050201416
101.0, -46.7828216552734
101.5, -46.8364715576172
102.0, -46.8827743530273
102.5, -46.9121704101563
103.0, -46.9562683105469
103.5, -46.998893737793
104.0, -47.053279876709
104.5, -47.1069297790527
105.0, -47.1524963378906
105.5, -47.1987953186035
106.0, -47.2399520874023
106.5, -47.2950744628906
107.0, -47.339168548584
107.5, -47.3832664489746
108.0, -47.426628112793
108.5, -47.4780731201172
109.0, -47.5229034423828
109.5, -47.5625915527344
110.0, -47.6133003234863
110.5, -47.6640090942383
111.0, -47.6985511779785
111.5, -47.7602882385254
112.0, -47.805118560791
112.5, -47.8683242797852
113.0, -47.913890838623
113.5, -47.9565162658691
114.0, -48.0109024047852
114.5, -48.0667572021484
115.0, -48.1123237609863
115.5, -48.1468658447266
116.0, -48.1939010620117
116.5, -48.2402000427246
117.0, -48.2945861816406
117.5, -48.3350067138672
118.0, -48.3827781677246
118.5, -48.4459838867188
119.0, -48.497428894043
119.5, -48.5466690063477
120.0, -48.5973815917969
120.5, -48.6488265991211
121.0, -48.6914520263672
121.5, -48.7443656921387
122.0, -48.7862586975098
122.5, -48.8340301513672
123.0, -48.8773918151855
123.5, -48.9317779541016
124.0, -48.9611740112305
124.5, -49.0280532836914
125.0, -49.0743522644043
125.5, -49.127269744873
126.0, -49.1676902770996
126.5, -49.2161979675293
127.0, -49.2669067382813
127.5, -49.3117370605469
128.0, -49.3653907775879
128.5, -49.4116897583008
129.0, -49.4668083190918
129.5, -49.5123748779297
130.0, -49.5652923583984
130.5, -49.6189422607422
131.0, -49.6703872680664
131.5, -49.7196273803711
132.0, -49.7541694641113
132.5, -49.7938575744629
133.0, -49.8386878967285
133.5, -49.8791084289551
134.0, -49.9224700927734
134.5, -49.9952278137207
135.0, -50.0459403991699
135.5, -50.0995903015137
136.0, -50.1444206237793
136.5, -50.1966018676758
137.0, -50.2605400085449
137.5, -50.3134574890137
138.0, -50.3597564697266
138.5, -50.3994445800781
139.0, -50.4398651123047
139.5, -50.4817581176758
140.0, -50.5486373901367
140.5, -50.5868530273438
141.0, -50.6206588745117
141.5, -50.6676979064941
142.0, -50.7220802307129
142.5, -50.7720565795898
143.0, -50.7999839782715
143.5, -50.8470191955566
144.0, -50.8999366760254
144.5, -50.9506454467773
145.0, -50.9859237670898
145.5, -51.0454521179199
146.0, -51.0792617797852
146.5, -51.1285018920898
147.0, -51.1953811645508
147.5, -51.2321281433105
148.0, -51.296802520752
148.5, -51.3431015014648
149.0, -51.3916091918945
149.5, -51.4496688842773
150.0, -51.494499206543
150.5, -51.5555000305176
151.0, -51.6098861694336
151.5, -51.6466331481934
152.0, -51.712776184082
152.5, -51.7605476379395
153.0, -51.8105239868164
153.5, -51.8516807556152
154.0, -51.9185600280762
154.5, -51.9744148254395
155.0, -52.0295333862305
155.5, -52.0670166015625
156.0, -52.1169929504395
156.5, -52.1831359863281
157.0, -52.2448692321777
157.5, -52.279411315918
158.0, -52.3587837219238
158.5, -52.4153747558594
159.0, -52.4668197631836
159.5, -52.5190010070801
160.0, -52.5653038024902
160.5, -52.618953704834
161.0, -52.6681938171387
161.5, -52.7203750610352
162.0, -52.7754936218262
162.5, -52.8159141540527
163.0, -52.8754463195801
163.5, -52.9173355102539
164.0, -52.976131439209
164.5, -53.0224342346191
165.0, -53.068733215332
165.5, -53.1076850891113
166.0, -53.1716232299805
166.5, -53.2127799987793
167.0, -53.2480583190918
167.5, -53.3105278015137
168.0, -53.3810806274414
168.5, -53.4531059265137
169.0, -53.5030822753906
169.5, -53.5354194641113
170.0, -53.5920104980469
170.5, -53.6493339538574
171.0, -53.706657409668
171.5, -53.7507553100586
172.0, -53.7977905273438
172.5, -53.836742401123
173.0, -53.8955383300781
173.5, -53.9506568908691
174.0, -53.9815254211426
174.5, -54.0050430297852
175.0, -54.0616340637207
175.5, -54.117488861084
176.0, -54.1748123168945
176.5, -54.222583770752
177.0, -54.2541847229004
177.5, -54.3247413635254
178.0, -54.3666305541992
178.5, -54.4254264831543
179.0, -54.478343963623
179.5, -54.5341987609863
180.0, -54.5885810852051
180.5, -54.6348838806152
181.0, -54.6907386779785
181.5, -54.7326316833496
182.0, -54.7781944274902
182.5, -54.8186187744141
183.0, -54.8472785949707
183.5, -54.8957862854004
184.0, -54.9347381591797
184.5, -54.9832420349121
185.0, -55.0383644104004
185.5, -55.0846633911133
186.0, -55.1508102416992
186.5, -55.2367973327637
187.0, -55.2713394165039
187.5, -55.3271942138672
188.0, -55.3734931945801
188.5, -55.4212646484375
189.0, -55.4491920471191
189.5, -55.4881439208984
190.0, -55.544734954834
190.5, -55.582218170166
191.0, -55.6263122558594
191.5, -55.6740837097168
192.0, -55.7270011901855
192.5, -55.7394943237305
193.0, -55.7784461975098
193.5, -55.8159255981445
194.0, -55.8592872619629
194.5, -55.9129371643066
195.0, -55.9614448547363
195.5, -56.0253829956055
196.0, -56.0937309265137
196.5, -56.137092590332
197.0, -56.1973571777344
197.5, -56.2348403930664
198.0, -56.2715873718262
198.5, -56.3267059326172
199.0, -56.3590431213379
199.5, -56.4149017333984
200.0, -56.4516448974609
200.5, -56.5185241699219
201.0, -56.5971641540527
201.5, -56.6566925048828
202.0, -56.6971168518066
202.5, -56.7309226989746
203.0, -56.7808990478516
203.5, -56.8051528930664
204.0, -56.845573425293
204.5, -56.8948135375977
205.0, -56.9469947814941
205.5, -56.9734535217285
206.0, -57.0006446838379
206.5, -57.0616455078125
207.0, -57.1167640686035
207.5, -57.1468963623047
208.0, -57.1998138427734
208.5, -57.240966796875
209.0, -57.2762451171875
209.5, -57.3218116760254
210.0, -57.3739929199219
210.5, -57.4019203186035
211.0, -57.4607162475586
211.5, -57.5165710449219
212.0, -57.5790405273438
212.5, -57.6422424316406
213.0, -57.684871673584
213.5, -57.7370491027832
214.0, -57.777473449707
214.5, -57.7936401367188
215.0, -57.8561096191406
215.5, -57.933277130127
216.0, -57.9531211853027
216.5, -58.0008926391602
217.0, -58.0501327514648
217.5, -58.1008453369141
218.0, -58.130241394043
218.5, -58.1816864013672
219.0, -58.2213745117188
219.5, -58.2669410705566
220.0, -58.3139762878418
220.5, -58.3735046386719
221.0, -58.4403839111328
221.5, -58.5057945251465
222.0, -58.5469512939453
222.5, -58.5756149291992
223.0, -58.6402893066406
223.5, -58.6939392089844
224.0, -58.776985168457
224.5, -58.8137321472168
225.0, -58.8747329711914
225.5, -58.9416122436523
226.0, -58.9702758789063
226.5, -59.0349502563477
227.0, -59.0900688171387
227.5, -59.1481285095215
228.0, -59.2076568603516
228.5, -59.2833557128906
229.0, -59.3156929016113
229.5, -59.3766937255859
230.0, -59.4494514465332
230.5, -59.4964904785156
231.0, -59.578067779541
231.5, -59.6170196533203
232.0, -59.6265716552734
232.5, -59.6684646606445
233.0, -59.7110900878906
233.5, -59.7904624938965
234.0, -59.8404388427734
234.5, -59.9278945922852
235.0, -59.9815483093262
235.5, -60.006534576416
236.0, -60.0859069824219
236.5, -60.132209777832
237.0, -60.186595916748
237.5, -60.2115821838379
238.0, -60.2093772888184
238.5, -60.2865447998047
239.0, -60.3365211486816
239.5, -60.4056053161621
240.0, -60.4526405334473
240.5, -60.523193359375
241.0, -60.5503883361816
241.5, -60.6099166870117
242.0, -60.6554832458496
242.5, -60.6959037780762
243.0, -60.7392654418945
243.5, -60.7833633422852
244.0, -60.8274574279785
244.5, -60.8774337768555
245.0, -60.929615020752
245.5, -60.9795913696289
246.0, -61.0398559570313
246.5, -61.1045303344727
247.0, -61.1625900268555
247.5, -61.2537231445313
248.0, -61.3161926269531
248.5, -61.3367691040039
249.0, -61.3757209777832
249.5, -61.4117317199707
250.0, -61.4771423339844
250.5, -61.5131530761719
251.0, -61.5770950317383
251.5, -61.6336822509766
252.0, -61.6990928649902
252.5, -61.7439231872559
253.0, -61.7630348205566
253.5, -61.8504905700684
254.0, -61.8835639953613
254.5, -61.9452972412109
255.0, -61.9923324584961
255.5, -62.0276107788086
256.0, -62.0180549621582
256.5, -62.1180076599121
257.0, -62.2010536193848
257.5, -62.2598495483398
258.0, -62.3201141357422
258.5, -62.3502464294434
259.0, -62.4097785949707
259.5, -62.4296188354492
260.0, -62.4604873657227
260.5, -62.5016441345215
261.0, -62.5479469299316
261.5, -62.5971870422363
262.0, -62.6692085266113
262.5, -62.7463798522949
263.0, -62.7750396728516
263.5, -62.8691139221191
264.0, -62.910270690918
264.5, -62.931583404541
265.0, -62.9712677001953
265.5, -63.0168342590332
266.0, -63.0785675048828
266.5, -63.1050262451172
267.0, -63.1226654052734
267.5, -63.2101211547852
268.0, -63.2255554199219
268.5, -63.2983169555664
269.0, -63.3718070983887
269.5, -63.4137001037598
270.0, -63.485725402832
270.5, -63.4960136413574
271.0, -63.5393753051758
271.5, -63.5761222839355
272.0, -63.5922889709473
272.5, -63.6554946899414
273.0, -63.7642631530762
273.5, -63.7973365783691
274.0, -63.9053726196289
274.5, -63.9457931518555
275.0, -64.0288391113281
275.5, -64.0810241699219
276.0, -64.128791809082
276.5, -64.1817092895508
277.0, -64.2302169799805
277.5, -64.3117904663086
278.0, -64.3485412597656
278.5, -64.4426116943359
279.0, -64.5043487548828
279.5, -64.5734329223633
280.0, -64.6219329833984
280.5, -64.6564788818359
281.0, -64.7189483642578
281.5, -64.80419921875
282.0, -64.8600540161133
282.5, -64.8674011230469
283.0, -64.9063568115234
283.5, -64.9430999755859
284.0, -65.0033645629883
284.5, -65.0798034667969
285.0, -65.1356582641602
285.5, -65.2304611206055
286.0, -65.2752914428711
286.5, -65.3267364501953
287.0, -65.3972930908203
287.5, -65.4303665161133
288.0, -65.4626998901367
288.5, -65.4928359985352
289.0, -65.5310516357422
289.5, -65.6236572265625
290.0, -65.6508483886719
290.5, -65.7236022949219
291.0, -65.8000411987305
291.5, -65.8786773681641
292.0, -65.9712829589844
292.5, -66.0117034912109
293.0, -66.0925445556641
293.5, -66.198371887207
294.0, -66.2704010009766
294.5, -66.3681488037109
295.0, -66.4217987060547
295.5, -66.5195388793945
296.0, -66.5974426269531
296.5, -66.6804962158203
297.0, -66.7282638549805
297.5, -66.7922058105469
298.0, -66.8340911865234
298.5, -66.8612899780273
299.0, -66.9355163574219
299.5, -67.0082778930664
300.0, -67.0362014770508
300.5, -67.0457534790039
301.0, -67.1773071289063
301.5, -67.2331619262695
302.0, -67.2787322998047
302.5, -67.2948989868164
303.0, -67.3654556274414
303.5, -67.3926467895508
304.0, -67.4940643310547
304.5, -67.5682983398438
305.0, -67.6741256713867
305.5, -67.7057266235352
306.0, -67.7439498901367
306.5, -67.8416900634766
307.0, -67.9357681274414
307.5, -67.9930877685547
308.0, -68.0504150390625
308.5, -68.1327285766602
309.0, -68.1878509521484
309.5, -68.2378234863281
310.0, -68.2988204956055
310.5, -68.3546752929688
311.0, -68.3796691894531
311.5, -68.4149398803711
312.0, -68.4678573608398
312.5, -68.5509033203125
313.0, -68.5729522705078
313.5, -68.6126403808594
314.0, -68.6802520751953
314.5, -68.7515411376953
315.0, -68.8243026733398
315.5, -68.8830947875977
316.0, -68.9279327392578
316.5, -69.0411071777344
317.0, -69.08447265625
317.5, -69.1050491333008
318.0, -69.1998519897461
318.5, -69.2821655273438
319.0, -69.3821182250977
319.5, -69.5224914550781
320.0, -69.5335159301758
320.5, -69.5981903076172
321.0, -69.6342010498047
321.5, -69.6775665283203
322.0, -69.6827087402344
322.5, -69.7620849609375
323.0, -69.8076477050781
323.5, -69.9164199829102
324.0, -69.9311141967773
324.5, -70.0090179443359
325.0, -70.0670776367188
325.5, -70.1126480102539
326.0, -70.1993713378906
326.5, -70.2405242919922
327.0, -70.2772750854492
327.5, -70.3706130981445
328.0, -70.4316101074219
328.5, -70.4911422729492
329.0, -70.5374374389648
329.5, -70.5918273925781
330.0, -70.6381225585938
330.5, -70.6131362915039
331.0, -70.7233810424805
331.5, -70.7740859985352
332.0, -70.8637542724609
332.5, -70.9166641235352
333.0, -71.0019226074219
333.5, -71.0761489868164
334.0, -71.1349411010742
334.5, -71.1599273681641
335.0, -71.188591003418
335.5, -71.188591003418
336.0, -71.2922210693359
336.5, -71.3047103881836
337.0, -71.3546905517578
337.5, -71.4693374633789
338.0, -71.5700225830078
338.5, -71.5928115844727
339.0, -71.65380859375
339.5, -71.7427368164063
340.0, -71.7537612915039
340.5, -71.833869934082
341.0, -71.9654235839844
341.5, -72.0036392211914
342.0, -72.044792175293
342.5, -72.1440124511719
343.0, -72.1925201416016
343.5, -72.2865905761719
344.0, -72.4100570678711
344.5, -72.4931030273438
345.0, -72.5754165649414
345.5, -72.6731643676758
346.0, -72.6672897338867
346.5, -72.8047180175781
347.0, -72.723876953125
347.5, -72.8436737060547
348.0, -72.9017333984375
348.5, -72.903938293457
349.0, -72.9811019897461
349.5, -72.9803695678711
350.0, -73.0972213745117
350.5, -73.1119232177734
351.0, -73.2059936523438
351.5, -73.2581787109375
352.0, -73.3154983520508
352.5, -73.3118286132813
353.0, -73.4213333129883
353.5, -73.3875274658203
354.0, -73.4639587402344
354.5, -73.5168762207031
355.0, -73.4610137939453
355.5, -73.5124664306641
356.0, -73.5565567016602
356.5, -73.6778259277344
357.0, -73.6932601928711
357.5, -73.6984024047852
358.0, -73.7491149902344
358.5, -73.8226089477539
359.0, -73.902717590332
359.5, -74.0100173950195
360.0, -74.0335311889648
360.5, -74.0702819824219
361.0, -74.1342163085938
361.5, -74.2385787963867
362.0, -74.3892440795898
362.5, -74.5288772583008
363.0, -74.6273651123047
363.5, -74.651611328125
364.0, -74.6949768066406
364.5, -74.7383346557617
365.0, -74.7721405029297
365.5, -74.7692031860352
366.0, -74.9095764160156
366.5, -74.9874801635742
367.0, -75.0646514892578
367.5, -75.1432876586914
368.0, -75.2086944580078
368.5, -75.2028198242188
369.0, -75.3909606933594
369.5, -75.4210968017578
370.0, -75.4585723876953
370.5, -75.5203094482422
371.0, -75.615852355957
371.5, -75.720947265625
372.0, -75.8179550170898
372.5, -75.8172225952148
373.0, -75.9634780883789
373.5, -75.9891967773438
374.0, -76.0163879394531
374.5, -76.1442718505859
375.0, -76.2096786499023
375.5, -76.2633285522461
376.0, -76.2853775024414
376.5, -76.3346176147461
377.0, -76.4433898925781
377.5, -76.3456420898438
378.0, -76.4691162109375
378.5, -76.6058120727539
379.0, -76.7307510375977
379.5, -76.8667144775391
380.0, -76.9424133300781
380.5, -77.0034103393555
381.0, -77.1614227294922
381.5, -77.1915588378906
382.0, -77.2158050537109
382.5, -77.2136001586914
383.0, -77.3429489135742
383.5, -77.3605880737305
384.0, -77.4237976074219
384.5, -77.4627456665039
385.0, -77.5024337768555
385.5, -77.4936141967773
386.0, -77.5994415283203
386.5, -77.6993942260742
387.0, -77.6516265869141
387.5, -77.6457443237305
388.0, -77.7118911743164
388.5, -77.7354049682617
389.0, -77.8757781982422
389.5, -77.9691162109375
390.0, -78.1491775512695
390.5, -78.2116470336914
391.0, -78.2741165161133
391.5, -78.3725967407227
392.0, -78.2630920410156
392.5, -78.4144897460938
393.0, -78.4262466430664
393.5, -78.4505004882813
394.0, -78.4607925415039
394.5, -78.4174270629883
395.0, -78.4644622802734
395.5, -78.5585403442383
396.0, -78.6930313110352
396.5, -78.6210098266602
397.0, -78.7951889038086
397.5, -78.8775024414063
398.0, -78.9473190307617
398.5, -79.0149307250977
399.0, -79.1758804321289
399.5, -79.5117492675781
400.0, -79.4573669433594
400.5, -79.4889678955078
401.0, -79.5631942749023
401.5, -79.4066543579102
402.0, -79.3956298828125
402.5, -79.4125366210938
403.0, -79.468391418457
403.5, -79.5558471679688
404.0, -79.5778961181641
404.5, -79.6749038696289
405.0, -79.8094024658203
405.5, -79.9218444824219
406.0, -79.8049926757813
406.5, -79.9872512817383
407.0, -79.9159622192383
407.5, -80.0798568725586
408.0, -80.1011657714844
408.5, -80.0600128173828
409.0, -80.1731948852539
409.5, -80.3084182739258
410.0, -80.3716278076172
410.5, -80.3826522827148
411.0, -80.35986328125
411.5, -80.4465866088867
412.0, -80.5612411499023
412.5, -80.6281204223633
413.0, -80.7449722290039
413.5, -80.85888671875
414.0, -80.8610916137695
414.5, -80.891960144043
415.0, -80.64501953125
415.5, -80.9162139892578
416.0, -81.039680480957
416.5, -81.105094909668
417.0, -81.0742263793945
417.5, -81.1587448120117
418.0, -81.3557052612305
418.5, -81.3652572631836
419.0, -81.6467437744141
419.5, -81.681282043457
420.0, -81.7988739013672
420.5, -81.9642333984375
421.0, -81.786376953125
421.5, -81.9451217651367
422.0, -82.0560989379883
422.5, -81.9804000854492
423.0, -82.1869201660156
423.5, -82.2045593261719
424.0, -82.2876052856445
424.5, -82.0832901000977
425.0, -82.461784362793
425.5, -82.3860855102539
426.0, -82.5198440551758
426.5, -82.461784362793
427.0, -82.5191116333008
427.5, -82.6440505981445
428.0, -82.6940231323242
428.5, -82.5977478027344
429.0, -82.5022048950195
429.5, -82.466194152832
430.0, -82.6910858154297
430.5, -82.6293487548828
431.0, -82.6844711303711
431.5, -82.5536499023438
432.0, -82.8704071044922
432.5, -82.9549255371094
433.0, -82.9078903198242
433.5, -82.8740844726563
434.0, -83.0886840820313
434.5, -83.1180801391602
435.0, -83.1114654541016
435.5, -83.2613983154297
436.0, -83.212890625
436.5, -83.603141784668
437.0, -83.5075988769531
437.5, -83.6318054199219
438.0, -83.7956924438477
438.5, -83.7339630126953
439.0, -83.7618865966797
439.5, -83.7589492797852
440.0, -83.8846206665039
440.5, -83.8089218139648
441.0, -83.816276550293
441.5, -83.8618392944336
442.0, -83.9213714599609
442.5, -84.2278366088867
443.0, -84.0830535888672
443.5, -84.2638473510742
444.0, -84.0389556884766
444.5, -84.2248992919922
445.0, -84.3564529418945
445.5, -84.392463684082
446.0, -84.3321990966797
446.5, -84.677619934082
447.0, -84.6665954589844
447.5, -84.5953063964844
448.0, -84.6871719360352
448.5, -84.7084884643555
449.0, -84.7334747314453
449.5, -84.8018264770508
450.0, -84.8642959594727
450.5, -84.9289703369141
451.0, -84.9289703369141
451.5, -85.0722808837891
452.0, -85.2339630126953
452.5, -85.3581695556641
453.0, -85.3596420288086
453.5, -85.4463653564453
454.0, -85.5735092163086
454.5, -85.7932510375977
455.0, -85.6330337524414
455.5, -85.6955032348633
456.0, -85.6675796508789
456.5, -85.8549880981445
457.0, -85.8167724609375
457.5, -85.8968811035156
458.0, -85.8880615234375
458.5, -86.0526809692383
459.0, -86.175422668457
459.5, -86.2569961547852
460.0, -86.3753204345703
460.5, -86.3738555908203
461.0, -86.4348526000977
461.5, -86.2856597900391
462.0, -86.3848724365234
462.5, -86.2930068969727
463.0, -86.4774780273438
463.5, -86.5105514526367
464.0, -86.5318603515625
464.5, -86.6141738891602
465.0, -86.8714065551758
465.5, -86.7369079589844
466.0, -86.8015823364258
466.5, -86.9287261962891
467.0, -87.0882110595703
467.5, -86.9728240966797
468.0, -87.1212844848633
468.5, -87.351318359375
469.0, -87.4497985839844
469.5, -87.5901718139648
470.0, -87.7739028930664
470.5, -87.9326553344727
471.0, -87.8731231689453
471.5, -87.8143310546875
472.0, -87.9429397583008
472.5, -87.7320175170898
473.0, -87.9311828613281
473.5, -88.0193710327148
474.0, -88.4720993041992
474.5, -88.1972274780273
475.0, -88.6036529541016
475.5, -88.740348815918
476.0, -88.8601455688477
476.5, -88.84912109375
477.0, -88.954216003418
477.5, -88.7690124511719
478.0, -89.0820922851563
478.5, -89.3900299072266
479.0, -89.4076690673828
479.5, -89.4804306030273
480.0, -89.491455078125
480.5, -89.5943450927734
481.0, -89.4319229125977
481.5, -89.6612243652344
482.0, -89.5737686157227
482.5, -89.6957626342773
483.0, -89.6950302124023
483.5, -89.4921875
484.0, -90.1051254272461
484.5, -90.0367736816406
485.0, -90.0331039428711
485.5, -89.7744064331055
486.0, -89.9625473022461
486.5, -90.1764144897461
487.0, -90.3682327270508
487.5, -90.4659805297852
488.0, -90.7731781005859
488.5, -90.9120864868164
489.0, -90.7452545166016
489.5, -90.7540740966797
490.0, -90.7224731445313
490.5, -91.0693588256836
491.0, -91.171516418457
491.5, -91.3684768676758
492.0, -91.3258514404297
492.5, -91.167106628418
493.0, -91.1641693115234
493.5, -90.6026763916016
494.0, -91.4434432983398
494.5, -91.4397659301758
495.0, -91.6404037475586
495.5, -91.7065505981445
496.0, -91.950553894043
496.5, -91.6565780639648
497.0, -92.0005264282227
497.5, -92.1063537597656
498.0, -92.4914627075195
498.5, -92.6781387329102
499.0, -92.2945022583008
