% Measurement ID: 3791
% Mode ID: S
% Date and time: 2021-01-18 13:45:02
% Sample ID: DP78-83
% Measurement type: ringdown
% Frequency [Hz]: 1416243.1
% Quality factor: 169937639.73360425
% Temperature [K]: 293.0
% Pressure [mBar]: 4.76e-08
% Notes: 
% No bandgap
%
% measurement data
% time [s], power [dBm]
0.3, -53.3443069458008
0.6, -53.4154052734375
0.9, -53.4742736816406
1.2, -53.5331382751465
1.5, -53.5996513366699
1.8, -53.6493453979492
2.1, -53.7005653381348
2.4, -53.776252746582
2.7, -53.8404731750488
3.0, -53.9123344421387
3.3, -53.9819068908691
3.6, -54.043830871582
3.9, -54.1149291992188
4.2, -54.1860313415527
4.5, -54.2487182617188
4.8, -54.3052940368652
5.1, -54.3542213439941
5.4, -54.4192047119141
5.7, -54.4880104064941
6.0, -54.5331153869629
6.3, -54.6141548156738
6.6, -54.6860198974609
6.9, -54.7769966125488
7.2, -54.8557395935059
7.5, -54.9253082275391
7.8, -54.9711799621582
8.1, -55.0331039428711
8.4, -55.0996170043945
8.7, -55.179126739502
9.0, -55.2441101074219
9.3, -55.3182678222656
9.6, -55.3886032104492
9.9, -55.4543495178223
10.2, -55.5330924987793
10.5, -55.6187171936035
10.8, -55.6989936828613
11.1, -55.7601509094238
11.4, -55.8465423583984
11.7, -55.8855323791504
12.0, -55.9275817871094
12.3, -55.9719200134277
12.6, -56.0567817687988
12.9, -56.1768112182617
13.2, -56.2517318725586
13.5, -56.3327713012695
13.8, -56.3901062011719
14.1, -56.4734382629395
14.4, -56.6454544067383
14.7, -56.6989707946777
15.0, -56.7478981018066
15.3, -56.8319931030273
15.6, -56.9359664916992
15.9, -56.9795455932617
16.2, -57.0139465332031
16.5, -57.0774002075195
16.8, -57.1026306152344
17.1, -57.2593536376953
17.4, -57.2830543518066
17.7, -57.3235740661621
18.0, -57.4191360473633
18.3, -57.4695930480957
18.6, -57.5728034973145
18.9, -57.6117935180664
19.2, -57.6783027648926
19.5, -57.7440528869629
19.8, -57.7731018066406
20.1, -57.7983322143555
20.4, -57.8770751953125
20.7, -57.9711112976074
21.0, -58.0230979919434
21.3, -58.0758476257324
21.6, -58.1630020141602
21.9, -58.253978729248
22.2, -58.2555084228516
22.5, -58.3602447509766
22.8, -58.4443435668945
23.1, -58.4978561401367
23.4, -58.5597839355469
23.7, -58.6561126708984
24.0, -58.7195663452148
24.3, -58.7692565917969
24.6, -58.8434143066406
24.9, -58.9512100219727
25.2, -58.9794960021973
25.5, -59.0574760437012
25.8, -59.1476898193359
26.1, -59.1767425537109
26.4, -59.216495513916
26.7, -59.3181762695313
27.0, -59.3900375366211
27.3, -59.4152679443359
27.6, -59.5008926391602
27.9, -59.5773429870605
28.2, -59.6293296813965
28.5, -59.7432403564453
28.8, -59.7990493774414
29.1, -59.8388061523438
29.4, -59.9190788269043
29.7, -59.9626541137695
30.0, -60.022289276123
30.3, -60.0895652770996
30.6, -60.1484298706055
30.9, -60.2325286865234
31.2, -60.3296203613281
31.5, -60.3724327087402
31.8, -60.4534721374512
32.1, -60.5497970581055
32.4, -60.5796127319336
32.7, -60.6644744873047
33.0, -60.7080497741699
33.3, -60.7539215087891
33.6, -60.8349609375
33.9, -60.8762435913086
34.2, -60.9129409790039
34.5, -61.0069732666016
34.8, -60.9710426330566
35.1, -61.0581970214844
35.4, -61.0727233886719
35.7, -61.2057456970215
36.0, -61.2890777587891
36.3, -61.3166007995605
36.6, -61.3632354736328
36.9, -61.4136924743652
37.2, -61.4534492492676
37.5, -61.4840278625488
37.8, -61.5948829650879
38.1, -61.6713333129883
38.4, -61.755428314209
38.7, -61.8242340087891
39.0, -61.850227355957
39.3, -61.9855461120605
39.6, -61.9855461120605
39.9, -62.1093940734863
40.2, -62.1606178283691
40.5, -62.2638244628906
40.8, -62.3486862182617
41.1, -62.4182586669922
41.4, -62.5520477294922
41.7, -62.6384353637695
42.0, -62.7133560180664
42.3, -62.7599906921387
42.6, -62.8433227539063
42.9, -62.9113655090332
43.2, -63.0145721435547
43.5, -63.0420951843262
43.8, -63.1636543273926
44.1, -63.1781768798828
44.4, -63.263801574707
44.7, -63.3073806762695
45.0, -63.442699432373
45.3, -63.4923896789551
45.6, -63.5497283935547
45.9, -63.5665473937988
46.2, -63.6827545166016
46.5, -63.7148628234863
46.8, -63.8173065185547
47.1, -63.8998756408691
47.4, -63.9189872741699
47.7, -63.948802947998
48.0, -64.1353454589844
48.3, -64.1728057861328
48.6, -64.2989501953125
48.9, -64.3042984008789
49.2, -64.3455810546875
49.5, -64.4319686889648
49.8, -64.5030746459961
50.1, -64.6391525268555
50.4, -64.6391525268555
50.7, -64.6842575073242
51.0, -64.7538299560547
51.3, -64.7484817504883
51.6, -64.7477111816406
51.9, -64.7813491821289
52.2, -64.8998489379883
52.5, -64.8432769775391
52.8, -65.0007629394531
53.1, -65.0542831420898
53.4, -65.1697235107422
53.7, -65.2408218383789
54.0, -65.293571472168
54.3, -65.2920455932617
54.6, -65.3058090209961
54.9, -65.4136047363281
55.2, -65.462532043457
55.5, -65.5236892700195
55.8, -65.6727676391602
56.1, -65.7882080078125
56.4, -65.9036483764648
56.7, -65.9892730712891
57.0, -66.0420303344727
57.3, -66.1108322143555
57.6, -66.2530288696289
57.9, -66.3164825439453
58.2, -66.3852920532227
58.5, -66.5106735229492
58.8, -66.6108245849609
59.1, -66.6528701782227
59.4, -66.6589889526367
59.7, -66.7583694458008
60.0, -66.8332901000977
60.3, -66.8554611206055
60.6, -66.8432312011719
60.9, -66.9380340576172
61.2, -66.9387969970703
61.5, -66.9349746704102
61.8, -66.9120407104492
62.1, -67.090934753418
62.4, -67.1398620605469
62.7, -67.2728881835938
63.0, -67.2858810424805
63.3, -67.3837432861328
63.6, -67.4999465942383
63.9, -67.5435256958008
64.2, -67.4364929199219
64.5, -67.5756301879883
64.8, -67.6337356567383
65.1, -67.6811370849609
65.4, -67.7904586791992
65.7, -67.9372406005859
66.0, -67.8500900268555
66.3, -68.1581878662109
66.6, -68.1964111328125
66.9, -68.1581878662109
67.2, -68.423469543457
67.5, -68.4364700317383
67.8, -68.5152130126953
68.1, -68.5633773803711
68.4, -68.53662109375
68.7, -68.6084823608398
69.0, -68.6551208496094
69.3, -68.8164291381836
69.6, -68.7514419555664
69.9, -68.8714752197266
70.2, -68.9196395874023
70.5, -69.0526580810547
70.8, -69.0694808959961
71.1, -69.097770690918
71.4, -69.2430267333984
71.7, -69.3752822875977
72.0, -69.5709991455078
72.3, -69.6627426147461
72.6, -69.8141098022461
72.9, -69.8576889038086
73.2, -69.9746627807617
73.5, -69.999885559082
73.8, -69.9784851074219
74.1, -70.1229705810547
74.4, -70.1803131103516
74.7, -70.2093658447266
75.0, -70.3347396850586
75.3, -70.3767929077148
75.6, -70.424186706543
75.9, -70.6244888305664
76.2, -70.6199035644531
76.5, -70.7009429931641
76.8, -70.6665420532227
77.1, -70.7445220947266
77.4, -70.8844223022461
77.7, -70.88671875
78.0, -70.9799880981445
78.3, -70.9830474853516
78.6, -71.1474151611328
78.9, -71.2842636108398
79.2, -71.3163681030273
79.5, -71.6076507568359
79.8, -71.4952697753906
80.1, -71.5923614501953
80.4, -71.7529067993164
80.7, -71.7093276977539
81.0, -71.8018341064453
81.3, -71.852294921875
81.6, -71.8935775756836
81.9, -72.0319519042969
82.2, -72.2123718261719
82.5, -72.2590103149414
82.8, -72.2353134155273
83.1, -72.4241409301758
83.4, -72.4226150512695
83.7, -72.5961608886719
84.0, -72.5479965209961
84.3, -72.3958587646484
84.6, -72.7482986450195
84.9, -72.5288848876953
85.2, -72.7008972167969
85.5, -72.7039566040039
85.8, -72.7788772583008
86.1, -72.995231628418
86.4, -73.0028762817383
86.7, -72.9669418334961
87.0, -73.2375793457031
87.3, -73.3094482421875
87.6, -73.3033294677734
87.9, -73.3537902832031
88.2, -73.3927764892578
88.5, -73.3866577148438
88.8, -73.3491973876953
89.1, -73.5716705322266
89.4, -73.5357360839844
89.7, -73.5533218383789
90.0, -73.3751907348633
90.3, -73.4898681640625
90.6, -73.4455261230469
90.9, -73.5250396728516
91.2, -73.5586776733398
91.5, -73.6183090209961
91.8, -73.3560791015625
92.1, -73.536506652832
92.4, -73.6618804931641
92.7, -73.6550064086914
93.0, -73.5892562866211
93.3, -73.7123413085938
93.6, -73.9684524536133
93.9, -74.2130966186523
94.2, -74.4844970703125
94.5, -74.5662994384766
94.8, -74.6893844604492
95.1, -74.6717987060547
95.4, -74.5158386230469
95.7, -74.7069702148438
96.0, -74.9913635253906
96.3, -74.9172058105469
96.6, -75.1572647094727
96.9, -75.269645690918
97.2, -75.2520599365234
97.5, -75.5494537353516
97.8, -75.5349273681641
98.1, -75.6985321044922
98.4, -75.8797225952148
98.7, -75.7696304321289
99.0, -75.9148864746094
99.3, -76.1442413330078
99.6, -76.317024230957
99.9, -76.3728332519531
100.2, -76.2375106811523
100.5, -76.4370498657227
100.8, -76.4745101928711
101.1, -76.4813919067383
101.4, -76.5700759887695
101.7, -76.6472854614258
102.0, -76.5662536621094
102.3, -76.3888854980469
102.6, -76.4095306396484
102.9, -76.3797073364258
103.2, -76.4492797851563
103.5, -76.5716018676758
103.8, -76.5295562744141
104.1, -76.4492797851563
104.4, -76.7375030517578
104.7, -76.9102783203125
105.0, -76.921745300293
105.3, -76.9821472167969
105.6, -77.1465148925781
105.9, -77.2604217529297
106.2, -77.2634811401367
106.5, -77.3942108154297
106.8, -77.5838088989258
107.1, -77.5738754272461
107.4, -77.4645462036133
107.7, -77.5127105712891
108.0, -77.3934478759766
108.3, -77.7420654296875
108.6, -77.6220397949219
108.9, -77.5287704467773
109.2, -77.6419143676758
109.5, -77.8055191040039
109.8, -77.9783020019531
110.1, -96.7049331665039
110.4, -80.1479721069336
110.7, -91.9198760986328
111.0, -79.0264358520508
111.3, -84.6723327636719
111.6, -79.7206115722656
111.9, -107.868286132813
112.2, -82.4315567016602
112.5, -91.8564224243164
112.8, -80.2779388427734
113.1, -85.7044219970703
113.4, -78.8987655639648
113.7, -78.85595703125
114.0, -79.2527313232422
114.3, -79.8918609619141
114.6, -79.3804092407227
114.9, -79.3574752807617
115.2, -79.1969223022461
115.5, -95.5734634399414
115.8, -78.7795028686523
116.1, -78.7795028686523
116.4, -79.1220016479492
116.7, -79.1220016479492
117.0, -79.0784225463867
117.3, -78.6495361328125
117.6, -78.9492263793945
117.9, -79.1457061767578
118.2, -79.1655807495117
118.5, -78.9385223388672
118.8, -79.4545669555664
119.1, -79.5111389160156
119.4, -79.6189346313477
119.7, -79.5180206298828
120.0, -79.6548690795898
120.3, -80.0164794921875
120.6, -79.9721374511719
120.9, -80.1900177001953
121.2, -80.0157165527344
121.5, -80.1900177001953
121.8, -80.3589782714844
122.1, -80.3757934570313
122.4, -81.0103378295898
122.7, -81.0026931762695
123.0, -81.1280746459961
123.3, -80.7473449707031
123.6, -81.0248641967773
123.9, -81.3016204833984
124.2, -81.4323501586914
124.5, -80.6563720703125
124.8, -81.2909164428711
125.1, -81.654052734375
125.4, -81.5806655883789
125.7, -81.5737838745117
126.0, -81.8933486938477
126.3, -81.5600204467773
126.6, -82.011848449707
126.9, -82.0515975952148
127.2, -82.6234512329102
127.5, -83.1609039306641
127.8, -83.2755813598633
128.1, -83.3199157714844
128.4, -83.3810806274414
128.7, -83.7579803466797
129.0, -83.6731185913086
129.3, -83.605842590332
129.6, -83.0989761352539
129.9, -82.2740707397461
130.2, -82.3604583740234
130.5, -82.1838607788086
130.8, -82.1418151855469
131.1, -82.0447158813477
131.4, -82.1708602905273
131.7, -82.6318588256836
132.0, -82.9743576049805
132.3, -83.0186996459961
132.6, -83.2082977294922
132.9, -83.0538711547852
133.2, -82.8015823364258
133.5, -83.5928497314453
133.8, -83.9796905517578
134.1, -84.0347366333008
134.4, -84.0874862670898
134.7, -84.0462036132813
135.0, -84.012565612793
135.3, -84.3757019042969
135.6, -83.9965057373047
135.9, -84.146354675293
136.2, -83.7969741821289
136.5, -84.0844268798828
136.8, -84.1876373291016
137.1, -84.3214263916016
137.4, -84.7977142333984
137.7, -84.8535232543945
138.0, -85.3175811767578
138.3, -85.3512191772461
138.6, -85.1027526855469
138.9, -85.7510528564453
139.2, -85.9689407348633
139.5, -85.8634414672852
139.8, -85.6661987304688
140.1, -88.2487030029297
140.4, -86.3527221679688
140.7, -89.2884368896484
141.0, -86.304557800293
141.3, -89.7586059570313
141.6, -86.5537872314453
141.9, -89.3167266845703
142.2, -85.7747573852539
142.5, -88.3305053710938
142.8, -86.0683288574219
143.1, -90.056770324707
143.4, -87.3358840942383
143.7, -90.9909973144531
144.0, -87.5430603027344
144.3, -90.3748016357422
144.6, -87.0889434814453
144.9, -91.9328689575195
145.2, -87.9199676513672
145.5, -93.8326721191406
145.8, -88.904655456543
146.1, -92.0651321411133
146.4, -88.2945785522461
146.7, -91.2845687866211
147.0, -88.2425918579102
147.3, -91.2585754394531
147.6, -87.9192047119141
147.9, -91.6568832397461
148.2, -87.5950469970703
148.5, -91.8594818115234
148.8, -87.7609481811523
149.1, -90.8166885375977
149.4, -88.4627685546875
149.7, -93.5559234619141
150.0, -89.4489822387695
150.3, -96.0237579345703
150.6, -91.0934448242188
150.9, -95.021484375
151.2, -89.6431655883789
151.5, -95.105583190918
151.8, -89.2570953369141
152.1, -93.1385040283203
152.4, -89.0307998657227
152.7, -92.511604309082
153.0, -88.5950241088867
153.3, -91.9963226318359
153.6, -89.0246810913086
153.9, -94.2026977539063
154.2, -88.8519058227539
154.5, -95.3127670288086
154.8, -89.565185546875
155.1, -94.6728668212891
155.4, -88.9489974975586
155.7, -95.0818786621094
156.0, -89.8564682006836
156.3, -95.6193313598633
156.6, -89.6087646484375
156.9, -94.9175109863281
157.2, -90.266242980957
157.5, -93.7508697509766
157.8, -89.5583114624023
158.1, -93.2883453369141
158.4, -89.1554107666016
158.7, -94.4580459594727
159.0, -89.9245071411133
159.3, -94.6132354736328
159.6, -91.1400756835938
159.9, -99.884521484375
160.2, -92.6645050048828
160.5, -97.3066024780273
160.8, -91.4680480957031
161.1, -100.008377075195
161.4, -92.2898941040039
161.7, -102.85311126709
162.0, -95.1147537231445
162.3, -107.772720336914
162.6, -94.6162948608398
162.9, -104.925689697266
163.2, -95.0612411499023
163.5, -107.609115600586
163.8, -96.1781845092773
164.1, -110.791000366211
164.4, -95.8280410766602
164.7, -103.571746826172
165.0, -92.6056365966797
165.3, -97.9174423217773
165.6, -91.8510665893555
165.9, -96.8593673706055
166.2, -92.3357696533203
166.5, -109.41641998291
166.8, -94.0390930175781
167.1, -113.166328430176
167.4, -94.1484146118164
167.7, -113.291709899902
168.0, -94.6422882080078
168.3, -114.346733093262
168.6, -92.9817810058594
168.9, -112.729034423828
169.2, -91.6392974853516
169.5, -119.248756408691
169.8, -94.4037628173828
170.1, -107.460800170898
170.4, -96.6216049194336
170.7, -121.512466430664
171.0, -97.1085968017578
171.3, -112.433929443359
171.6, -95.5038909912109
171.9, -110.90950012207
172.2, -95.2898254394531
172.5, -104.833190917969
172.8, -94.8334197998047
173.1, -108.729125976563
173.4, -94.2233428955078
173.7, -105.148162841797
174.0, -91.2562789916992
174.3, -96.8387222290039
174.6, -90.6538467407227
174.9, -95.0918197631836
175.2, -89.9329147338867
175.5, -95.6866073608398
175.8, -89.2762069702148
176.1, -101.074096679688
176.4, -88.9291152954102
176.7, -102.131416320801
177.0, -88.393196105957
177.3, -97.2095108032227
177.6, -88.9031219482422
177.9, -99.4319381713867
178.2, -88.2701110839844
178.5, -99.5343780517578
178.8, -87.863395690918
179.1, -96.1246719360352
179.4, -88.1890716552734
179.7, -96.6506500244141
180.0, -87.8106384277344
180.3, -93.9611129760742
180.6, -88.7548065185547
180.9, -95.5726928710938
181.2, -89.4291076660156
181.5, -93.8693695068359
181.8, -89.4849166870117
182.1, -95.2905960083008
