% Measurement ID: 3468
% Mode ID: 1
% Date and time: 2020-09-25 15:04:42
% Sample ID: RAD10-52
% Measurement type: ringdown
% Frequency [Hz]: 613922.0
% Quality factor: 288291.6054356368
% Temperature [K]: 293.0
% Pressure [mBar]: 5.8e-07
% Notes: 
% 
%
% measurement data
% time [s], power [dBm]
0.0, -92.25705
0.014018691588785047, -91.5051
0.028037383177570093, -93.44358
0.04205607476635514, -98.97092
0.056074766355140186, -99.21018
0.07009345794392523, -103.5949
0.08411214953271028, -104.0002
0.09813084112149532, -99.53733
0.11214953271028037, -63.69748
0.1261682242990654, -38.6633
0.14018691588785046, -29.10764
0.1542056074766355, -28.0676
0.16822429906542055, -28.00412
0.1822429906542056, -27.17893
0.19626168224299065, -27.19358
0.2102803738317757, -28.02366
0.22429906542056074, -27.21799
0.2383177570093458, -27.21799
0.2523364485981308, -27.83811
0.26635514018691586, -27.32541
0.2803738317757009, -27.34983
0.29439252336448596, -27.51584
0.308411214953271, -27.18381
0.32242990654205606, -27.39377
0.3364485981308411, -27.45237
0.35046728971962615, -27.00803
0.3644859813084112, -27.25705
0.37850467289719625, -27.45237
0.3925233644859813, -26.97873
0.40654205607476634, -27.23264
0.4205607476635514, -27.48166
0.43457943925233644, -27.15452
0.4485981308411215, -27.38401
0.46261682242990654, -27.36936
0.4766355140186916, -27.26682
0.49065420560747663, -27.6135
0.5046728971962616, -27.22776
0.5186915887850467, -27.20334
0.5327102803738317, -27.75998
0.5467289719626168, -27.14963
0.5607476635514018, -27.05198
0.5747663551401869, -27.66721
0.5887850467289719, -27.21799
0.602803738317757, -27.11057
0.616822429906542, -27.63303
0.6308411214953271, -27.31077
0.6448598130841121, -27.25217
0.6588785046728972, -27.78928
0.6728971962616822, -27.23264
0.6869158878504673, -27.21799
0.7009345794392523, -27.82834
0.7149532710280374, -27.1301
0.7289719626168224, -27.14475
0.7429906542056075, -27.93577
0.7570093457943925, -27.14475
0.7710280373831776, -27.13987
0.7850467289719626, -27.84299
0.7990654205607477, -27.32541
0.8130841121495327, -27.3303
0.8271028037383178, -27.62815
0.8411214953271028, -27.25217
0.8551401869158879, -27.35471
0.8691588785046729, -27.55491
0.883177570093458, -27.17405
0.897196261682243, -27.36448
0.911214953271028, -27.43284
0.9252336448598131, -27.13987
0.9392523364485981, -27.42307
0.9532710280373832, -27.4719
0.9672897196261682, -27.1301
0.9813084112149533, -27.36448
0.9953271028037383, -27.4133
1.0093457943925233, -27.29612
1.0233644859813085, -27.65745
1.0373831775700935, -27.22287
1.0514018691588785, -27.17405
1.0654205607476634, -27.75998
1.0794392523364487, -27.23264
1.0934579439252337, -27.19846
1.1074766355140186, -27.78928
1.1214953271028036, -27.17893
1.1355140186915889, -27.15452
1.1495327102803738, -27.78928
1.1635514018691588, -27.26682
1.1775700934579438, -27.26194
1.191588785046729, -27.76487
1.205607476635514, -27.24729
1.219626168224299, -27.2717
1.233644859813084, -27.79905
1.2476635514018692, -27.11545
1.2616822429906542, -27.14475
1.2757009345794392, -27.7551
1.2897196261682242, -27.1301
1.3037383177570094, -27.20334
1.3177570093457944, -27.66721
1.3317757009345794, -27.05686
1.3457943925233644, -27.18381
1.3598130841121494, -27.62815
1.3738317757009346, -27.20334
1.3878504672897196, -27.62327
1.4018691588785046, -32.82834
1.4158878504672896, -46.59299
1.4299065420560748, -55.32834
1.4439252336448598, -57.34006
1.4579439252336448, -58.09202
1.4719626168224298, -58.7219
1.485981308411215, -59.84983
1.5, -60.46018
1.514018691588785, -61.03147
1.52803738317757, -62.1594
1.5420560747663552, -62.77463
1.5560747663551402, -63.39963
1.5700934579439252, -64.37131
1.5841121495327102, -64.94748
1.5981308411214954, -65.7385
1.6121495327102804, -66.70041
1.6261682242990654, -67.21311
1.6401869158878504, -67.88205
1.6542056074766356, -68.97092
1.6682242990654206, -69.79123
1.6822429906542056, -70.57737
1.6962616822429906, -71.45627
1.7102803738317758, -72.34006
1.7242990654205608, -73.72678
1.7383177570093458, -74.55198
1.7523364485981308, -74.96213
1.766355140186916, -76.06565
1.780373831775701, -76.72971
1.794392523364486, -77.36936
1.808411214953271, -78.56565
1.822429906542056, -78.85862
1.8364485981308412, -79.59592
1.8504672897196262, -81.21702
1.8644859813084111, -81.57834
1.8785046728971961, -82.19846
1.8925233644859814, -82.19846
1.9065420560747663, -82.20823
1.9205607476635513, -84.44944
1.9345794392523363, -86.04612
1.9485981308411215, -85.83616
1.9626168224299065, -87.03733
1.9766355140186915, -93.39963
1.9906542056074765, -90.5676
2.0046728971962615, -91.4758
2.0186915887850465, -96.26584
2.032710280373832, -96.06565
2.046728971962617, -97.24729
2.060747663551402, -97.34495
2.074766355140187, -94.50803
2.088785046728972, -95.2258
2.102803738317757, -100.4016
2.116822429906542, -95.92405
2.130841121495327, -97.1008
2.1448598130841123, -94.47873
2.1588785046728973, -92.67698
2.1728971962616823, -94.16623
2.1869158878504673, -98.17991
2.2009345794392523, -92.99924
2.2149532710280373, -92.85276
2.2289719626168223, -98.48264
2.2429906542056073, -93.96604
2.2570093457943923, -93.66819
2.2710280373831777, -98.55588
2.2850467289719627, -95.26487
2.2990654205607477, -93.46311
2.3130841121495327, -94.36155
2.3271028037383177, -92.85764
2.3411214953271027, -92.39866
2.3551401869158877, -97.46702
2.3691588785046727, -94.04905
2.383177570093458, -92.94553
2.397196261682243, -93.8635
2.411214953271028, -90.59202
2.425233644859813, -90.47483
2.439252336448598, -94.76682
2.453271028037383, -99.71799
2.467289719626168, -101.261
2.481308411214953, -98.53147
2.4953271028037385, -98.48752
2.5093457943925235, -101.5246
2.5233644859813085, -94.67893
2.5373831775700935, -93.67795
2.5514018691588785, -95.95334
2.5654205607476634, -101.5588
2.5794392523364484, -102.9406
2.5934579439252334, -100.0989
2.607476635514019, -99.41526
2.621495327102804, -98.53147
2.635514018691589, -98.81467
2.649532710280374, -95.83616
2.663551401869159, -94.83518
2.677570093457944, -95.66038
2.691588785046729, -97.67698
2.705607476635514, -94.02463
2.719626168224299, -94.39084
2.7336448598130842, -99.08811
2.7476635514018692, -96.63205
2.7616822429906542, -97.82346
2.7757009345794392, -98.2385
2.789719626168224, -97.92112
2.803738317757009, -97.68186
2.817757009345794, -95.35764
2.831775700934579, -92.54026
2.8457943925233646, -92.70139
2.8598130841121496, -102.6233
2.8738317757009346, -96.01682
2.8878504672897196, -95.26975
2.9018691588785046, -101.4172
2.9158878504672896, -96.85178
2.9299065420560746, -93.58518
2.9439252336448596, -94.04905
2.957943925233645, -97.91135
2.97196261682243, -95.57737
2.985981308411215, -95.99241
3.0, -98.80002
3.014018691588785, -96.71995
3.02803738317757, -99.26877
3.042056074766355, -98.28733
3.05607476635514, -96.41233
3.0700934579439254, -99.07346
3.0841121495327104, -102.5354
3.0981308411214954, -99.39084
3.1121495327102804, -99.71799
3.1261682242990654, -100.0744
3.1401869158878504, -92.66721
3.1542056074766354, -90.9387
3.1682242990654204, -95.82875
3.1822429906542054, -95.81029
3.196261682242991, -95.79184
3.210280373831776, -95.77341
3.2242990654205608, -95.75498
3.2383177570093458, -95.73657
3.2523364485981308, -95.71816
3.2663551401869158, -95.69977
3.2803738317757007, -95.68138
3.2943925233644857, -95.66301
3.308411214953271, -95.64464
3.322429906542056, -95.62629
3.336448598130841, -95.60795
3.350467289719626, -95.58961
3.364485981308411, -95.57129
3.378504672897196, -95.55298
3.392523364485981, -95.53468
3.406542056074766, -95.51638
3.4205607476635516, -95.4981
3.4345794392523366, -95.47983
3.4485981308411215, -95.46157
3.4626168224299065, -95.44332
3.4766355140186915, -95.42508
3.4906542056074765, -95.40684
3.5046728971962615, -95.38862
3.5186915887850465, -95.37041
3.532710280373832, -95.35221
3.546728971962617, -95.33402
3.560747663551402, -95.31584
3.574766355140187, -95.29767
3.588785046728972, -95.27952
3.602803738317757, -95.26295
3.616822429906542, -95.24649
3.630841121495327, -95.23011
3.644859813084112, -95.21383
3.6588785046728973, -95.19765
3.6728971962616823, -95.18156
3.6869158878504673, -95.16556
3.7009345794392523, -95.14965
3.7149532710280373, -95.13384
3.7289719626168223, -95.11812
3.7429906542056073, -95.1025
3.7570093457943923, -95.08697
3.7710280373831777, -95.07154
3.7850467289719627, -95.05619
3.7990654205607477, -95.04095
3.8130841121495327, -95.02579
3.8271028037383177, -95.01073
3.8411214953271027, -94.99576
3.8551401869158877, -94.98089
3.8691588785046727, -94.96611
3.883177570093458, -94.95143
3.897196261682243, -94.93684
3.911214953271028, -94.92234
3.925233644859813, -94.90793
3.939252336448598, -94.89362
3.953271028037383, -94.87941
3.967289719626168, -94.86529
3.981308411214953, -94.85126
3.9953271028037385, -94.83732
4.009345794392523, -94.82348
4.0233644859813085, -94.80973
4.037383177570093, -94.79608
4.0514018691588785, -94.78252
4.065420560747664, -94.76906
4.079439252336448, -94.75568
4.093457943925234, -94.74241
4.107476635514018, -94.72669
4.121495327102804, -94.71093
4.135514018691588, -94.69512
4.149532710280374, -94.67927
4.163551401869158, -94.66338
4.177570093457944, -94.64745
4.191588785046729, -94.63147
4.205607476635514, -94.61545
4.219626168224299, -94.59938
4.233644859813084, -94.58328
4.247663551401869, -94.56713
4.261682242990654, -94.55093
4.275700934579439, -94.5347
4.289719626168225, -94.51842
4.303738317757009, -94.50209
4.317757009345795, -94.48573
4.331775700934579, -94.46932
4.345794392523365, -94.45286
4.359813084112149, -94.43637
4.373831775700935, -94.41983
4.387850467289719, -94.40325
4.401869158878505, -94.38662
4.41588785046729, -94.36995
4.429906542056075, -94.35324
4.44392523364486, -94.33648
4.457943925233645, -94.31969
4.47196261682243, -94.30284
4.485981308411215, -94.28596
4.5, -94.26903
4.5140186915887845, -94.25206
4.52803738317757, -94.23505
4.542056074766355, -94.21799
4.55607476635514, -94.20089
4.570093457943925, -94.18375
4.58411214953271, -94.16656
4.598130841121495, -94.14933
4.61214953271028, -94.13205
4.626168224299065, -94.11569
4.640186915887851, -94.09934
4.654205607476635, -94.08299
4.668224299065421, -94.06666
4.682242990654205, -94.05032
4.696261682242991, -94.034
4.710280373831775, -94.01768
4.724299065420561, -94.00137
4.738317757009345, -93.98507
4.752336448598131, -93.96877
4.766355140186916, -93.95248
4.780373831775701, -93.9362
4.794392523364486, -93.91993
4.808411214953271, -93.90366
4.822429906542056, -93.8874
4.836448598130841, -93.87114
4.850467289719626, -93.8549
4.864485981308412, -93.83866
4.878504672897196, -93.82243
4.892523364485982, -93.8062
4.906542056074766, -93.78998
4.920560747663552, -93.77377
4.934579439252336, -93.75757
4.9485981308411215, -93.74137
4.962616822429906, -93.72518
4.9766355140186915, -93.709
4.990654205607477, -93.69283
5.0046728971962615, -93.67666
5.018691588785047, -93.6605
5.0327102803738315, -93.64434
5.046728971962617, -93.6282
5.0607476635514015, -93.61206
5.074766355140187, -93.59593
5.0887850467289715, -93.5798
5.102803738317757, -93.56368
5.116822429906542, -93.54757
5.130841121495327, -93.53147
5.144859813084112, -93.51917
5.158878504672897, -93.50707
5.172897196261682, -93.49519
5.186915887850467, -93.48351
5.200934579439252, -93.47203
5.214953271028038, -93.46077
5.228971962616822, -93.44971
5.242990654205608, -93.43885
5.257009345794392, -93.42821
5.271028037383178, -93.41777
5.285046728971962, -93.40754
5.299065420560748, -93.39751
5.313084112149532, -93.38769
5.327102803738318, -93.37808
5.341121495327103, -93.36868
5.355140186915888, -93.35948
5.369158878504673, -93.35049
5.383177570093458, -93.3417
5.397196261682243, -93.33313
5.411214953271028, -93.32476
5.425233644859813, -93.31659
5.439252336448598, -93.30864
5.453271028037383, -93.30089
5.4672897196261685, -93.29334
5.481308411214953, -93.28601
5.4953271028037385, -93.27888
5.509345794392523, -93.27196
5.5233644859813085, -93.26524
5.537383177570093, -93.25873
5.5514018691588785, -93.25243
5.565420560747664, -93.24634
5.579439252336448, -93.24045
5.593457943925234, -93.23477
5.607476635514018, -93.2293
5.621495327102804, -93.22403
5.635514018691588, -93.21897
5.649532710280374, -93.21756
5.663551401869158, -93.21655
5.677570093457944, -93.21593
5.691588785046729, -93.21571
5.705607476635514, -93.21588
5.719626168224299, -93.21644
5.733644859813084, -93.2174
5.747663551401869, -93.21874
5.761682242990654, -93.22049
5.775700934579439, -93.22262
5.789719626168225, -93.22515
5.803738317757009, -93.22807
5.817757009345795, -93.23139
5.831775700934579, -93.23509
5.845794392523365, -93.23919
5.859813084112149, -93.24369
5.873831775700935, -93.24858
5.887850467289719, -93.25386
5.901869158878505, -93.25953
5.91588785046729, -93.2656
5.929906542056075, -93.27206
5.94392523364486, -93.27892
5.957943925233645, -93.28616
5.97196261682243, -93.29381
5.985981308411215, -93.30184
6.0, -93.31027
6.0140186915887845, -93.31909
6.02803738317757, -93.3283
6.042056074766355, -93.33791
6.05607476635514, -93.34791
6.070093457943925, -93.35831
6.08411214953271, -93.36909
6.098130841121495, -93.38027
6.11214953271028, -93.39185
6.126168224299065, -93.40382
6.140186915887851, -93.41618
6.154205607476635, -93.42893
6.168224299065421, -93.44213
6.182242990654205, -93.45572
6.196261682242991, -93.46971
6.210280373831775, -93.48409
6.224299065420561, -93.49887
6.238317757009345, -93.51405
6.252336448598131, -93.52962
6.266355140186916, -93.54559
6.280373831775701, -93.56195
6.294392523364486, -93.57871
6.308411214953271, -93.59587
6.322429906542056, -93.61342
6.336448598130841, -93.63137
6.350467289719626, -93.64971
6.364485981308411, -93.66845
6.378504672897196, -93.68759
6.392523364485982, -93.70712
6.406542056074766, -93.72705
6.420560747663552, -93.74737
6.434579439252336, -93.76809
6.4485981308411215, -93.7892
6.462616822429906, -93.81071
6.4766355140186915, -93.83262
6.490654205607477, -93.85492
6.5046728971962615, -93.87762
6.518691588785047, -93.90071
6.5327102803738315, -93.92421
6.546728971962617, -93.94809
6.5607476635514015, -93.97237
6.574766355140187, -93.99705
6.5887850467289715, -94.02213
6.602803738317757, -94.0476
6.616822429906542, -94.07346
6.630841121495327, -94.09972
6.644859813084112, -94.12638
6.658878504672897, -94.15343
6.672897196261682, -94.18088
6.686915887850467, -94.21273
6.700934579439252, -94.24517
6.714953271028038, -94.27823
6.728971962616822, -94.31189
6.742990654205608, -94.34616
6.757009345794392, -94.38104
6.771028037383178, -94.41652
6.785046728971962, -94.4526
6.799065420560748, -94.4893
6.813084112149532, -94.5266
6.827102803738318, -94.5645
6.841121495327103, -94.60301
6.855140186915888, -94.64213
6.869158878504673, -94.68186
6.883177570093458, -94.72219
6.897196261682243, -94.76313
6.911214953271028, -94.80467
6.925233644859813, -94.84682
6.939252336448598, -94.88958
6.953271028037383, -94.93294
6.9672897196261685, -94.97691
6.981308411214953, -95.02148
6.9953271028037385, -95.06667
7.009345794392523, -95.11245
7.0233644859813085, -95.15885
7.037383177570093, -95.20585
7.0514018691588785, -95.25346
7.065420560747664, -95.30167
7.079439252336448, -95.35049
7.093457943925234, -95.39992
7.107476635514018, -95.44995
7.121495327102804, -95.50059
7.135514018691588, -95.55183
7.149532710280374, -95.60368
7.163551401869158, -95.65614
7.177570093457944, -95.7092
7.191588785046729, -95.7579
7.205607476635514, -95.80693
7.219626168224299, -95.8563
7.233644859813084, -95.906
7.247663551401869, -95.95605
7.261682242990654, -96.00643
7.275700934579439, -96.05715
7.289719626168224, -96.1082
7.303738317757009, -96.1596
7.317757009345795, -96.21133
7.331775700934579, -96.2634
7.345794392523365, -96.3158
7.359813084112149, -96.36854
7.373831775700935, -96.42162
7.387850467289719, -96.47504
7.401869158878505, -96.52879
7.41588785046729, -96.58289
7.429906542056075, -96.63732
7.44392523364486, -96.69208
7.457943925233645, -96.74719
7.47196261682243, -96.80263
7.485981308411215, -96.85841
7.5, -96.91452
7.5140186915887845, -96.97098
7.52803738317757, -97.02777
7.542056074766355, -97.0849
7.55607476635514, -97.14236
7.570093457943925, -97.20016
7.58411214953271, -97.2583
7.598130841121495, -97.31678
7.61214953271028, -97.3756
7.626168224299065, -97.43475
7.64018691588785, -97.49424
7.654205607476635, -97.55407
7.668224299065421, -97.61423
7.682242990654205, -97.67473
7.696261682242991, -97.73557
7.710280373831775, -97.80899
7.724299065420561, -97.88339
7.738317757009345, -97.95878
7.752336448598131, -98.03515
7.766355140186916, -98.1125
7.780373831775701, -98.19083
7.794392523364486, -98.27014
7.808411214953271, -98.35043
7.822429906542056, -98.43171
7.836448598130841, -98.51397
7.850467289719626, -98.59721
7.864485981308411, -98.68143
7.878504672897196, -98.76663
7.892523364485982, -98.85282
7.906542056074766, -98.93998
7.920560747663552, -99.02813
7.934579439252336, -99.11726
7.9485981308411215, -99.20737
7.962616822429906, -99.29847
7.9766355140186915, -99.39054
7.990654205607477, -99.4836
8.004672897196262, -99.57764
8.018691588785046, -99.67266
8.032710280373832, -99.76867
8.046728971962617, -99.86565
8.060747663551401, -99.96362
8.074766355140186, -100.0626
8.088785046728972, -100.1625
8.102803738317757, -100.2634
8.116822429906541, -100.3653
8.130841121495328, -100.4682
8.144859813084112, -100.572
8.158878504672897, -100.6769
8.172897196261681, -100.7827
8.186915887850468, -100.8895
8.200934579439252, -100.9973
8.214953271028037, -101.0938
8.228971962616823, -101.1906
8.242990654205608, -101.2878
8.257009345794392, -101.3853
8.271028037383177, -101.4831
8.285046728971963, -101.5812
8.299065420560748, -101.6796
8.313084112149532, -101.7784
8.327102803738317, -101.8775
8.341121495327103, -101.9769
8.355140186915888, -102.0766
8.369158878504672, -102.1766
8.383177570093459, -102.277
8.397196261682243, -102.3777
8.411214953271028, -102.4787
8.425233644859812, -102.58
8.439252336448599, -102.6816
8.453271028037383, -102.7836
8.467289719626168, -102.8858
8.481308411214954, -102.9884
8.495327102803738, -103.0913
8.509345794392523, -103.1946
8.523364485981308, -103.2981
8.537383177570094, -103.402
8.551401869158878, -103.5062
8.565420560747663, -103.6107
8.57943925233645, -103.7155
8.593457943925234, -103.8207
8.607476635514018, -103.9262
8.621495327102803, -104.032
8.63551401869159, -104.1381
8.649532710280374, -104.2445
8.663551401869158, -104.3513
8.677570093457943, -104.4583
8.69158878504673, -104.5657
8.705607476635514, -104.6734
8.719626168224298, -104.7815
8.733644859813085, -104.8785
8.74766355140187, -104.9752
8.761682242990654, -105.0716
8.775700934579438, -105.1678
8.789719626168225, -105.2636
8.80373831775701, -105.3592
8.817757009345794, -105.4546
8.83177570093458, -105.5496
8.845794392523365, -105.6444
8.85981308411215, -105.7388
8.873831775700934, -105.833
8.88785046728972, -105.927
8.901869158878505, -106.0206
8.91588785046729, -106.114
8.929906542056075, -106.2071
8.94392523364486, -106.2999
8.957943925233645, -106.3925
8.97196261682243, -106.4847
8.985981308411215, -106.5767
9.0, -106.6684
9.014018691588785, -106.7598
9.028037383177569, -106.851
9.042056074766355, -106.9418
9.05607476635514, -107.0324
9.070093457943925, -107.1227
9.08411214953271, -107.2128
9.098130841121495, -107.3025
9.11214953271028, -107.392
9.126168224299064, -107.4812
9.14018691588785, -107.5701
9.154205607476635, -107.6588
9.16822429906542, -107.7471
9.182242990654206, -107.8352
9.19626168224299, -107.923
9.210280373831775, -108.0106
9.22429906542056, -108.0978
9.238317757009346, -108.1848
9.25233644859813, -108.2277
9.266355140186915, -108.268
9.280373831775702, -108.3057
9.294392523364486, -108.3409
9.30841121495327, -108.3735
9.322429906542055, -108.4034
9.336448598130842, -108.4308
9.350467289719626, -108.4557
9.36448598130841, -108.4779
9.378504672897197, -108.4975
9.392523364485982, -108.5146
9.406542056074766, -108.5291
9.42056074766355, -108.541
9.434579439252337, -108.5503
9.448598130841122, -108.5571
9.462616822429906, -108.5612
9.47663551401869, -108.5628
9.490654205607477, -108.5618
9.504672897196262, -108.5582
9.518691588785046, -108.552
9.532710280373832, -108.5432
9.546728971962617, -108.5319
9.560747663551401, -108.5179
9.574766355140186, -108.5014
9.588785046728972, -108.4823
9.602803738317757, -108.4607
9.616822429906541, -108.4364
9.630841121495328, -108.4095
9.644859813084112, -108.3801
9.658878504672897, -108.3481
9.672897196261681, -108.3135
9.686915887850468, -108.2763
9.700934579439252, -108.2366
9.714953271028037, -108.1942
9.728971962616823, -108.1493
9.742990654205608, -108.1018
9.757009345794392, -108.0869
9.771028037383177, -108.0713
9.785046728971963, -108.055
9.799065420560748, -108.038
9.813084112149532, -108.0204
9.827102803738317, -108.0021
9.841121495327103, -107.9831
9.855140186915888, -107.9634
9.869158878504672, -107.943
9.883177570093459, -107.9219
9.897196261682243, -107.9002
9.911214953271028, -107.8778
9.925233644859812, -107.8547
9.939252336448599, -107.8309
9.953271028037383, -107.8065
9.967289719626168, -107.7813
9.981308411214954, -107.7555
9.995327102803738, -107.729
10.009345794392523, -107.7018
10.023364485981308, -107.674
10.037383177570094, -107.6454
10.051401869158878, -107.6162
10.065420560747663, -107.5863
10.07943925233645, -107.5557
10.093457943925234, -107.5244
10.107476635514018, -107.4924
10.121495327102803, -107.4598
10.13551401869159, -107.4265
10.149532710280374, -107.3925
10.163551401869158, -107.3578
10.177570093457943, -107.3224
10.19158878504673, -107.2864
10.205607476635514, -107.2497
10.219626168224298, -107.2122
10.233644859813085, -107.1741
10.24766355140187, -107.1354
10.261682242990654, -107.0959
10.275700934579438, -107.0733
10.289719626168225, -107.051
10.30373831775701, -107.0289
10.317757009345794, -107.0071
10.33177570093458, -106.9855
10.345794392523365, -106.9641
10.35981308411215, -106.943
10.373831775700934, -106.9221
10.38785046728972, -106.9015
10.401869158878505, -106.8811
10.41588785046729, -106.8609
10.429906542056075, -106.841
10.44392523364486, -106.8213
10.457943925233645, -106.8019
10.47196261682243, -106.7827
10.485981308411215, -106.7638
10.5, -106.7451
