% Measurement ID: 2523
% Mode ID: 1
% Date and time: 2020-02-11 09:55:12
% Sample ID: TOT23-64
% Measurement type: ringdown
% Frequency [Hz]: 115931.0
% Quality factor: 7411372.368767595
% Temperature [K]: 293.0
% Pressure [mBar]: 5.96e-08
% Notes: 
% 
%
% measurement data
% time [s], power [dBm]
0.0, 6.580836
0.16221628838451269, 6.497828
0.32443257676902537, 6.346461
0.48664886515353806, 6.243922
0.6488651535380507, 6.141383
0.8110814419225634, 6.043727
0.9732977303070761, 5.941187
1.1355140186915889, 5.824
1.2977303070761015, 5.726344
1.4599465954606141, 5.604273
1.6221628838451267, 5.487086
1.7843791722296396, 5.394312
1.9465954606141522, 5.311305
2.108811748998665, 5.194117
2.2710280373831777, 5.096461
2.4332443257676903, 5.023219
2.595460614152203, 4.925562
2.7576769025367156, 4.818141
2.9198931909212282, 4.740016
3.082109479305741, 4.627711
3.2443257676902535, 4.564234
3.4065420560747666, 4.456812
3.568758344459279, 4.354273
3.730974632843792, 4.276148
3.8931909212283045, 4.202906
4.0554072096128175, 4.129664
4.21762349799733, 4.017359
4.379839786381843, 3.939234
4.542056074766355, 3.851344
4.704272363150868, 3.768336
4.866488651535381, 3.690211
5.028704939919893, 3.592555
5.190921228304406, 3.519312
5.353137516688919, 3.411891
5.515353805073431, 3.353297
5.677570093457944, 3.255641
5.8397863818424565, 3.177516
6.002002670226969, 3.104273
6.164218958611482, 3.006617
6.326435246995994, 2.928492
6.488651535380507, 2.85525
6.6508678237650205, 2.772242
6.813084112149533, 2.684352
6.975300400534046, 2.615992
7.137516688918558, 2.537867
7.299732977303071, 2.459742
7.461949265687584, 2.381617
7.624165554072096, 2.318141
7.786381842456609, 2.23025
7.9485981308411215, 2.152125
8.110814419225635, 2.078883
8.273030707610147, 2.005641
8.43524699599466, 1.91775
8.597463284379172, 1.844508
8.759679572763686, 1.771266
8.921895861148197, 1.693141
9.08411214953271, 1.615016
9.246328437917223, 1.517359
9.408544726301736, 1.458766
9.570761014686248, 1.380641
9.732977303070761, 1.302516
9.895193591455273, 1.219508
10.057409879839787, 1.141383
10.219626168224298, 1.058375
10.381842456608812, 0.9851328
10.544058744993325, 0.9118906
10.706275033377837, 0.8386484
10.86849132176235, 0.7654062
11.030707610146862, 0.7116953
11.192923898531376, 0.6286875
11.355140186915888, 0.5603281
11.517356475300401, 0.4724375
11.679572763684913, 0.4138437
11.841789052069426, 0.3210703
12.004005340453938, 0.2380625
12.166221628838452, 0.1697031
12.328437917222963, 0.09157812
12.490654205607477, 0.02810156
12.652870493991989, -0.04025781
12.815086782376502, -0.1037344
12.977303070761014, -0.1769766
13.139519359145527, -0.2599844
13.301735647530041, -0.3283438
13.463951935914553, -0.3967031
13.626168224299066, -0.4748281
13.788384512683578, -0.5431875
13.950600801068092, -0.6066641
14.112817089452603, -0.6847891
14.275033377837117, -0.7482656
14.437249666221629, -0.8215078
14.599465954606142, -0.89475
14.761682242990654, -0.9631094
14.923898531375167, -1.041234
15.086114819759679, -1.114477
15.248331108144193, -1.187719
15.410547396528704, -1.260961
15.572763684913218, -1.334203
15.734979973297731, -1.402563
15.897196261682243, -1.470922
16.059412550066757, -1.539281
16.22162883845127, -1.607641
16.38384512683578, -1.676
16.546061415220294, -1.759008
16.708277703604807, -1.83225
16.87049399198932, -1.905492
17.03271028037383, -1.964086
17.194926568758344, -2.047094
17.357142857142858, -2.125219
17.51935914552737, -2.193578
17.68157543391188, -2.261938
17.843791722296395, -2.340063
18.006008010680908, -2.408422
18.16822429906542, -2.471898
18.330440587449935, -2.530492
18.492656875834445, -2.593969
18.65487316421896, -2.686742
18.817089452603472, -2.76975
18.979305740987986, -2.828344
19.141522029372496, -2.886938
19.30373831775701, -2.979711
19.465954606141523, -3.033422
19.628170894526036, -3.111547
19.790387182910546, -3.194555
19.95260347129506, -3.258031
20.114819759679573, -3.336156
20.277036048064087, -3.409398
20.439252336448597, -3.487523
20.60146862483311, -3.546117
20.763684913217624, -3.629125
20.925901201602137, -3.692602
21.08811748998665, -3.756078
21.25033377837116, -3.82932
21.412550066755674, -3.902563
21.574766355140188, -3.970922
21.7369826435247, -4.049047
21.89919893190921, -4.127172
22.061415220293725, -4.195531
22.22363150867824, -4.254125
22.385847797062752, -4.322484
22.548064085447262, -4.400609
22.710280373831775, -4.473852
22.87249666221629, -4.527563
23.034712950600802, -4.61057
23.196929238985312, -4.693578
23.359145527369826, -4.742406
23.52136181575434, -4.825414
23.683578104138853, -4.903539
23.845794392523366, -4.981664
24.008010680907876, -5.059789
24.17022696929239, -5.123266
24.332443257676903, -5.201391
24.494659546061417, -5.279516
24.656875834445927, -5.347875
24.81909212283044, -5.396703
24.981308411214954, -5.479711
25.143524699599467, -5.557836
25.305740987983977, -5.626195
25.46795727636849, -5.699438
25.630173564753004, -5.748266
25.792389853137518, -5.826391
25.954606141522028, -5.89475
26.11682242990654, -5.953344
26.279038718291055, -6.031469
26.44125500667557, -6.104711
26.603471295060082, -6.163305
26.765687583444592, -6.251195
26.927903871829105, -6.314672
27.09012016021362, -6.383031
27.252336448598133, -6.461156
27.414552736982643, -6.544164
27.576769025367156, -6.607641
27.73898531375167, -6.680883
27.901201602136183, -6.744359
28.063417890520693, -6.802953
28.225634178905207, -6.895727
28.38785046728972, -6.964086
28.550066755674234, -7.012914
28.712283044058747, -7.115453
28.874499332443257, -7.183813
29.03671562082777, -7.242406
29.198931909212284, -7.310766
29.361148197596798, -7.369359
29.523364485981308, -7.45725
29.68558077436582, -7.515844
29.847797062750335, -7.584203
30.010013351134848, -7.672094
30.172229639519358, -7.730688
30.33444592790387, -7.808813
30.496662216288385, -7.882055
30.6588785046729, -7.945531
30.82109479305741, -8.023656
30.983311081441922, -8.101781
31.145527369826436, -8.165258
31.30774365821095, -8.2385
31.469959946595463, -8.306859
31.632176234979973, -8.380102
31.794392523364486, -8.433813
31.956608811749, -8.511938
32.11882510013351, -8.594945
32.28104138851803, -8.653539
32.44325767690254, -8.74143
32.60547396528705, -8.790258
32.76769025367156, -8.858617
32.929906542056074, -8.941625
33.09212283044059, -9.000219
33.2543391188251, -9.05393
33.416555407209614, -9.136938
33.57877169559413, -9.215063
33.74098798397864, -9.268773
33.903204272363155, -9.351781
34.06542056074766, -9.429906
34.227636849132175, -9.498266
34.38985313751669, -9.561742
34.5520694259012, -9.625219
34.714285714285715, -9.722875
34.87650200267023, -9.771703
35.03871829105474, -9.830297
35.200934579439256, -9.918188
35.36315086782376, -9.976781
35.525367156208276, -10.05491
35.68758344459279, -10.13303
35.8497997329773, -10.18674
36.012016021361816, -10.2551
36.17423230974633, -10.32834
36.33644859813084, -10.3967
36.49866488651536, -10.4553
36.66088117489987, -10.50901
36.82309746328438, -10.5969
36.98531375166889, -10.65061
37.147530040053404, -10.72385
37.30974632843792, -10.79709
37.47196261682243, -10.87522
37.634178905206944, -10.94846
37.79639519359146, -11.01194
37.95861148197597, -11.05588
38.12082777036048, -11.13889
38.28304405874499, -11.23166
38.445260347129505, -11.28538
38.60747663551402, -11.3635
38.76969292389853, -11.43186
38.931909212283045, -11.50998
39.09412550066756, -11.57834
39.25634178905207, -11.66135
39.418558077436586, -11.71995
39.58077436582109, -11.80784
39.742990654205606, -11.87131
39.90520694259012, -11.92014
40.06742323097463, -11.97873
40.22963951935915, -12.04221
40.39185580774366, -12.11057
40.55407209612817, -12.17405
40.71628838451269, -12.23752
40.87850467289719, -12.30588
41.04072096128171, -12.37913
41.20293724966622, -12.45725
41.365153538050734, -12.52561
41.52736982643525, -12.57444
41.68958611481976, -12.6428
41.851802403204275, -12.7258
42.01401869158879, -12.79416
42.1762349799733, -12.85276
42.33845126835781, -12.93088
42.50066755674232, -13.01389
42.662883845126835, -13.08225
42.82510013351135, -13.15061
42.98731642189586, -13.21897
43.149532710280376, -13.27756
43.31174899866489, -13.37522
43.4739652870494, -13.42893
43.63618157543391, -13.47776
43.79839786381842, -13.551
43.960614152202936, -13.62424
44.12283044058745, -13.67795
44.28504672897196, -13.74631
44.44726301735648, -13.8342
44.60947930574099, -13.8928
44.771695594125504, -13.96116
44.93391188251002, -14.04905
45.096128170894524, -14.12229
45.25834445927904, -14.19065
45.42056074766355, -14.23948
45.582777036048064, -14.32248
45.74499332443258, -14.40549
45.90720961281709, -14.47873
46.069425901201605, -14.55686
46.23164218958612, -14.63987
46.393858477970625, -14.69846
46.55607476635514, -14.78635
46.71829105473965, -14.86936
46.880507343124165, -14.90354
47.04272363150868, -14.96702
47.20493991989319, -15.0012
47.367156208277706, -15.09397
47.52937249666222, -15.16233
47.69158878504673, -15.22092
47.85380507343124, -15.31858
48.01602136181575, -15.40647
48.178237650200266, -15.44553
48.34045393858478, -15.51389
48.50267022696929, -15.58225
48.66488651535381, -15.63596
48.82710280373832, -15.69944
48.989319092122834, -15.79221
49.15153538050734, -15.86057
49.313751668891854, -15.91428
49.47596795727637, -15.99241
49.63818424566088, -16.06077
49.800400534045394, -16.13401
49.96261682242991, -16.23166
50.12483311081442, -16.28049
50.287049399198935, -16.3635
50.44926568758345, -16.40256
50.611481975967955, -16.44651
50.77369826435247, -16.53928
50.93591455273698, -16.60764
51.098130841121495, -16.69553
51.26034712950601, -16.74436
51.42256341789052, -16.80784
51.584779706275036, -16.87131
51.74699599465955, -16.93967
51.909212283044056, -17.00803
52.07142857142857, -17.08616
52.23364485981308, -17.13987
52.395861148197596, -17.23264
52.55807743658211, -17.301
52.72029372496662, -17.35959
52.88251001335114, -17.4133
53.04472630173565, -17.49143
53.206942590120164, -17.53538
53.36915887850467, -17.63303
53.531375166889184, -17.69163
53.6935914552737, -17.75022
53.85580774365821, -17.83811
54.018024032042725, -17.90159
54.18024032042724, -17.96995
54.34245660881175, -18.05295
54.504672897196265, -18.11155
54.66688918558078, -18.17502
54.829105473965285, -18.27268
54.9913217623498, -18.34592
55.15353805073431, -18.43381
55.315754339118826, -18.51194
55.47797062750334, -18.59983
55.64018691588785, -18.67795
55.802403204272366, -18.7512
55.96461949265688, -18.8342
56.126835781041386, -18.93186
56.2890520694259, -19.00022
56.45126835781041, -19.04416
56.61348464619493, -19.11252
56.77570093457944, -19.17112
56.937917222963954, -19.26389
57.10013351134847, -19.31272
57.26234979973298, -19.39084
57.424566088117494, -19.43967
57.586782376502, -19.52268
57.748998664886514, -19.56663
57.91121495327103, -19.6301
58.07343124165554, -19.69358
58.235647530040055, -19.74729
58.39786381842457, -19.80588
58.56008010680908, -19.88889
58.722296395193595, -19.92307
58.8845126835781, -20.00608
59.046728971962615, -20.0842
59.20894526034713, -20.13791
59.37116154873164, -20.22092
59.533377837116156, -20.3137
59.69559412550067, -20.38694
59.85781041388518, -20.44065
60.020026702269696, -20.5383
60.18224299065421, -20.58225
60.344459279038716, -20.64084
60.50667556742323, -20.67502
60.66889185580774, -20.73362
60.83110814419226, -20.81174
60.99332443257677, -20.88987
61.155540720961284, -20.97776
61.3177570093458, -21.05588
61.47997329773031, -21.12424
61.64218958611482, -21.1926
61.80440587449933, -21.26096
61.966622162883844, -21.30979
62.12883845126836, -21.38303
62.29105473965287, -21.45627
62.453271028037385, -21.54905
62.6154873164219, -21.60764
62.77770360480641, -21.69553
62.939919893190925, -21.76389
63.10213618157543, -21.83713
63.264352469959945, -21.92014
63.42656875834446, -21.94455
63.58878504672897, -21.9885
63.751001335113486, -22.06174
63.913217623498, -22.16916
64.07543391188251, -22.26194
64.23765020026703, -22.34495
64.39986648865154, -22.40842
64.56208277703605, -22.46702
64.72429906542057, -22.54026
64.88651535380508, -22.63303
65.0487316421896, -22.73069
65.2109479305741, -22.7844
65.3731642189586, -22.85276
65.53538050734312, -22.91135
65.69759679572763, -22.98459
65.85981308411215, -23.06272
66.02202937249666, -23.11155
66.18424566088117, -23.18479
66.34646194926569, -23.2678
66.5086782376502, -23.36545
66.67089452603471, -23.41916
66.83311081441923, -23.47288
66.99532710280374, -23.56077
67.15754339118826, -23.61936
67.31975967957277, -23.67307
67.48197596795728, -23.72678
67.6441922563418, -23.76096
67.80640854472631, -23.8342
67.96862483311081, -23.89768
68.13084112149532, -23.9758
68.29305740987984, -24.01487
68.45527369826435, -24.07346
68.61748998664886, -24.14182
68.77970627503338, -24.20041
68.94192256341789, -24.2883
69.1041388518024, -24.32248
69.26635514018692, -24.38108
69.42857142857143, -24.47385
69.59078771695594, -24.52268
69.75300400534046, -24.59592
69.91522029372497, -24.64963
70.07743658210948, -24.72776
70.239652870494, -24.82053
70.40186915887851, -24.93284
70.56408544726303, -25.04514
70.72630173564752, -25.05979
70.88851802403204, -25.10373
71.05073431241655, -25.19163
71.21295060080107, -25.23557
71.37516688918558, -25.31858
71.53738317757009, -25.35764
71.6995994659546, -25.426
71.86181575433912, -25.53342
72.02403204272363, -25.5969
72.18624833110815, -25.64084
72.34846461949266, -25.68967
72.51068090787717, -25.71897
72.67289719626169, -25.78245
72.8351134846462, -25.83616
72.99732977303071, -25.96799
73.15954606141523, -26.09006
73.32176234979974, -26.19748
73.48397863818424, -26.29514
73.64619492656875, -26.35373
73.80841121495327, -26.3635
73.97062750333778, -26.42209
74.1328437917223, -26.51487
74.29506008010681, -26.57834
74.45727636849132, -26.66623
74.61949265687583, -26.7053
74.78170894526035, -26.79807
74.94392523364486, -26.85178
75.10614152202938, -26.92502
75.26835781041389, -27.03245
75.4305740987984, -27.07151
75.59279038718292, -27.11057
75.75500667556743, -27.23264
75.91722296395194, -27.29612
76.07943925233646, -27.36936
76.24165554072096, -27.43772
76.40387182910547, -27.4719
76.56608811748998, -27.57444
76.7283044058745, -27.64768
76.89052069425901, -27.71116
77.05273698264352, -27.78928
77.21495327102804, -27.84788
77.37716955941255, -27.86741
77.53938584779706, -27.93577
77.70160213618158, -28.01389
77.86381842456609, -28.08713
78.0260347129506, -28.19944
78.18825100133512, -28.21409
78.35046728971963, -28.34104
78.51268357810414, -28.38987
78.67489986648866, -28.51194
78.83711615487317, -28.551
78.99933244325767, -28.58518
79.16154873164218, -28.6633
79.3237650200267, -28.65842
79.48598130841121, -28.7512
79.64819759679573, -28.86838
79.81041388518024, -28.92209
79.97263017356475, -28.94163
80.13484646194927, -29.0051
80.29706275033378, -29.15159
80.4592790387183, -29.19065
80.6214953271028, -29.2883
80.78371161548732, -29.33713
80.94592790387183, -29.43479
81.10814419225635, -29.55198
81.27036048064086, -29.69358
81.43257676902537, -29.84983
81.59479305740989, -29.93772
81.75700934579439, -30.01096
81.9192256341789, -30.05979
82.08144192256341, -30.13791
82.24365821094793, -30.18186
82.40587449933244, -30.25998
82.56809078771695, -30.3137
82.73030707610147, -30.426
82.89252336448598, -30.41135
83.0547396528705, -30.55784
83.21695594125501, -30.65061
83.37917222963952, -30.71897
83.54138851802404, -30.7385
83.70360480640855, -30.78733
83.86582109479306, -30.87522
84.02803738317758, -30.96311
84.19025367156209, -30.98752
84.3524699599466, -31.15842
84.5146862483311, -31.29514
84.67690253671562, -31.3342
84.83911882510013, -31.40745
85.00133511348464, -31.45627
85.16355140186916, -31.48069
85.32576769025367, -31.50022
85.48798397863818, -31.61741
85.6502002670227, -31.72483
85.81241655540721, -31.77366
85.97463284379172, -31.78342
86.13684913217624, -31.8176
86.29906542056075, -31.9592
86.46128170894526, -31.91526
86.62349799732978, -32.06174
86.78571428571429, -32.14963
86.9479305740988, -32.1301
87.11014686248332, -32.16916
87.27236315086782, -32.23264
87.43457943925233, -32.26194
87.59679572763685, -32.30588
87.75901201602136, -32.31077
87.92122830440587, -32.35959
88.08344459279039, -32.39866
88.2456608811749, -32.49143
88.40787716955941, -32.49143
88.57009345794393, -32.45725
88.73230974632844, -32.53538
88.89452603471295, -32.62327
89.05674232309747, -32.66233
89.21895861148198, -32.65256
89.3811748998665, -32.60862
89.54339118825101, -32.70139
89.70560747663552, -32.68186
89.86782376502003, -32.79416
90.03004005340453, -32.88205
90.19225634178905, -32.90159
90.35447263017356, -32.94553
90.51668891855807, -32.926
90.67890520694259, -33.01877
90.8411214953271, -33.15061
91.00333778371161, -33.2385
91.16555407209613, -33.22873
91.32777036048064, -33.30198
91.48998664886516, -33.17014
91.65220293724967, -33.16526
91.81441922563418, -33.21897
91.9766355140187, -33.21897
92.13885180240321, -33.3508
92.30106809078772, -33.46311
92.46328437917224, -33.59006
92.62550066755675, -33.68284
92.78771695594125, -33.67307
92.94993324432576, -33.85862
93.11214953271028, -33.90256
93.27436582109479, -33.88791
93.4365821094793, -34.02952
93.59879839786382, -34.08811
93.76101468624833, -34.19065
93.92323097463284, -34.19553
94.08544726301736, -34.48362
94.24766355140187, -34.50803
94.40987983978638, -34.49827
94.5720961281709, -34.39084
94.73431241655541, -34.59104
94.89652870493993, -34.76194
95.05874499332444, -34.89377
95.22096128170895, -34.85959
95.38317757009347, -34.90354
95.54539385847796, -35.02561
95.70761014686248, -35.02561
95.86982643524699, -35.09885
96.0320427236315, -35.19163
96.19425901201602, -35.20139
96.35647530040053, -35.2551
96.51869158878505, -35.12815
96.68090787716956, -35.33323
96.84312416555407, -35.35276
97.00534045393859, -35.25022
97.1675567423231, -35.35764
97.32977303070761, -35.40159
97.49198931909213, -35.52854
97.65420560747664, -35.6262
97.81642189586115, -35.77268
97.97863818424567, -35.81174
98.14085447263018, -35.89475
98.30307076101468, -36.03635
98.4652870493992, -36.30491
98.62750333778371, -36.24631
98.78971962616822, -36.31955
98.95193591455273, -36.34397
99.11415220293725, -36.32932
99.27636849132176, -36.35862
99.43858477970628, -36.36838
99.60080106809079, -36.49045
99.7630173564753, -36.62229
99.92523364485982, -36.69553
100.08744993324433, -36.86155
100.24966622162884, -36.85666
100.41188251001336, -36.91526
100.57409879839787, -36.94944
100.73631508678238, -37.01291
100.8985313751669, -36.9592
101.0607476635514, -36.88108
101.22296395193591, -36.96897
101.38518024032042, -36.96897
101.54739652870494, -37.24729
101.70961281708945, -37.24729
101.87182910547396, -37.24729
102.03404539385848, -37.39866
102.19626168224299, -37.50608
102.3584779706275, -37.62327
102.52069425901202, -37.63303
102.68291054739653, -37.91135
102.84512683578104, -37.93577
103.00734312416556, -37.90159
103.16955941255007, -37.8137
103.33177570093459, -37.67698
103.4939919893191, -37.7551
103.65620827770361, -38.05295
103.81842456608811, -38.15549
103.98064085447263, -38.38498
104.14285714285714, -38.52659
104.30507343124165, -38.49729
104.46728971962617, -38.56565
104.62950600801068, -38.65354
104.79172229639519, -38.61936
104.9539385847797, -38.74631
105.11615487316422, -38.9758
105.27837116154873, -38.74143
105.44058744993325, -38.98069
105.60280373831776, -39.04416
105.76502002670227, -39.06858
105.92723631508679, -39.08811
106.0894526034713, -39.28342
106.25166889185581, -39.28342
106.41388518024033, -39.40061
106.57610146862484, -39.29807
106.73831775700934, -39.6008
106.90053404539385, -39.71311
107.06275033377837, -39.9133
107.22496662216288, -39.78635
107.3871829105474, -39.66916
107.54939919893191, -40.06467
107.71161548731642, -40.07932
107.87383177570094, -39.96702
108.03604806408545, -40.16233
108.19826435246996, -40.15256
108.36048064085448, -40.19163
108.52269692923899, -40.35764
108.6849132176235, -40.54319
108.84712950600802, -40.7385
109.00934579439253, -40.74827
109.17156208277704, -40.61155
109.33377837116156, -40.59202
109.49599465954606, -40.61155
109.65821094793057, -40.96311
109.82042723631508, -41.05588
109.9826435246996, -41.20237
110.14485981308411, -41.37815
110.30707610146862, -41.54905
110.46929238985314, -41.44651
110.63150867823765, -41.41233
110.79372496662216, -41.59788
110.95594125500668, -41.5051
111.11815754339119, -41.51975
111.2803738317757, -41.51975
111.44259012016022, -41.5344
111.60480640854473, -41.80295
111.76702269692925, -41.90061
111.92923898531376, -42.1887
112.09145527369827, -42.38401
112.25367156208277, -42.02756
112.41588785046729, -42.1301
112.5781041388518, -42.1887
112.74032042723631, -42.21311
112.90253671562083, -42.34983
113.06475300400534, -42.53049
113.22696929238985, -42.61838
113.38918558077437, -42.8967
113.55140186915888, -42.88694
113.7136181575434, -42.8967
113.87583444592791, -43.1262
114.03805073431242, -43.1262
114.20026702269693, -43.28245
114.36248331108145, -43.56565
114.52469959946596, -43.67795
114.68691588785047, -43.92698
114.84913217623499, -44.17112
115.01134846461949, -44.25413
115.173564753004, -44.73264
115.33578104138851, -44.6008
115.49799732977303, -44.801
115.66021361815754, -45.08909
115.82242990654206, -45.78733
115.98464619492657, -45.81174
116.14686248331108, -45.76291
116.3090787716956, -45.91428
116.47129506008011, -45.94358
116.63351134846462, -46.19748
116.79572763684914, -46.29514
116.95794392523365, -46.49045
117.12016021361816, -46.75901
117.28237650200268, -46.84202
117.44459279038719, -47.07151
117.6068090787717, -46.76877
117.7690253671562, -46.74436
117.93124165554072, -46.72483
118.09345794392523, -46.54905
118.25567423230974, -46.35862
118.41789052069426, -46.13889
118.58010680907877, -46.07053
118.74232309746328, -45.95823
118.9045393858478, -46.13401
119.06675567423231, -46.66135
119.22897196261682, -46.74924
119.39118825100134, -47.26682
119.55340453938585, -47.53538
119.71562082777037, -47.48655
119.87783711615488, -47.6428
120.04005340453939, -47.31077
120.2022696929239, -47.49143
120.36448598130842, -47.52073
120.52670226969292, -47.7551
120.68891855807743, -47.76487
120.85113484646195, -47.6135
121.01335113484646, -47.51096
121.17556742323097, -47.6428
121.33778371161549, -47.77952
121.5, -47.90647
