% Measurement ID: 971
% Mode ID: 1
% Date and time: 2019-04-18 07:47:24
% Sample ID: SP21-62
% Measurement type: ringdown
% Frequency [Hz]: 1559665.97
% Quality factor: 6360570.080086935
% Temperature [K]: 293.0
% Pressure [mBar]: 5.8e-07
% Notes: 
% 
%
% measurement data
% time [s], power [dBm]
0.006, -97.1305160522461
0.012, -97.0680465698242
0.018, -97.01513671875
0.024, -96.9710388183594
0.03, -96.9364929199219
0.036, -96.9129791259766
0.042, -96.8997497558594
0.048, -96.8968124389648
0.054, -96.8975448608398
0.06, -96.9048919677734
0.066, -96.9232635498047
0.072, -96.9497222900391
0.078, -96.9842681884766
0.084, -97.0254211425781
0.09, -97.0687866210938
0.096, -97.1136169433594
0.102, -97.15771484375
0.108, -97.1951904296875
0.114, -97.2260589599609
0.12, -97.2444305419922
0.126, -97.2392883300781
0.132, -97.2120971679688
0.138, -97.1694717407227
0.144, -97.1099395751953
0.15, -97.0335083007813
0.156, -96.9423751831055
0.162, -96.839485168457
0.168, -96.7255706787109
0.174, -96.6035690307617
0.18, -96.4742202758789
0.186, -96.339729309082
0.192, -96.2030258178711
0.198, -96.0641250610352
0.204, -95.9237518310547
0.21, -95.7833786010742
0.216, -95.6444778442383
0.222, -95.5048370361328
0.228, -95.3652038574219
0.234, -95.2255630493164
0.24, -95.0859222412109
0.246, -94.9462890625
0.252, -94.8059158325195
0.258, -94.6640701293945
0.264, -94.5222320556641
0.27, -94.3796539306641
0.276, -94.2370758056641
0.282, -94.0952301025391
0.288, -93.9548568725586
0.294, -93.8159561157227
0.3, -93.6814651489258
0.306, -93.5499114990234
0.312, -93.4220275878906
0.318, -93.3007659912109
0.324, -93.1861114501953
0.33, -93.0795516967773
0.336, -92.9810638427734
0.342, -92.8928756713867
0.348, -92.8142395019531
0.354, -92.7451553344727
0.36, -92.6863555908203
0.366, -92.6385879516602
0.372, -92.5996322631836
0.378, -92.5717086791992
0.384, -92.5525970458984
0.39, -92.5430450439453
0.396, -92.5408401489258
0.402, -92.5415725708008
0.408, -92.5489273071289
0.414, -92.5643615722656
0.42, -92.5871429443359
0.426, -92.6172714233398
0.432, -92.6532821655273
0.438, -92.6951751708984
0.444, -92.7429504394531
0.45, -92.7966003417969
0.456, -92.8539199829102
0.462, -92.915657043457
0.468, -92.9810638427734
0.474, -93.0494155883789
0.48, -93.1207046508789
0.486, -93.1934661865234
0.492, -93.266960144043
0.498, -93.3404541015625
0.504, -93.4117431640625
0.51, -93.481559753418
0.516, -93.5484390258789
0.522, -93.6109085083008
0.528, -93.6689682006836
0.534, -93.7204132080078
0.54, -93.7652435302734
0.546, -93.8027267456055
0.552, -93.8321228027344
0.558, -93.8541717529297
0.564, -93.8674011230469
0.57, -93.8681335449219
0.576, -93.8556442260742
0.582, -93.8350601196289
0.588, -93.8056640625
0.594, -93.767448425293
0.6, -93.7226181030273
0.606, -93.6704406738281
0.612, -93.6116409301758
0.618, -93.5484390258789
0.624, -93.480827331543
0.63, -93.409538269043
0.636, -93.3360443115234
0.642, -93.2625503540039
0.648, -93.1897888183594
0.654, -93.1184997558594
0.66, -93.0508880615234
0.666, -92.9891510009766
0.672, -92.9347686767578
0.678, -92.8914031982422
0.684, -92.8605346679688
0.69, -92.8531875610352
0.696, -92.8546600341797
0.702, -92.87744140625
0.708, -92.9443206787109
0.714, -93.0810165405273
0.72, -93.2875366210938
0.726, -93.5388870239258
0.732, -93.8269805908203
0.738, -93.5682830810547
0.744, -92.7209014892578
0.75, -91.4781188964844
0.756, -89.8590545654297
0.762, -87.9783554077148
0.768, -85.9587478637695
0.774, -83.8178787231445
0.78, -81.6468734741211
0.786, -79.4810180664063
0.792, -77.3107528686523
0.798, -75.1845779418945
0.804, -73.1069107055664
0.81, -71.0990676879883
0.816, -69.1639785766602
0.822, -67.3082656860352
0.828, -65.5385360717773
0.834, -63.8525924682617
0.84, -62.2555770874023
0.846, -60.7467498779297
0.852, -59.324649810791
0.858, -57.9900054931641
0.864, -56.7428169250488
0.87, -55.5882339477539
0.876, -54.505672454834
0.882, -53.5024833679199
0.888, -52.5771980285645
0.894, -51.727611541748
0.9, -50.9493141174316
0.906, -50.241569519043
0.912, -49.599967956543
0.918, -49.0215759277344
0.924, -48.5034446716309
0.93, -48.0396995544434
0.936, -47.6310729980469
0.942, -47.2687492370605
0.948, -46.9556694030762
0.954, -46.6808013916016
0.96, -46.4412117004395
0.966, -46.2369003295898
0.972, -46.0605163574219
0.978, -45.9113235473633
0.984, -45.7834434509277
0.99, -45.6739387512207
0.996, -45.5806007385254
1.002, -45.5004920959473
1.008, -45.4314079284668
1.014, -45.3704109191895
1.02, -45.3152885437012
1.026, -45.2660484313965
1.032, -45.2212181091309
1.038, -45.1785926818848
1.044, -45.1374359130859
1.05, -45.0984840393066
1.056, -45.0602684020996
1.062, -45.0235214233398
1.068, -44.9875068664551
1.074, -44.9514961242676
1.08, -44.9169540405273
1.086, -44.8824119567871
1.092, -44.8493385314941
1.098, -44.8170013427734
1.104, -44.7868690490723
1.11, -44.7582092285156
1.116, -44.731014251709
1.122, -44.7052917480469
1.128, -44.6817741394043
1.134, -44.6604614257813
1.14, -44.6413536071777
1.146, -44.6244506835938
1.152, -44.6097526550293
1.158, -44.5965232849121
1.164, -44.5854988098145
1.17, -44.5766792297363
1.176, -44.5693283081055
1.182, -44.5634498596191
1.188, -44.5590400695801
1.194, -44.5560989379883
1.2, -44.5538940429688
1.206, -44.5531616210938
1.212, -44.5531616210938
1.218, -44.5531616210938
1.224, -44.554630279541
1.23, -44.5575714111328
1.236, -44.5627136230469
1.242, -44.5700645446777
1.248, -44.5788841247559
1.254, -44.5891723632813
1.26, -44.6024017333984
1.266, -44.6178359985352
1.272, -44.6354751586914
1.278, -44.6545829772949
1.284, -44.675895690918
1.29, -44.6994132995605
1.296, -44.7236671447754
1.302, -44.7486534118652
1.308, -44.7743759155273
1.314, -44.8008346557617
1.32, -44.8265571594238
1.326, -44.8508110046387
1.332, -44.8743286132813
1.338, -44.8956413269043
1.344, -44.9147491455078
1.35, -44.9309196472168
1.356, -44.944881439209
1.362, -44.9551696777344
1.368, -44.961784362793
1.374, -44.965461730957
1.38, -44.9632568359375
1.386, -44.9581108093262
1.392, -44.9500274658203
1.398, -44.9397354125977
1.404, -44.9272422790527
1.41, -44.9132804870605
1.416, -44.8978462219238
1.422, -44.8824119567871
1.428, -44.8662452697754
1.434, -44.8515434265137
1.44, -44.8375816345215
1.446, -44.8250885009766
1.452, -44.8140640258789
1.458, -44.805980682373
1.464, -44.8000984191895
1.47, -44.7971611022949
1.476, -44.7971611022949
1.482, -44.7978935241699
1.488, -44.802303314209
1.494, -44.8103866577148
1.5, -44.8214111328125
1.506, -44.835376739502
1.512, -44.8522796630859
1.518, -44.8706550598145
1.524, -44.8912315368652
1.53, -44.9132804870605
1.536, -44.9367980957031
1.542, -44.9595794677734
1.548, -44.983097076416
1.554, -45.0051460266113
1.56, -45.0257263183594
1.566, -45.0440979003906
1.572, -45.0602684020996
1.578, -45.0734939575195
1.584, -45.0845184326172
1.59, -45.0933380126953
1.596, -45.0992202758789
1.602, -45.1028938293457
1.608, -45.1028938293457
1.614, -45.1006889343262
1.62, -45.0962791442871
1.626, -45.0911331176758
1.632, -45.0852546691895
1.638, -45.0779037475586
1.644, -45.0690879821777
1.65, -45.0595321655273
1.656, -45.049243927002
1.662, -45.037483215332
1.668, -45.0249900817871
1.674, -45.0117607116699
1.68, -44.9977989196777
1.686, -44.982364654541
1.692, -44.966194152832
1.698, -44.949291229248
1.704, -44.9316520690918
1.71, -44.9132804870605
1.716, -44.8956413269043
1.722, -44.8787384033203
1.728, -44.8625679016113
1.734, -44.8471336364746
1.74, -44.8339080810547
1.746, -44.8221473693848
1.752, -44.8133277893066
1.758, -44.8074493408203
1.764, -44.8045082092285
1.77, -44.8045082092285
1.776, -44.8052444458008
1.782, -44.8089179992676
1.788, -44.8162689208984
1.794, -44.8280258178711
1.8, -44.8427238464355
1.806, -44.8603630065918
1.812, -44.8809432983398
1.818, -44.9044609069824
1.824, -44.9294471740723
1.83, -44.9559059143066
1.836, -44.9838333129883
1.842, -45.0124969482422
1.848, -45.0404243469238
1.854, -45.0683517456055
1.86, -45.0955429077148
1.866, -45.121265411377
1.872, -45.1440505981445
1.878, -45.1646270751953
1.884, -45.1830024719238
1.89, -45.1977005004883
1.896, -45.2094573974609
1.902, -45.2175445556641
1.908, -45.2219543457031
1.914, -45.2212181091309
1.92, -45.2160720825195
1.926, -45.2072525024414
1.932, -45.196964263916
1.938, -45.1844711303711
1.944, -45.1705055236816
1.95, -45.1550750732422
1.956, -45.1381683349609
1.962, -45.120532989502
1.968, -45.1021575927734
1.974, -45.0837860107422
1.98, -45.0654106140137
1.986, -45.0470390319824
1.992, -45.0279312133789
1.998, -45.0088195800781
2.004, -44.9897117614746
2.01, -44.9706039428711
2.016, -44.9522323608398
2.022, -44.9331245422363
2.028, -44.9147491455078
2.034, -44.8971099853516
2.04, -44.8794708251953
2.046, -44.8633041381836
2.052, -44.8478698730469
2.058, -44.8339080810547
2.064, -44.8214111328125
2.07, -44.8118591308594
2.076, -44.8045082092285
2.082, -44.7993659973145
2.088, -44.7978935241699
2.094, -44.7978935241699
2.1, -44.7986297607422
2.106, -44.802303314209
2.112, -44.8096542358398
2.118, -44.819206237793
2.124, -44.8317031860352
2.13, -44.8464012145996
2.136, -44.8625679016113
2.142, -44.8802070617676
2.148, -44.8985824584961
2.154, -44.9176902770996
2.16, -44.9360618591309
2.166, -44.9537010192871
2.172, -44.9698715209961
2.178, -44.9845695495605
2.184, -44.9970626831055
2.19, -45.0066146850586
2.196, -45.0147018432617
2.202, -45.0198440551758
2.208, -45.0220489501953
2.214, -45.0198440551758
2.22, -45.016170501709
2.226, -45.0110244750977
2.232, -45.0044136047363
2.238, -44.9970626831055
2.244, -44.9897117614746
2.25, -44.9816284179688
2.256, -44.9735450744629
2.262, -44.966194152832
2.268, -44.9588470458984
2.274, -44.9529647827148
2.28, -44.949291229248
2.286, -44.9478225708008
2.292, -44.9478225708008
2.298, -44.9500274658203
2.304, -44.9573745727539
2.31, -44.9720726013184
2.316, -44.9948577880859
2.322, -45.0301361083984
2.328, -45.0793762207031
2.334, -45.1433143615723
2.34, -45.2293014526367
2.346, -45.3366012573242
2.352, -45.4710960388184
2.358, -45.6342506408691
2.364, -45.8290100097656
2.37, -46.0597801208496
2.376, -46.3265609741211
2.382, -46.6345024108887
2.388, -46.9843292236328
2.394, -47.3767852783203
2.4, -47.8133392333984
2.406, -48.2939872741699
2.412, -48.8179969787598
2.418, -49.3787536621094
2.424, -49.9850769042969
2.43, -50.6281471252441
2.436, -51.3057556152344
2.442, -52.0068855285645
2.448, -52.7322692871094
2.454, -53.469409942627
2.46, -54.2116966247559
2.466, -54.955451965332
2.472, -55.6845092773438
2.478, -56.398868560791
2.484, -57.0852966308594
2.49, -57.7393913269043
2.496, -58.3515930175781
2.502, -58.9255790710449
2.508, -59.4562034606934
2.514, -59.9390563964844
2.52, -60.373405456543
2.526, -60.7614517211914
2.532, -61.1054000854492
2.538, -61.4067230224609
2.544, -61.6713027954102
2.55, -61.9013366699219
2.556, -62.1005058288574
2.562, -62.2746849060059
2.568, -62.4246101379395
2.574, -62.5569000244141
2.58, -62.6722869873047
2.586, -62.7751770019531
2.592, -62.8670425415039
2.598, -62.9493560791016
2.604, -63.0250549316406
2.61, -63.0948753356934
2.616, -63.1595497131348
2.622, -63.2212829589844
2.628, -63.2793426513672
2.634, -63.3351974487305
2.64, -63.3895835876465
2.646, -63.441764831543
2.652, -63.4924736022949
2.658, -63.5417137145996
2.664, -63.5909576416016
2.67, -63.6401977539063
2.676, -63.6879692077637
2.682, -63.7357368469238
2.688, -63.782039642334
2.694, -63.8290748596191
2.7, -63.874641418457
2.706, -63.9209442138672
2.712, -63.9665069580078
2.718, -64.0113372802734
2.724, -64.0561676025391
2.73, -64.0995330810547
2.736, -64.1428909301758
2.742, -64.1855163574219
2.748, -64.2281494140625
2.754, -64.2693023681641
2.76, -64.3104553222656
2.766, -64.3516159057617
2.772, -64.3913040161133
2.778, -64.4302520751953
2.784, -64.4692077636719
2.79, -64.5074234008789
2.796, -64.5456390380859
2.802, -64.583122253418
2.808, -64.62060546875
2.814, -64.6580810546875
2.82, -64.6940994262695
2.826, -64.730110168457
2.832, -64.7668533325195
2.838, -64.8036041259766
2.844, -64.8403472900391
2.85, -64.8770980834961
2.856, -64.9145736694336
2.862, -64.9513244628906
2.868, -64.9880676269531
2.874, -65.0255508422852
2.88, -65.0623016357422
2.886, -65.0990447998047
2.892, -65.1365280151367
2.898, -65.1732711791992
2.904, -65.2092895507813
2.91, -65.2460327148438
2.916, -65.2820434570313
2.922, -65.3180541992188
2.928, -65.3533325195313
2.934, -65.3893432617188
2.94, -65.4246215820313
2.946, -65.4598999023438
2.952, -65.4959106445313
2.958, -65.5311889648438
2.964, -65.5664672851563
2.97, -65.6024780273438
2.976, -65.6392211914063
2.982, -65.6767044067383
2.988, -65.7134552001953
2.994, -65.7516708374023
3.0, -65.7906188964844
3.006, -65.8310394287109
3.012, -65.872200012207
3.018, -65.9140930175781
3.024, -65.9567184448242
3.03, -66.0000762939453
3.036, -66.0449066162109
3.042, -66.0904769897461
3.048, -66.1360397338867
3.054, -66.1823425292969
3.06, -66.229377746582
3.066, -66.2756805419922
3.072, -66.3227157592773
3.078, -66.3704833984375
3.084, -66.4182586669922
3.09, -66.4652938842773
3.096, -66.5130615234375
3.102, -66.5593643188477
3.108, -66.6056671142578
3.114, -66.6512298583984
3.12, -66.6960601806641
3.126, -66.7408905029297
3.132, -66.7842559814453
3.138, -66.8276138305664
3.144, -66.870979309082
3.15, -66.9121322631836
3.156, -66.9532928466797
3.162, -66.9944458007813
3.168, -67.0348663330078
3.174, -67.0745544433594
3.18, -67.1135101318359
3.186, -67.152458190918
3.192, -67.190673828125
3.198, -67.2296295166016
3.204, -67.2678451538086
3.21, -67.3067932128906
3.216, -67.3450088500977
3.222, -67.3846969604492
3.228, -67.4236526489258
3.234, -67.4633331298828
3.24, -67.5044937133789
3.246, -67.5456466674805
3.252, -67.5875396728516
3.258, -67.6301651000977
3.264, -67.6727905273438
3.27, -67.7161560058594
3.276, -67.7595138549805
3.282, -67.8028793334961
3.288, -67.8462371826172
3.294, -67.8888626098633
3.3, -67.9322280883789
3.306, -67.97412109375
3.312, -68.0160064697266
3.318, -68.0564270019531
3.324, -68.0968551635742
3.33, -68.1358032226563
3.336, -68.1740188598633
3.342, -68.2107696533203
3.348, -68.2475128173828
3.354, -68.2835235595703
3.36, -68.3180694580078
3.366, -68.3518753051758
3.372, -68.3849487304688
3.378, -68.4172821044922
3.384, -68.4496231079102
3.39, -68.4812240600586
3.396, -68.512825012207
3.402, -68.545166015625
3.408, -68.5774993896484
3.414, -68.6098403930664
3.42, -68.6429061889648
3.426, -68.6767196655273
3.432, -68.7105255126953
3.438, -68.7465362548828
3.444, -68.7832794189453
3.45, -68.8207626342773
3.456, -68.8597183227539
3.462, -68.8993988037109
3.468, -68.940559387207
3.474, -68.9824523925781
3.48, -69.0258102416992
3.486, -69.0699081420898
3.492, -69.1147384643555
3.498, -69.1603012084961
3.504, -69.2066040039063
3.51, -69.2536392211914
3.516, -69.3014144897461
3.522, -69.3484497070313
3.528, -69.3954849243164
3.534, -69.4417877197266
3.54, -69.4888229370117
3.546, -69.5351257324219
3.552, -69.5806884765625
3.558, -69.6262512207031
3.564, -69.6710891723633
3.57, -69.7151794433594
3.576, -69.758544921875
3.582, -69.8004379272461
3.588, -69.8423233032227
3.594, -69.8820114135742
3.6, -69.9209671020508
3.606, -69.9591827392578
3.612, -69.9951934814453
3.618, -70.0297317504883
3.624, -70.0620727539063
3.63, -70.0936737060547
3.636, -70.1230697631836
3.642, -70.1517333984375
3.648, -70.1789245605469
3.654, -70.2039184570313
3.66, -70.2281646728516
3.666, -70.2502136230469
3.672, -70.2715301513672
3.678, -70.292106628418
3.684, -70.3112182617188
3.69, -70.328857421875
3.696, -70.3472290039063
3.702, -70.3648681640625
3.708, -70.3825073242188
3.714, -70.400146484375
3.72, -70.4185180664063
3.726, -70.4376220703125
3.732, -70.4574661254883
3.738, -70.4787826538086
3.744, -70.5015640258789
3.75, -70.5258178710938
3.756, -70.5515365600586
3.762, -70.5787353515625
3.768, -70.6073913574219
3.774, -70.6382598876953
3.78, -70.6706008911133
3.786, -70.7051391601563
3.792, -70.7418899536133
3.798, -70.7801055908203
3.804, -70.8197937011719
3.81, -70.8609466552734
3.816, -70.9035720825195
3.822, -70.9476699829102
3.828, -70.9917678833008
3.834, -71.0373306274414
3.84, -71.082160949707
3.846, -71.1277313232422
3.852, -71.1740341186523
3.858, -71.219596862793
3.864, -71.2644271850586
3.87, -71.3092575073242
3.876, -71.3526229858398
3.882, -71.3959808349609
3.888, -71.437873840332
3.894, -71.4790267944336
3.9, -71.5187149047852
3.906, -71.5576705932617
3.912, -71.5958862304688
3.918, -71.6333694458008
3.924, -71.6708450317383
3.93, -71.7083282470703
3.936, -71.7465438842773
3.942, -71.7847595214844
3.948, -71.8244476318359
3.954, -71.8641357421875
3.96, -71.9045562744141
3.966, -71.9464492797852
3.972, -71.9905471801758
3.978, -72.0353775024414
3.984, -72.0824127197266
3.99, -72.1316528320313
3.996, -72.1823654174805
4.002, -72.2352828979492
4.008, -72.288932800293
4.014, -72.3447875976563
4.02, -72.4013748168945
4.026, -72.4587020874023
4.032, -72.5174942016602
4.038, -72.575553894043
4.044, -72.6350860595703
4.05, -72.6953506469727
4.056, -72.7548828125
4.062, -72.8144073486328
4.068, -72.8739395141602
4.074, -72.932731628418
4.08, -72.9907913208008
4.086, -73.0481185913086
4.092, -73.1039733886719
4.098, -73.1598281860352
4.104, -73.2142181396484
4.11, -73.2678680419922
4.116, -73.3200454711914
4.122, -73.3700180053711
4.128, -73.4199981689453
4.134, -73.46923828125
4.14, -73.5177459716797
4.146, -73.5655136108398
4.152, -73.612548828125
4.158, -73.6588516235352
4.164, -73.7044143676758
4.17, -73.7492523193359
4.176, -73.7940826416016
4.182, -73.8389129638672
4.188, -73.8830032348633
4.194, -73.9278411865234
4.2, -73.9726715087891
4.206, -74.0167617797852
4.212, -74.0615997314453
4.218, -74.1064300537109
4.224, -74.1512603759766
4.23, -74.1968231201172
4.236, -74.2416534423828
4.242, -74.2857513427734
4.248, -74.3305816650391
4.254, -74.3746795654297
4.26, -74.4180374145508
4.266, -74.4599304199219
4.272, -74.501823425293
4.278, -74.5422439575195
4.284, -74.5819320678711
4.29, -74.6216201782227
4.296, -74.6598358154297
4.302, -74.6965789794922
4.308, -74.7325973510742
4.314, -74.7678680419922
4.32, -74.8016738891602
4.326, -74.8347473144531
4.332, -74.8670883178711
4.338, -74.8986892700195
4.344, -74.928825378418
4.35, -74.9582214355469
4.356, -74.9868850708008
4.362, -75.0140762329102
4.368, -75.039794921875
4.374, -75.0655212402344
4.38, -75.0912399291992
4.386, -75.1154937744141
4.392, -75.1390151977539
4.398, -75.1625289916992
4.404, -75.1845779418945
4.41, -75.2073593139648
4.416, -75.2301483154297
4.422, -75.252197265625
4.428, -75.2757110595703
4.434, -75.2984924316406
4.44, -75.3220138549805
4.446, -75.3455276489258
4.452, -75.3697814941406
4.458, -75.3955078125
4.464, -75.4226989746094
4.47, -75.4506301879883
4.476, -75.4792861938477
4.482, -75.5094223022461
4.488, -75.5410232543945
4.494, -75.5733642578125
4.5, -75.6064300537109
4.506, -75.6409759521484
4.512, -75.6769866943359
4.518, -75.714469909668
4.524, -75.75341796875
4.53, -75.7938385009766
4.536, -75.8349990844727
4.542, -75.8783569335938
4.548, -75.9224548339844
4.554, -75.9680252075195
4.56, -76.0143203735352
4.566, -76.0620956420898
4.572, -76.1106033325195
4.578, -76.1598434448242
4.584, -76.2105484008789
4.59, -76.2619934082031
4.596, -76.3149108886719
4.602, -76.3685607910156
4.608, -76.4222106933594
4.614, -76.4780654907227
4.62, -76.5346603393555
4.626, -76.5912475585938
4.632, -76.6485748291016
4.638, -76.7058944702148
4.644, -76.7639617919922
4.65, -76.822021484375
4.656, -76.8800811767578
4.662, -76.9381408691406
4.668, -76.9947280883789
4.674, -77.0513153076172
4.68, -77.1071701049805
4.686, -77.1622924804688
4.692, -77.2159423828125
4.698, -77.2688598632813
4.704, -77.3210372924805
4.71, -77.3732223510742
4.716, -77.4239273071289
4.722, -77.4739074707031
4.728, -77.5238800048828
4.734, -77.5731201171875
4.74, -77.6231002807617
4.746, -77.6723403930664
4.752, -77.7223129272461
4.758, -77.7722930908203
4.764, -77.822265625
4.77, -77.8722457885742
4.776, -77.9236907958984
4.782, -77.9751358032227
4.788, -78.0265808105469
4.794, -78.0787582397461
4.8, -78.1316757202148
4.806, -78.1845932006836
4.812, -78.2375030517578
4.818, -78.2904205322266
4.824, -78.3440704345703
4.83, -78.3977203369141
4.836, -78.4521102905273
4.842, -78.5072250366211
4.848, -78.5623474121094
4.854, -78.6182022094727
4.86, -78.6755294799805
4.866, -78.7335891723633
4.872, -78.7923812866211
4.878, -78.8519134521484
4.884, -78.9129104614258
4.89, -78.9746475219727
4.896, -79.0363845825195
4.902, -79.0981140136719
4.908, -79.1598510742188
4.914, -79.2201156616211
4.92, -79.2796478271484
4.926, -79.3377075195313
4.932, -79.392822265625
4.938, -79.4472122192383
4.944, -79.4986572265625
4.95, -79.5478973388672
4.956, -79.5949325561523
4.962, -79.639030456543
4.968, -79.6823883056641
4.974, -79.7235488891602
4.98, -79.7632369995117
4.986, -79.8021850585938
4.992, -79.8404006958008
4.998, -79.8786163330078
5.004, -79.9175720214844
5.01, -79.9565200805664
5.016, -79.996208190918
5.022, -80.0381011962891
5.028, -80.0807266235352
5.034, -80.1248245239258
5.04, -80.1711273193359
5.046, -80.2188949584961
5.052, -80.2681350708008
5.058, -80.319580078125
5.064, -80.3724975585938
5.07, -80.427619934082
5.076, -80.4842071533203
5.082, -80.5422668457031
5.088, -80.6025314331055
5.094, -80.6635284423828
5.1, -80.7267379760742
5.106, -80.7914123535156
5.112, -80.8582916259766
5.118, -80.9259033203125
5.124, -80.994987487793
5.13, -81.0648040771484
5.136, -81.1338882446289
5.142, -81.2037124633789
5.148, -81.2727966308594
5.154, -81.3418807983398
5.16, -81.4087600708008
5.166, -81.4734344482422
5.172, -81.5359039306641
5.178, -81.5954284667969
5.184, -81.6520233154297
5.19, -81.7056732177734
5.196, -81.7563781738281
5.202, -81.8026809692383
5.208, -81.8467788696289
5.214, -81.8879318237305
5.22, -81.926155090332
5.226, -81.96142578125
5.232, -81.9952392578125
5.238, -82.0275726318359
5.244, -82.0591735839844
5.25, -82.0900421142578
5.256, -82.1201782226563
5.262, -82.1517791748047
5.268, -82.1841125488281
5.274, -82.2171859741211
5.28, -82.2517318725586
5.286, -82.2862701416016
5.292, -82.3222808837891
5.298, -82.3590316772461
5.304, -82.3957748413086
5.31, -82.4332580566406
5.316, -82.4714736938477
5.322, -82.5089569091797
5.328, -82.5464401245117
5.334, -82.5831832885742
5.34, -82.6199340820313
5.346, -82.6566772460938
5.352, -82.6934280395508
5.358, -82.7301712036133
5.364, -82.7683868408203
5.37, -82.8073425292969
5.376, -82.8477630615234
5.382, -82.8896560668945
5.388, -82.9337463378906
5.394, -82.9800491333008
5.4, -83.0278244018555
5.406, -83.0770645141602
5.412, -83.1285095214844
5.418, -83.1814270019531
5.424, -83.2343368530273
5.43, -83.2879867553711
5.436, -83.3423767089844
5.442, -83.3960266113281
5.448, -83.4496765136719
5.454, -83.5025939941406
5.46, -83.5547714233398
5.466, -83.6054840087891
5.472, -83.6554565429688
5.478, -83.7039642333984
5.484, -83.7517318725586
5.49, -83.7987670898438
5.496, -83.8458099365234
5.502, -83.8921051025391
5.508, -83.9376754760742
5.514, -83.9839706420898
5.52, -84.029541015625
5.526, -84.0751037597656
5.532, -84.1206741333008
5.538, -84.1655044555664
5.544, -84.210334777832
5.55, -84.2544326782227
5.556, -84.2977905273438
5.562, -84.3404159545898
5.568, -84.3808364868164
5.574, -84.420524597168
5.58, -84.4594802856445
5.586, -84.4976959228516
5.592, -84.5351791381836
5.598, -84.5719223022461
5.604, -84.6094055175781
5.61, -84.6476211547852
5.616, -84.6873092651367
5.622, -84.7292022705078
5.628, -84.7740325927734
5.634, -84.8225402832031
5.64, -84.8747177124023
5.646, -84.9320449829102
5.652, -84.994514465332
5.658, -85.062126159668
5.664, -85.1356201171875
5.67, -85.2157287597656
5.676, -85.3009796142578
5.682, -85.3921127319336
5.688, -85.489128112793
5.694, -85.5898132324219
5.7, -85.6956405639648
5.706, -85.8044128417969
5.712, -85.9146499633789
5.718, -86.027099609375
5.724, -86.1388092041016
5.73, -86.2490463256836
5.736, -86.3570861816406
5.742, -86.4614486694336
5.748, -86.560661315918
5.754, -86.6539993286133
5.76, -86.741455078125
5.766, -86.8200912475586
5.772, -86.8913803100586
5.778, -86.9531173706055
5.784, -87.0067672729492
5.79, -87.0515975952148
5.796, -87.0883483886719
5.802, -87.1170120239258
5.808, -87.1375885009766
5.814, -87.1515502929688
5.82, -87.1596374511719
5.826, -87.1603698730469
5.832, -87.1544876098633
5.838, -87.1471405029297
5.844, -87.136848449707
5.85, -87.1265640258789
5.856, -87.1155395507813
5.862, -87.1052474975586
5.868, -87.0956954956055
5.874, -87.0876083374023
5.88, -87.0809936523438
5.886, -87.0765838623047
5.892, -87.0751190185547
5.898, -87.0751190185547
5.904, -87.0758514404297
5.91, -87.0802612304688
5.916, -87.0883483886719
5.922, -87.0993728637695
5.928, -87.1133346557617
5.934, -87.131706237793
5.94, -87.1537551879883
5.946, -87.1787414550781
5.952, -87.206672668457
5.958, -87.2375411987305
5.964, -87.2706069946289
5.97, -87.3051528930664
5.976, -87.3411636352539
5.982, -87.3764419555664
5.988, -87.4117202758789
5.994, -87.4462585449219
6.0, -87.4793319702148
6.006, -87.5094680786133
6.012, -87.5373916625977
6.018, -87.563117980957
6.024, -87.5858993530273
6.03, -87.6057434082031
6.036, -87.6226425170898
6.042, -87.6373443603516
6.048, -87.6505737304688
6.054, -87.6615982055664
6.06, -87.6718826293945
6.066, -87.6829071044922
6.072, -87.6946716308594
6.078, -87.7086334228516
6.084, -87.7248001098633
6.09, -87.7439117431641
6.096, -87.7681655883789
6.102, -87.7960891723633
6.108, -87.8298950195313
6.114, -87.8688507080078
6.12, -87.9144134521484
6.126, -87.9658584594727
6.132, -88.025390625
6.138, -88.0922698974609
6.144, -88.16796875
6.15, -88.2502822875977
6.156, -88.3421478271484
6.162, -88.4435653686523
6.168, -88.5538101196289
6.174, -88.6736068725586
6.18, -88.8036880493164
6.186, -88.9425888061523
6.192, -89.0910491943359
6.198, -89.2475891113281
6.204, -89.4129486083984
6.21, -89.5841903686523
6.216, -89.7605743408203
6.222, -89.9413681030273
6.228, -90.1229019165039
6.234, -90.3022232055664
6.24, -90.4808120727539
6.246, -90.6549911499023
6.252, -90.8218231201172
6.258, -90.9783630371094
6.264, -91.1253509521484
6.27, -91.2583770751953
6.276, -91.378173828125
6.282, -91.484001159668
6.288, -91.5758666992188
6.294, -91.6530380249023
6.3, -91.7162399291992
6.306, -91.7669525146484
6.312, -91.8051681518555
6.318, -91.8338317871094
6.324, -91.8522033691406
6.33, -91.8639602661133
6.336, -91.8654327392578
6.342, -91.8588180541992
6.348, -91.8477935791016
6.354, -91.8345642089844
6.36, -91.8176651000977
6.366, -91.8000259399414
6.372, -91.7801818847656
6.378, -91.7581329345703
6.384, -91.7346115112305
6.39, -91.7103652954102
6.396, -91.6831665039063
6.402, -91.6545104980469
6.408, -91.6236419677734
6.414, -91.5905685424805
6.42, -91.5538177490234
6.426, -91.5156021118164
6.432, -91.4744491577148
6.438, -91.4310836791992
6.444, -91.3847885131836
6.45, -91.3362808227539
6.456, -91.2863006591797
6.462, -91.235595703125
6.468, -91.1841506958008
6.474, -91.132698059082
6.48, -91.0812530517578
6.486, -91.0312805175781
6.492, -90.9820404052734
6.498, -90.9357376098633
6.504, -90.8916397094727
6.51, -90.8504867553711
6.516, -90.8122711181641
6.522, -90.7769927978516
6.528, -90.7453918457031
6.534, -90.7167282104492
6.54, -90.6917419433594
6.546, -90.6696929931641
6.552, -90.6513214111328
6.558, -90.6366195678711
6.564, -90.6248626708984
6.57, -90.6175079345703
6.576, -90.6145706176758
6.582, -90.6145706176758
6.588, -90.6167755126953
6.594, -90.6241226196289
6.6, -90.6373519897461
6.606, -90.6571960449219
6.612, -90.6836547851563
6.618, -90.7182006835938
6.624, -90.7608261108398
6.63, -90.8130035400391
6.636, -90.8725357055664
6.642, -90.9416198730469
6.648, -91.0195236206055
6.654, -91.1055068969727
6.66, -91.199577331543
6.666, -91.3010025024414
6.672, -91.4075698852539
6.678, -91.5192794799805
6.684, -91.6331939697266
6.69, -91.7478408813477
6.696, -91.8617553710938
6.702, -91.9712677001953
6.708, -92.0763626098633
6.714, -92.1726379394531
6.72, -92.2593612670898
6.726, -92.3350601196289
6.732, -92.3967895507813
6.738, -92.4438247680664
6.744, -92.4754333496094
6.75, -92.4893951416016
6.756, -92.4710235595703
6.762, -92.4357452392578
6.768, -92.3865051269531
6.774, -92.3225631713867
6.78, -92.2453994750977
6.786, -92.1564712524414
6.792, -92.0572509765625
6.798, -91.9514236450195
6.804, -91.8375091552734
6.81, -91.7206497192383
6.816, -91.6001205444336
6.822, -91.4795913696289
6.828, -91.3619995117188
6.834, -91.2480850219727
6.84, -91.1400527954102
6.846, -91.0393676757813
6.852, -90.9482345581055
6.858, -90.8681259155273
6.864, -90.8005142211914
6.87, -90.7453918457031
6.876, -90.703498840332
6.882, -90.6748352050781
6.888, -90.6601409912109
6.894, -90.6579360961914
6.9, -90.6586685180664
6.906, -90.6689605712891
6.912, -90.6902694702148
6.918, -90.7204055786133
6.924, -90.7578811645508
6.93, -90.8012466430664
6.936, -90.8475494384766
6.942, -90.8953170776367
6.948, -90.9416198730469
6.954, -90.984977722168
6.96, -91.0253982543945
6.966, -91.0584716796875
6.972, -91.0856628417969
6.978, -91.1055068969727
6.984, -91.1172714233398
6.99, -91.1180038452148
6.996, -91.1084518432617
7.002, -91.093017578125
7.008, -91.0731735229492
7.014, -91.0503921508789
7.02, -91.0253982543945
7.026, -90.9989471435547
7.032, -90.9724884033203
7.038, -90.9482345581055
7.044, -90.9247131347656
7.05, -90.9048690795898
7.056, -90.8872299194336
7.062, -90.8740005493164
7.068, -90.8644485473633
7.074, -90.8593063354492
7.08, -90.8585739135742
7.086, -90.8585739135742
7.092, -90.8615112304688
7.098, -90.8681259155273
7.104, -90.8776779174805
7.11, -90.8879699707031
7.116, -90.8997268676758
7.122, -90.9114837646484
7.128, -90.9217758178711
7.134, -90.9313278198242
7.14, -90.9372100830078
7.146, -90.9372100830078
7.152, -90.9298629760742
7.158, -90.917366027832
7.164, -90.8997268676758
7.17, -90.8762054443359
7.176, -90.8475494384766
7.182, -90.8144760131836
7.188, -90.7762603759766
7.194, -90.7336349487305
7.2, -90.6880645751953
7.206, -90.6380920410156
7.212, -90.5851745605469
7.218, -90.5300521850586
7.224, -90.4727325439453
7.23, -90.414665222168
7.236, -90.3551406860352
7.242, -90.2956085205078
7.248, -90.2353439331055
7.254, -90.1765518188477
7.26, -90.1184921264648
7.266, -90.0633697509766
7.272, -90.0104522705078
7.278, -89.9604797363281
7.284, -89.9156494140625
7.29, -89.8752288818359
7.296, -89.8392105102539
7.302, -89.80908203125
7.308, -89.7855606079102
7.314, -89.7686614990234
7.32, -89.7591018676758
7.326, -89.7561645507813
7.332, -89.7568969726563
7.338, -89.7620468139648
7.344, -89.775276184082
7.35, -89.7958526611328
7.356, -89.8230438232422
7.362, -89.8590545654297
7.368, -89.9016799926758
7.374, -89.95166015625
7.38, -90.0089874267578
7.386, -90.0736618041992
7.392, -90.1442108154297
7.398, -90.2221145629883
7.404, -90.3059005737305
7.41, -90.3962936401367
7.416, -90.4925689697266
7.422, -90.5947265625
7.428, -90.702766418457
7.434, -90.8166809082031
7.44, -90.9372100830078
7.446, -91.0636215209961
7.452, -91.1944351196289
7.458, -91.3326034545898
7.464, -91.4773864746094
7.47, -91.6287841796875
7.476, -91.7860641479492
7.482, -91.95068359375
7.488, -92.1219253540039
7.494, -92.2997817993164
7.5, -92.4849853515625
7.506, -92.6760711669922
7.512, -92.8730316162109
7.518, -93.0766067504883
7.524, -93.2845993041992
7.53, -93.4947891235352
7.536, -93.7101211547852
7.542, -93.9276657104492
7.548, -94.1459426879883
7.554, -94.3634796142578
7.56, -94.5780868530273
7.566, -94.7882766723633
7.572, -94.9911193847656
7.578, -95.1858749389648
7.584, -95.3696136474609
7.59, -95.5415878295898
7.596, -95.7003326416016
7.602, -95.8436431884766
7.608, -95.9722595214844
7.614, -96.0854415893555
7.62, -96.1853866577148
7.626, -96.2713775634766
7.632, -96.3470764160156
7.638, -96.412483215332
7.644, -96.4720153808594
7.65, -96.5256652832031
7.656, -96.5785827636719
7.662, -96.6337051391602
7.668, -96.6910247802734
7.674, -96.7564392089844
7.68, -96.8306655883789
7.686, -96.9173889160156
7.692, -97.0166015625
7.698, -97.1327209472656
7.704, -97.2664794921875
7.71, -97.4193496704102
7.716, -97.5898513793945
7.722, -97.7787322998047
7.728, -97.9837799072266
7.734, -98.2005844116211
7.74, -98.4284133911133
7.746, -98.656982421875
7.752, -98.8833389282227
7.758, -99.1008834838867
7.764, -99.2963790893555
7.77, -99.4683532714844
7.776, -99.6057815551758
7.782, -99.7072067260742
7.788, -99.7711486816406
7.794, -99.7829055786133
7.8, -99.7395401000977
7.806, -99.6667861938477
7.812, -99.5719757080078
7.818, -99.4617385864258
7.824, -99.337532043457
7.83, -99.2081832885742
7.836, -99.0751571655273
7.842, -98.942138671875
7.848, -98.8142547607422
7.854, -98.6893157958984
7.86, -98.5709915161133
7.866, -98.4585494995117
7.872, -98.3527145385742
7.878, -98.2520294189453
7.884, -98.1564865112305
7.89, -98.0638885498047
7.896, -97.9742279052734
7.902, -97.8860321044922
7.908, -97.7978439331055
7.914, -97.7089157104492
7.92, -97.619255065918
7.926, -97.5273818969727
7.932, -97.4355163574219
7.938, -97.339241027832
7.944, -97.2414932250977
7.95, -97.1422805786133
7.956, -97.0408554077148
7.962, -96.9386978149414
7.968, -96.835075378418
7.974, -96.730712890625
7.98, -96.625617980957
7.986, -96.5205230712891
7.992, -96.4146881103516
7.998, -96.3081283569336
8.004, -96.2022933959961
8.01, -96.0979309082031
8.016, -95.9928359985352
8.022, -95.8892135620117
8.028, -95.7863235473633
8.034, -95.6863708496094
8.04, -95.5900955200195
8.046, -95.4974899291992
8.052, -95.4114990234375
8.058, -95.3313903808594
8.064, -95.2601089477539
8.07, -95.197639465332
8.076, -95.1454544067383
8.082, -95.1043014526367
8.088, -95.0748977661133
8.094, -95.0579986572266
8.1, -95.0535888671875
8.106, -95.0543212890625
8.112, -95.0624084472656
8.118, -95.0844573974609
8.124, -95.1189956665039
8.13, -95.1667709350586
8.136, -95.2277679443359
8.142, -95.3005294799805
8.148, -95.3857803344727
8.154, -95.483528137207
8.16, -95.5922927856445
8.166, -95.7128295898438
8.172, -95.8451156616211
8.178, -95.9884262084961
8.184, -96.1420288085938
8.19, -96.3088607788086
8.196, -96.4881820678711
8.202, -96.6792678833008
8.208, -96.8835830688477
8.214, -97.1003875732422
8.22, -97.3304214477539
8.226, -97.5751571655273
8.232, -97.833854675293
8.238, -98.1079864501953
8.244, -98.3968124389648
8.25, -98.7018127441406
8.256, -99.0222473144531
8.262, -99.3544387817383
8.268, -99.7035293579102
8.274, -100.066589355469
8.28, -100.43773651123
8.286, -100.816223144531
8.292, -101.195449829102
8.298, -101.570266723633
8.304, -101.935531616211
8.31, -102.278747558594
8.316, -102.598449707031
8.322, -102.882865905762
8.328, -103.12686920166
8.334, -103.328971862793
8.34, -103.485511779785
8.346, -103.595016479492
8.352, -103.666305541992
8.358, -103.699378967285
8.364, -103.678802490234
8.37, -103.636177062988
8.376, -103.586936950684
8.382, -103.53475189209
8.388, -103.485511779785
8.394, -103.451705932617
8.4, -103.434066772461
8.406, -103.434066772461
8.412, -103.445091247559
8.418, -103.48698425293
8.424, -103.566360473633
8.43, -103.693504333496
8.436, -103.869148254395
8.442, -104.107269287109
8.448, -104.408592224121
8.454, -104.787086486816
8.46, -105.253036499023
8.466, -105.812324523926
8.472, -106.492141723633
8.478, -107.294692993164
8.484, -108.236877441406
8.49, -109.326057434082
8.496, -110.493865966797
8.502, -111.508819580078
8.508, -112.342971801758
8.514, -112.862571716309
8.52, -112.766296386719
8.526, -112.356201171875
8.532, -111.765312194824
8.538, -111.089904785156
8.544, -110.36157989502
8.55, -109.601654052734
8.556, -108.849082946777
8.562, -108.105323791504
8.568, -107.388763427734
8.574, -106.703063964844
8.58, -106.057792663574
8.586, -105.443382263184
8.592, -104.86646270752
8.598, -104.326278686523
8.604, -103.823585510254
8.61, -103.356163024902
8.616, -102.922554016113
8.622, -102.522010803223
8.628, -102.153076171875
8.634, -101.815002441406
8.64, -101.506332397461
8.646, -101.2255859375
8.652, -100.972763061523
8.658, -100.745674133301
8.664, -100.545768737793
8.67, -100.369384765625
8.676, -100.215782165527
8.682, -100.086433410645
8.688, -99.9776611328125
8.694, -99.8894729614258
8.7, -99.8211212158203
8.706, -99.7711486816406
8.712, -99.7380752563477
8.718, -99.7204360961914
8.724, -99.7160263061523
8.73, -99.7167587280273
8.736, -99.7248458862305
8.742, -99.7424850463867
8.748, -99.7689437866211
8.754, -99.8020095825195
8.76, -99.8402328491211
8.766, -99.8821182250977
8.772, -99.9269485473633
8.778, -99.973991394043
8.784, -100.020286560059
8.79, -100.066589355469
8.796, -100.111419677734
8.802, -100.155517578125
8.808, -100.198143005371
8.814, -100.239303588867
8.82, -100.278984069824
8.826, -100.316467285156
8.832, -100.351745605469
8.838, -100.384078979492
8.844, -100.412742614746
8.85, -100.43773651123
8.856, -100.456108093262
8.862, -100.468597412109
8.868, -100.461982727051
8.874, -100.43994140625
8.88, -100.401718139648
8.886, -100.34513092041
8.892, -100.268699645996
8.898, -100.172424316406
8.904, -100.055564880371
8.91, -99.9181365966797
8.916, -99.760856628418
8.922, -99.5881500244141
8.928, -99.4022064208984
8.934, -99.2059783935547
8.94, -99.0060729980469
8.946, -98.8024978637695
8.952, -98.6040649414063
8.958, -98.4122467041016
8.964, -98.22998046875
8.97, -98.0631561279297
8.976, -97.9124908447266
8.982, -97.7809371948242
8.988, -97.6714324951172
8.994, -97.5810317993164
9.0, -97.5134201049805
9.006, -97.4671173095703
9.012, -97.4399261474609
9.018, -97.4303741455078
9.024, -97.4296340942383
9.03, -97.4340438842773
9.036, -97.4487457275391
9.042, -97.4722671508789
9.048, -97.4965133666992
9.054, -97.5207672119141
9.06, -97.5406112670898
9.066, -97.5516357421875
9.072, -97.5442886352539
9.078, -97.5229721069336
9.084, -97.4906387329102
9.09, -97.4472732543945
9.096, -97.3958282470703
9.102, -97.339241027832
9.108, -97.2782440185547
9.114, -97.2165069580078
9.12, -97.1569747924805
9.126, -97.1011199951172
9.132, -97.0511474609375
9.138, -97.0077819824219
9.144, -96.9732437133789
9.15, -96.9467849731445
9.156, -96.9284133911133
9.162, -96.9173889160156
9.168, -96.9144439697266
9.174, -96.9144439697266
9.18, -96.9166488647461
9.186, -96.9225311279297
9.192, -96.9313507080078
9.198, -96.9394378662109
9.204, -96.9475173950195
9.21, -96.9511947631836
9.216, -96.9467849731445
9.222, -96.9372329711914
9.228, -96.9225311279297
9.234, -96.9056243896484
9.24, -96.8857879638672
9.246, -96.8659439086914
9.252, -96.8483047485352
9.258, -96.8336029052734
9.264, -96.8269882202148
9.27, -96.8262557983398
9.276, -96.8277282714844
9.282, -96.840950012207
9.288, -96.8666763305664
9.294, -96.907829284668
9.3, -96.9651565551758
9.306, -97.0393829345703
9.312, -97.1305160522461
9.318, -97.2363510131836
9.324, -97.3590850830078
9.33, -97.4935760498047
9.336, -97.6405639648438
9.342, -97.7934341430664
9.348, -97.9507064819336
9.354, -98.1094512939453
9.36, -98.263053894043
9.366, -98.410041809082
9.372, -98.5467376708984
9.378, -98.6709442138672
9.384, -98.7826538085938
9.39, -98.8811340332031
9.396, -98.9685974121094
9.402, -99.046501159668
9.408, -99.118522644043
9.414, -99.1868743896484
9.42, -99.2574234008789
9.426, -99.3309173583984
9.432, -99.4147033691406
9.438, -99.5095062255859
9.444, -99.6197509765625
9.45, -99.7498321533203
9.456, -99.9004974365234
9.462, -100.073204040527
9.468, -100.269432067871
9.474, -100.48770904541
9.48, -100.7265625
9.486, -100.987464904785
9.492, -101.263069152832
9.498, -101.552635192871
9.504, -101.846603393555
9.51, -102.139114379883
9.516, -102.427207946777
9.522, -102.69913482666
9.528, -102.953422546387
9.534, -103.182723999023
9.54, -103.381889343262
9.546, -103.552391052246
9.552, -103.690559387207
9.558, -103.798599243164
9.564, -103.875762939453
9.57, -103.924270629883
9.576, -103.940437316895
9.582, -103.908836364746
9.588, -103.854454040527
9.594, -103.777282714844
9.6, -103.678070068359
9.606, -103.560478210449
9.612, -103.423042297363
9.618, -103.27311706543
9.624, -103.109230041504
9.63, -102.93798828125
9.636, -102.763069152832
9.642, -102.58374786377
9.648, -102.408096313477
9.654, -102.238327026367
9.66, -102.077377319336
9.666, -101.931121826172
9.672, -101.79956817627
9.678, -101.687858581543
9.684, -101.598197937012
9.69, -101.532791137695
9.696, -101.492370605469
9.702, -101.478401184082
9.708, -101.478401184082
9.714, -101.490898132324
9.72, -101.530586242676
9.726, -101.592315673828
9.732, -101.677574157715
9.738, -101.782669067383
9.744, -101.900253295898
9.75, -102.029602050781
9.756, -102.158218383789
9.762, -102.281692504883
9.768, -102.394134521484
9.774, -102.483795166016
9.78, -102.548469543457
9.786, -102.580070495605
9.792, -102.543327331543
9.798, -102.472770690918
9.804, -102.368408203125
9.81, -102.237594604492
9.816, -102.081787109375
9.822, -101.906867980957
9.828, -101.719459533691
9.834, -101.521766662598
9.84, -101.32186126709
9.846, -101.122695922852
9.852, -100.928672790527
9.858, -100.744934082031
9.864, -100.573699951172
9.87, -100.419357299805
9.876, -100.281929016113
9.882, -100.168014526367
9.888, -100.076881408691
9.894, -100.01146697998
9.9, -99.973991394043
9.906, -99.9644317626953
9.912, -99.9651718139648
9.918, -99.9879531860352
9.924, -100.042335510254
9.93, -100.129791259766
9.936, -100.25032043457
9.942, -100.404663085938
9.948, -100.594276428223
9.954, -100.818428039551
9.96, -101.077865600586
9.966, -101.36962890625
9.972, -101.700355529785
9.978, -102.067825317383
9.984, -102.472770690918
9.99, -102.915939331055
9.996, -103.400260925293
10.002, -103.924270629883
10.008, -104.495315551758
10.014, -105.112663269043
10.02, -105.777778625488
10.026, -106.494346618652
10.032, -107.257942199707
10.038, -108.048736572266
10.044, -108.862312316895
10.05, -109.633255004883
10.056, -110.324836730957
10.062, -110.913520812988
10.068, -111.325080871582
10.074, -111.549240112305
10.08, -111.528663635254
10.086, -111.315528869629
10.092, -111.030372619629
10.098, -110.678337097168
10.104, -110.296173095703
10.11, -109.902976989746
10.116, -109.50611114502
10.122, -109.132034301758
10.128, -108.775588989258
10.134, -108.450012207031
10.14, -108.159713745117
10.146, -107.906158447266
10.152, -107.692291259766
10.158, -107.518112182617
10.164, -107.382148742676
10.17, -107.284400939941
10.176, -107.221199035645
10.182, -107.187393188477
10.188, -107.180038452148
10.194, -107.180778503418
10.2, -107.191802978516
10.206, -107.21752166748
10.212, -107.249862670898
10.218, -107.280723571777
10.224, -107.307182312012
10.23, -107.31453704834
10.236, -107.28881072998
10.242, -107.240303039551
