% Measurement ID: 598
% Mode ID: 1
% Date and time: 2020-09-23 09:12:52
% Sample ID: RAD9-42
% Measurement type: ringdown
% Frequency [Hz]: 40529.0
% Quality factor: 451570.859746266
% Temperature [K]: 293.0
% Pressure [mBar]: 2.5e-07
% Notes: 
% 
%
% measurement data
% time [s], power [dBm]
0.0, 1.307398
0.028037383177570093, 1.278102
0.056074766355140186, 1.199977
0.08411214953271028, 1.131617
0.11214953271028037, 1.10232
0.14018691588785046, 1.01443
0.16822429906542055, 0.8825937
0.19626168224299065, 0.8679453
0.22429906542056074, 0.7947031
0.2523364485981308, 0.7068125
0.2803738317757009, 0.6335703
0.308411214953271, 0.6189219
0.3364485981308411, 0.4968516
0.3644859813084112, 0.4577891
0.3925233644859813, 0.3845469
0.4205607476635514, 0.2966562
0.4485981308411215, 0.2429453
0.4766355140186916, 0.2429453
0.5046728971962616, 0.1159922
0.5327102803738317, 0.03298437
0.5607476635514018, -0.035375
0.5887850467289719, -0.09885156
0.616822429906542, -0.1720938
0.6448598130841121, -0.2160391
0.6728971962616822, -0.2746328
0.7009345794392523, -0.3869375
0.7289719626168224, -0.3967031
0.7570093457943925, -0.5090078
0.7850467289719626, -0.6017813
0.8130841121495327, -0.6457266
0.8411214953271028, -0.6554922
0.8691588785046729, -0.7922109
0.897196261682243, -0.8312734
0.9252336448598131, -0.89475
0.9532710280373832, -0.9826406
0.9813084112149533, -1.055883
1.0093457943925233, -1.094945
1.0373831775700935, -1.153539
1.0654205607476634, -1.246313
1.0934579439252337, -1.300023
1.1214953271028036, -1.392797
1.1495327102803738, -1.466039
1.1775700934579438, -1.495336
1.205607476635514, -1.568578
1.233644859813084, -1.671117
1.2616822429906542, -1.685766
1.2897196261682242, -1.783422
1.3177570093457944, -1.876195
1.3457943925233644, -1.915258
1.3738317757009346, -1.973852
1.4018691588785046, -2.066625
1.4299065420560748, -2.125219
1.4579439252336448, -2.193578
1.485981308411215, -2.281469
1.514018691588785, -2.33518
1.5420560747663552, -2.359594
1.5700934579439252, -2.471898
1.5981308411214954, -2.564672
1.6261682242990654, -2.569555
1.6542056074766356, -2.637914
1.6822429906542056, -2.740453
1.7102803738317758, -2.789281
1.7383177570093458, -2.862523
1.766355140186916, -2.965063
1.794392523364486, -2.989477
1.822429906542056, -3.072484
1.8504672897196262, -3.145727
1.8785046728971961, -3.194555
1.9065420560747663, -3.253148
1.9345794392523363, -3.365453
1.9626168224299065, -3.414281
1.9906542056074765, -3.467992
2.0186915887850465, -3.560766
2.046728971962617, -3.643773
2.074766355140187, -3.653539
2.102803738317757, -3.756078
2.130841121495327, -3.819555
2.1588785046728973, -3.8635
2.1869158878504673, -3.970922
2.2149532710280373, -4.049047
2.2429906542056073, -4.063695
2.2710280373831777, -4.14182
2.2990654205607477, -4.263891
2.3271028037383177, -4.283422
2.3551401869158877, -4.361547
2.383177570093458, -4.429906
2.411214953271028, -4.503148
2.439252336448598, -4.547094
2.467289719626168, -4.649633
2.4953271028037385, -4.698461
2.5233644859813085, -4.771703
2.5514018691588785, -4.83518
2.5794392523364484, -4.92307
2.607476635514019, -4.927953
2.635514018691589, -5.045141
2.663551401869159, -5.128148
2.691588785046729, -5.157445
2.719626168224299, -5.264867
2.7476635514018692, -5.342992
2.7757009345794392, -5.372289
2.803738317757009, -5.445531
2.831775700934579, -5.552953
2.8598130841121496, -5.557836
2.8878504672897196, -5.670141
2.9158878504672896, -5.767797
2.9439252336448596, -5.811742
2.97196261682243, -5.845922
3.0, -5.958227
3.02803738317757, -5.992406
3.05607476635514, -6.075414
3.0841121495327104, -6.177953
3.1121495327102804, -6.24143
3.1401869158878504, -6.256078
3.1682242990654204, -6.353734
3.196261682242991, -6.446508
3.2242990654205608, -6.461156
3.2523364485981308, -6.578344
3.2803738317757007, -6.646703
3.308411214953271, -6.695531
3.336448598130841, -6.759008
3.364485981308411, -6.846898
3.392523364485981, -6.861547
3.4205607476635516, -6.964086
3.4485981308411215, -7.061742
3.4766355140186915, -7.115453
3.5046728971962615, -7.149633
3.532710280373832, -7.257055
3.560747663551402, -7.291234
3.588785046728972, -7.364477
3.616822429906542, -7.45725
3.644859813084112, -7.510961
3.6728971962616823, -7.554906
3.7009345794392523, -7.628148
3.7289719626168223, -7.725805
3.7570093457943923, -7.750219
3.7850467289719627, -7.847875
3.8130841121495327, -7.921117
3.8411214953271027, -7.969945
3.8691588785046727, -8.057836
3.897196261682243, -8.126195
3.925233644859813, -8.135961
3.953271028037383, -8.262914
3.981308411214953, -8.350805
4.009345794392523, -8.36057
4.037383177570093, -8.438695
4.065420560747664, -8.536352
4.093457943925234, -8.575414
4.121495327102804, -8.648656
4.149532710280374, -8.736547
4.177570093457944, -8.800023
4.205607476635514, -8.848852
4.233644859813084, -8.941625
4.261682242990654, -9.000219
4.289719626168225, -9.034398
4.317757009345795, -9.132055
4.345794392523365, -9.195531
4.373831775700935, -9.224828
4.401869158878505, -9.322484
4.429906542056075, -9.420141
4.457943925233645, -9.434789
4.485981308411215, -9.532445
4.5140186915887845, -9.625219
4.542056074766355, -9.664281
4.570093457943925, -9.703344
4.598130841121495, -9.825414
4.626168224299065, -9.849828
4.654205607476635, -9.927953
4.682242990654205, -10.02073
4.710280373831775, -10.07444
4.738317757009345, -10.12327
4.766355140186916, -10.20627
4.794392523364486, -10.25998
4.822429906542056, -10.32834
4.850467289719626, -10.426
4.878504672897196, -10.49924
4.906542056074766, -10.5383
4.934579439252336, -10.62131
4.962616822429906, -10.72385
4.990654205607477, -10.74827
5.018691588785047, -10.86057
5.046728971962617, -10.90452
5.074766355140187, -10.98264
5.102803738317757, -11.04612
5.130841121495327, -11.12913
5.158878504672897, -11.15354
5.186915887850467, -11.23655
5.214953271028038, -11.34397
5.242990654205608, -11.38303
5.271028037383178, -11.42698
5.299065420560748, -11.50998
5.327102803738318, -11.57346
5.355140186915888, -11.62229
5.383177570093458, -11.76389
5.411214953271028, -11.79807
5.439252336448598, -11.83713
5.4672897196261685, -11.90061
5.4953271028037385, -11.99827
5.5233644859813085, -12.00315
5.5514018691588785, -12.11057
5.579439252336448, -12.18381
5.607476635514018, -12.23752
5.635514018691588, -12.31565
5.663551401869158, -12.42795
5.691588785046729, -12.44748
5.719626168224299, -12.50608
5.747663551401869, -12.6135
5.775700934579439, -12.65256
5.803738317757009, -12.72092
5.831775700934579, -12.79416
5.859813084112149, -12.87717
5.887850467289719, -12.8967
5.91588785046729, -13.02366
5.94392523364486, -13.07737
5.97196261682243, -13.14573
6.0, -13.19944
6.02803738317757, -13.30198
6.05607476635514, -13.31174
6.08411214953271, -13.41428
6.11214953271028, -13.49241
6.140186915887851, -13.53635
6.168224299065421, -13.60471
6.196261682242991, -13.69748
6.224299065420561, -13.73166
6.252336448598131, -13.80491
6.280373831775701, -13.88303
6.308411214953271, -13.93674
6.336448598130841, -13.98557
6.364485981308411, -14.08323
6.392523364485982, -14.1467
6.420560747663552, -14.18088
6.4485981308411215, -14.31272
6.4766355140186915, -14.3762
6.5046728971962615, -14.41526
6.5327102803738315, -14.47385
6.5607476635514015, -14.56174
6.5887850467289715, -14.59592
6.616822429906542, -14.69358
6.644859813084112, -14.75705
6.672897196261682, -14.77659
6.700934579439252, -14.86448
6.728971962616822, -14.96702
6.757009345794392, -14.98655
6.785046728971962, -15.0842
6.813084112149532, -15.18674
6.841121495327103, -15.23557
6.869158878504673, -15.26975
6.897196261682243, -15.3967
6.925233644859813, -15.4553
6.953271028037383, -15.48948
6.981308411214953, -15.58225
7.009345794392523, -15.64573
7.037383177570093, -15.70432
7.065420560747664, -15.7678
7.093457943925234, -15.8508
7.121495327102804, -15.8508
7.149532710280374, -16.01194
7.177570093457944, -16.06565
7.205607476635514, -16.09495
7.233644859813084, -16.18772
7.261682242990654, -16.27561
7.289719626168224, -16.30979
7.317757009345795, -16.40256
7.345794392523365, -16.49045
7.373831775700935, -16.51975
7.401869158878505, -16.57346
7.429906542056075, -16.68577
7.457943925233645, -16.73948
7.485981308411215, -16.77854
7.5140186915887845, -16.87131
7.542056074766355, -16.92014
7.570093457943925, -17.00315
7.598130841121495, -17.07639
7.626168224299065, -17.17405
7.654205607476635, -17.17893
7.682242990654205, -17.30588
7.710280373831775, -17.36936
7.738317757009345, -17.43772
7.766355140186916, -17.48655
7.794392523364486, -17.55491
7.822429906542056, -17.60862
7.850467289719626, -17.69651
7.878504672897196, -17.80393
7.906542056074766, -17.84299
7.934579439252336, -17.91135
7.962616822429906, -17.99924
7.990654205607477, -18.0676
8.018691588785046, -18.10666
8.046728971962617, -18.2092
8.074766355140186, -18.24338
8.102803738317757, -18.29709
8.130841121495328, -18.36545
8.158878504672897, -18.46311
8.186915887850468, -18.47288
8.214953271028037, -18.57053
8.242990654205608, -18.62424
8.271028037383177, -18.6926
8.299065420560748, -18.77073
8.327102803738317, -18.89768
8.355140186915888, -18.92209
8.383177570093459, -18.98557
8.411214953271028, -19.06858
8.439252336448599, -19.07834
8.467289719626168, -19.20041
8.495327102803738, -19.30784
8.523364485981308, -19.35178
8.551401869158878, -19.35178
8.57943925233645, -19.44944
8.607476635514018, -19.52756
8.63551401869159, -19.6008
8.663551401869158, -19.61057
8.69158878504673, -19.75705
8.719626168224298, -19.76682
8.74766355140187, -19.87424
8.775700934579438, -19.92795
8.80373831775701, -19.93284
8.83177570093458, -20.10373
8.85981308411215, -20.20627
8.88785046728972, -20.2258
8.91588785046729, -20.26487
8.94392523364486, -20.35764
8.97196261682243, -20.39182
9.0, -20.47971
9.028037383177569, -20.55784
9.05607476635514, -20.60178
9.08411214953271, -20.65061
9.11214953271028, -20.75803
9.14018691588785, -20.80198
9.16822429906542, -20.79709
9.19626168224299, -20.89963
9.22429906542056, -21.0217
9.25233644859813, -21.03147
9.280373831775702, -21.11448
9.30841121495327, -21.22678
9.336448598130842, -21.25608
9.36448598130841, -21.3342
9.392523364485982, -21.39768
9.42056074766355, -21.44163
9.448598130841122, -21.4758
9.47663551401869, -21.59299
9.504672897196262, -21.6467
9.532710280373832, -21.69065
9.560747663551401, -21.82248
9.588785046728972, -21.83713
9.616822429906541, -21.89084
9.644859813084112, -21.99827
9.672897196261681, -22.02756
9.700934579439252, -22.1301
9.728971962616823, -22.15452
9.757009345794392, -22.27659
9.785046728971963, -22.31565
9.813084112149532, -22.39866
9.841121495327103, -22.47678
9.869158878504672, -22.51096
9.897196261682243, -22.60373
9.925233644859812, -22.64768
9.953271028037383, -22.69163
9.981308411214954, -22.76975
10.009345794392523, -22.88694
10.037383177570094, -22.93088
10.065420560747663, -22.96018
10.093457943925234, -23.08225
10.121495327102803, -23.15061
10.149532710280374, -23.15061
10.177570093457943, -23.24827
10.205607476635514, -23.37522
10.233644859813085, -23.47288
10.261682242990654, -23.50217
10.289719626168225, -23.57053
10.317757009345794, -23.58518
10.345794392523365, -23.65354
10.373831775700934, -23.78049
10.401869158878505, -23.78538
10.429906542056075, -23.93186
10.457943925233645, -24.00022
10.485981308411215, -24.02952
10.514018691588785, -24.06858
10.542056074766355, -24.19065
10.570093457943925, -24.23948
10.598130841121495, -24.31272
10.626168224299064, -24.42502
10.654205607476635, -24.4885
10.682242990654206, -24.54221
10.710280373831775, -24.59592
10.738317757009346, -24.64475
10.766355140186915, -24.71799
10.794392523364486, -24.89377
10.822429906542055, -25.01096
10.850467289719626, -25.02073
10.878504672897195, -25.09397
10.906542056074766, -25.25022
10.934579439252337, -25.25998
10.962616822429906, -25.34299
10.990654205607477, -25.43577
11.018691588785046, -25.4553
11.046728971962617, -25.49436
11.074766355140186, -25.63596
11.102803738317757, -25.72385
11.130841121495328, -25.81174
11.158878504672897, -25.83616
11.186915887850468, -25.92405
11.214953271028037, -25.96311
11.242990654205608, -26.09983
11.271028037383177, -26.0803
11.299065420560748, -26.07053
11.327102803738317, -26.18284
11.355140186915888, -26.21702
11.383177570093459, -26.29514
11.411214953271028, -26.45627
11.439252336448599, -26.50022
11.467289719626168, -26.56858
11.495327102803738, -26.62229
11.523364485981308, -26.71018
11.551401869158878, -26.77854
11.57943925233645, -26.85666
11.607476635514018, -26.90061
11.63551401869159, -26.91038
11.663551401869158, -27.00803
11.69158878504673, -27.09104
11.719626168224298, -27.13987
11.74766355140187, -27.26682
11.775700934579438, -27.34006
11.80373831775701, -27.34006
11.83177570093458, -27.42795
11.85981308411215, -27.53049
11.88785046728972, -27.59397
11.91588785046729, -27.61838
11.94392523364486, -27.75022
11.97196261682243, -27.85276
12.0, -27.83811
12.028037383177569, -27.96018
12.05607476635514, -28.01877
12.08411214953271, -28.04807
12.11214953271028, -28.04807
12.14018691588785, -28.19944
12.16822429906542, -28.20432
12.19626168224299, -28.38498
12.22429906542056, -28.40452
12.25233644859813, -28.49241
12.280373831775702, -28.57053
12.30841121495327, -28.551
12.336448598130842, -28.71213
12.36448598130841, -28.78049
12.392523364485982, -28.80979
12.42056074766355, -28.82444
12.448598130841122, -28.85373
12.47663551401869, -29.06858
12.504672897196262, -29.16623
12.532710280373832, -29.16135
12.560747663551401, -29.31272
12.588785046728972, -29.38108
12.616822429906541, -29.47873
12.644859813084112, -29.56174
12.672897196261681, -29.73264
12.700934579439252, -29.77659
12.728971962616821, -29.82053
12.757009345794392, -29.9426
12.785046728971963, -30.01584
12.813084112149532, -30.10373
12.841121495327103, -30.15256
12.869158878504672, -30.26487
12.897196261682243, -30.33811
12.925233644859812, -30.41623
12.953271028037383, -30.40159
12.981308411214954, -30.51877
13.009345794392523, -30.64573
13.037383177570094, -30.67014
13.065420560747663, -30.66038
13.093457943925234, -30.87522
13.121495327102803, -30.86057
13.149532710280374, -30.96799
13.177570093457943, -31.08518
13.205607476635514, -31.04123
13.233644859813085, -31.04123
13.261682242990654, -31.11936
13.289719626168225, -31.25608
13.317757009345794, -31.26584
13.345794392523365, -31.41233
13.373831775700934, -31.45139
13.401869158878505, -31.49534
13.429906542056075, -31.65647
13.457943925233645, -31.76877
13.485981308411215, -31.75901
13.514018691588785, -31.86155
13.542056074766355, -31.89084
13.570093457943925, -32.04221
13.598130841121495, -32.08616
13.626168224299064, -32.00315
13.654205607476635, -32.16916
13.682242990654206, -32.21799
13.710280373831775, -32.23752
13.738317757009346, -32.32541
13.766355140186915, -32.43284
13.794392523364486, -32.54026
13.822429906542055, -32.6135
13.850467289719626, -32.63791
13.878504672897195, -32.64768
13.906542056074766, -32.77952
13.934579439252337, -32.70627
13.962616822429906, -32.73069
13.990654205607477, -33.02854
14.018691588785046, -32.84299
14.046728971962617, -32.81858
14.074766355140186, -33.21897
14.102803738317757, -33.30686
14.130841121495328, -33.38987
14.158878504672897, -33.36545
14.186915887850468, -33.59006
14.214953271028037, -33.60959
14.242990654205608, -33.63889
14.271028037383177, -33.78538
14.299065420560748, -33.84885
14.327102803738317, -33.87815
14.355140186915888, -34.02952
14.383177570093459, -34.16135
14.411214953271028, -34.12717
14.439252336448599, -34.26389
14.467289719626168, -34.46897
14.495327102803738, -34.38108
14.523364485981308, -34.52268
14.551401869158878, -34.70334
14.579439252336448, -34.77659
14.607476635514018, -34.70334
14.63551401869159, -34.87424
14.663551401869158, -34.95237
14.69158878504673, -35.32834
14.719626168224298, -35.39182
14.74766355140187, -35.38205
14.775700934579438, -35.34299
14.80373831775701, -35.49436
14.83177570093458, -35.49924
14.85981308411215, -35.69455
14.88785046728972, -35.71409
14.91588785046729, -35.68479
14.94392523364486, -35.69944
14.97196261682243, -35.7678
15.0, -35.88987
15.028037383177569, -35.95334
15.05607476635514, -36.01682
15.08411214953271, -36.31955
15.11214953271028, -36.23166
15.14018691588785, -36.20237
15.16822429906542, -36.37327
15.19626168224299, -36.34885
15.22429906542056, -36.42698
15.25233644859813, -36.5051
15.2803738317757, -36.74436
15.30841121495327, -36.82248
15.336448598130842, -36.92014
15.36448598130841, -36.72483
15.392523364485982, -37.05198
15.42056074766355, -37.00803
15.448598130841122, -37.08127
15.47663551401869, -37.02756
15.504672897196262, -37.14963
15.532710280373832, -37.23752
15.560747663551401, -37.13498
15.588785046728972, -37.07151
15.616822429906541, -37.19846
15.644859813084112, -37.32541
15.672897196261681, -37.37913
15.700934579439252, -37.57444
15.728971962616821, -37.69163
15.757009345794392, -37.85276
15.785046728971963, -37.74534
15.813084112149532, -37.72092
15.841121495327103, -37.76975
15.869158878504672, -38.0969
15.897196261682243, -38.04319
15.925233644859812, -38.00901
15.953271028037383, -37.98948
15.981308411214954, -37.99436
16.009345794392523, -37.98948
16.037383177570092, -38.29709
16.065420560747665, -38.17502
16.093457943925234, -38.31174
16.121495327102803, -38.38498
16.149532710280372, -38.53147
16.177570093457945, -38.551
16.205607476635514, -38.39963
16.233644859813083, -38.30198
16.261682242990656, -38.47288
16.289719626168225, -38.53147
16.317757009345794, -38.53147
16.345794392523363, -38.56077
16.373831775700936, -38.91233
16.401869158878505, -38.84397
16.429906542056074, -38.67795
16.457943925233646, -38.68284
16.485981308411215, -38.65354
16.514018691588785, -38.67307
16.542056074766354, -39.02463
16.570093457943926, -39.09299
16.598130841121495, -39.33713
16.626168224299064, -39.12717
16.654205607476634, -39.36643
16.682242990654206, -39.24924
16.710280373831775, -39.26389
16.738317757009344, -39.37131
16.766355140186917, -39.57639
16.794392523364486, -39.88401
16.822429906542055, -39.801
16.850467289719624, -39.88889
16.878504672897197, -39.9133
16.906542056074766, -39.77659
16.934579439252335, -40.09397
16.962616822429908, -40.37717
16.990654205607477, -40.48459
17.018691588785046, -40.45041
17.046728971962615, -40.12327
17.074766355140188, -40.34299
17.102803738317757, -41.051
17.130841121495326, -41.06077
17.1588785046729, -41.15842
17.186915887850468, -41.0217
17.214953271028037, -40.96799
17.242990654205606, -41.01682
17.27102803738318, -40.83616
17.299065420560748, -40.77268
17.327102803738317, -40.92893
17.355140186915886, -41.43186
17.38317757009346, -41.55881
17.411214953271028, -41.49534
17.439252336448597, -41.55393
17.46728971962617, -42.15452
17.49532710280374, -41.94455
17.523364485981308, -41.91038
17.551401869158877, -42.17405
17.57943925233645, -42.35471
17.60747663551402, -42.67698
17.635514018691588, -42.99924
17.66355140186916, -42.99924
17.69158878504673, -43.0383
17.7196261682243, -42.96506
17.747663551401867, -42.93577
17.77570093457944, -43.39963
17.80373831775701, -43.66819
17.83177570093458, -43.16038
17.85981308411215, -43.0969
17.88785046728972, -43.32151
17.91588785046729, -43.56565
17.94392523364486, -43.27756
17.97196261682243, -43.63889
18.0, -43.48264
18.02803738317757, -43.39963
18.056074766355138, -43.29709
18.08411214953271, -43.45334
18.11214953271028, -44.13694
18.14018691588785, -43.64866
18.16822429906542, -43.8928
18.19626168224299, -43.84397
18.22429906542056, -43.79514
18.25233644859813, -43.88791
18.2803738317757, -43.90256
18.30841121495327, -44.0051
18.33644859813084, -43.67307
18.364485981308412, -43.82932
18.39252336448598, -44.21018
18.42056074766355, -43.85862
18.44859813084112, -44.25413
18.476635514018692, -43.95139
18.50467289719626, -43.94651
18.53271028037383, -44.01487
18.560747663551403, -43.90256
18.588785046728972, -43.81955
18.61682242990654, -43.76096
18.64485981308411, -44.32248
18.672897196261683, -44.801
18.700934579439252, -44.85959
18.72897196261682, -44.86448
18.757009345794394, -44.57639
18.785046728971963, -44.86936
18.813084112149532, -44.9719
18.8411214953271, -44.76194
18.869158878504674, -44.75705
18.897196261682243, -44.71799
18.925233644859812, -44.88401
18.95327102803738, -44.87913
18.981308411214954, -45.14768
19.009345794392523, -45.2258
19.037383177570092, -44.84006
19.065420560747665, -45.35276
19.093457943925234, -45.25022
19.121495327102803, -45.27952
19.149532710280372, -45.31858
19.177570093457945, -44.95237
19.205607476635514, -44.79123
19.233644859813083, -45.34788
19.261682242990656, -45.34788
19.289719626168225, -45.46995
19.317757009345794, -45.98264
19.345794392523363, -45.50901
19.373831775700936, -45.88987
19.401869158878505, -46.02659
19.429906542056074, -46.2512
19.457943925233646, -47.02268
19.485981308411215, -46.76389
19.514018691588785, -46.8762
19.542056074766354, -47.98948
19.570093457943926, -46.92991
19.598130841121495, -47.22776
19.626168224299064, -47.40354
19.654205607476634, -47.19358
19.682242990654206, -46.73948
19.710280373831775, -46.7053
19.738317757009344, -47.13987
19.766355140186917, -47.6428
19.794392523364486, -47.5012
19.822429906542055, -46.97873
19.850467289719624, -46.83713
19.878504672897197, -46.99827
19.906542056074766, -47.96018
19.934579439252335, -47.96995
19.962616822429908, -46.89573
19.990654205607477, -46.0803
20.018691588785046, -46.66135
20.046728971962615, -48.24338
20.074766355140188, -47.64768
20.102803738317757, -47.6135
20.130841121495326, -48.28733
20.1588785046729, -48.20432
20.186915887850468, -48.39963
20.214953271028037, -48.31663
20.242990654205606, -48.10666
20.27102803738318, -48.82444
20.299065420560748, -49.11741
20.327102803738317, -49.10764
20.355140186915886, -49.15159
20.38317757009346, -48.84885
20.411214953271028, -49.22971
20.439252336448597, -49.23948
20.46728971962617, -49.21995
20.49532710280374, -50.38694
20.523364485981308, -49.8303
20.551401869158877, -49.96213
20.57943925233645, -50.47483
20.60747663551402, -51.01194
20.635514018691588, -51.05588
20.66355140186916, -51.63205
20.69158878504673, -51.25608
20.7196261682243, -51.01194
20.747663551401867, -50.99241
20.77570093457944, -50.75315
20.80373831775701, -50.85569
20.83177570093458, -51.83225
20.85981308411215, -51.50998
20.88785046728972, -51.72483
20.91588785046729, -51.27073
20.94392523364486, -51.30979
20.97196261682243, -51.81272
21.0, -51.39768
