% Measurement ID: 3612
% Mode ID: 1
% Date and time: 2020-07-07 16:16:16
% Sample ID: RAD3-17
% Measurement type: ringdown
% Frequency [Hz]: 581471.0
% Quality factor: 907901.4365604328
% Temperature [K]: 293.0
% Pressure [mBar]: 1.75e-07
% Notes: 
% 
%
% measurement data
% time [s], power [dBm]
0.0, -76.68577
0.0801068090787717, -79.11741
0.1602136181575434, -77.50608
0.24032042723631508, -75.98752
0.3204272363150868, -76.37327
0.4005340453938585, -77.4133
0.48064085447263016, -76.81272
0.5607476635514019, -75.89475
0.6408544726301736, -76.40745
0.7209612817089452, -82.20823
0.801068090787717, -77.79905
0.8811748998664887, -79.04416
0.9612817089452603, -80.65061
1.041388518024032, -78.62913
1.1214953271028039, -75.0842
1.2016021361815754, -77.2717
1.2817089452603472, -79.32248
1.361815754339119, -77.44748
1.4419225634178905, -83.18479
1.5220293724966623, -84.99143
1.602136181575434, -87.1887
1.6822429906542056, -90.32346
1.7623497997329773, -82.75998
1.842456608811749, -84.76682
1.9225634178905207, -78.11155
2.0026702269692924, -83.75608
2.082777036048064, -79.86448
2.162883845126836, -79.27366
2.2429906542056077, -79.99631
2.323097463284379, -79.59592
2.403204272363151, -77.23752
2.4833110814419226, -78.05295
2.5634178905206944, -79.71799
2.643524699599466, -80.71897
2.723631508678238, -86.50998
2.8037383177570097, -85.63596
2.883845126835781, -86.86155
2.9639519359145527, -89.6594
3.0440587449933245, -91.96409
3.1241655540720963, -91.01194
3.204272363150868, -85.18186
3.28437917222964, -81.51975
3.364485981308411, -81.06077
3.444592790387183, -79.56663
3.5246995994659547, -79.80588
3.6048064085447264, -39.82053
3.684913217623498, -27.65256
3.76502002670227, -26.41233
3.8451268357810413, -24.79123
3.925233644859813, -24.4592
4.005340453938585, -33.5217
4.085447263017357, -24.5178
4.165554072096128, -25.7385
4.2456608811749, -25.32346
4.325767690253672, -28.25315
4.405874499332444, -33.03342
4.4859813084112155, -25.34299
4.566088117489987, -35.81663
4.646194926568758, -25.61643
4.72630173564753, -18.29221
4.806408544726302, -16.59299
4.886515353805073, -16.21702
4.966622162883845, -21.61252
5.046728971962617, -27.59885
5.126835781041389, -44.25413
5.2069425901201605, -43.50217
5.287049399198932, -44.0051
5.367156208277704, -43.76584
5.447263017356476, -43.2385
5.5273698264352475, -43.2678
5.607476635514019, -40.58713
5.68758344459279, -31.34885
5.767690253671562, -40.56272
5.847797062750334, -42.301
5.9279038718291055, -42.58909
6.008010680907877, -43.46799
6.088117489986649, -41.34885
6.168224299065421, -42.83323
6.248331108144193, -43.18479
6.328437917222964, -43.80002
6.408544726301736, -42.55979
6.488651535380508, -42.80881
6.56875834445928, -42.4133
6.648865153538051, -42.77463
6.728971962616822, -43.32151
6.809078771695594, -43.53147
6.889185580774366, -43.60471
6.969292389853138, -43.58518
7.049399198931909, -43.05295
7.129506008010681, -43.15549
7.209612817089453, -43.96604
7.289719626168225, -43.73655
7.369826435246996, -43.62913
7.449933244325768, -43.77073
7.53004005340454, -44.21506
7.610146862483312, -43.33127
7.690253671562083, -43.61448
7.770360480640854, -44.08323
7.850467289719626, -43.60959
7.930574098798398, -43.34592
8.01068090787717, -43.50705
8.090787716955942, -42.92112
8.170894526034713, -43.2092
8.251001335113484, -43.21409
8.331108144192257, -42.52073
8.411214953271028, -42.24241
8.4913217623498, -43.91233
8.571428571428571, -42.55979
8.651535380507344, -43.94651
8.731642189586115, -43.29221
8.811748998664887, -46.45627
8.891855807743658, -41.82248
8.971962616822431, -42.23264
9.052069425901202, -42.68186
9.132176234979974, -42.76975
9.212283044058745, -43.24827
9.292389853137516, -43.33616
9.372496662216289, -43.57053
9.45260347129506, -43.5803
9.532710280373832, -43.81955
9.612817089452603, -43.56565
9.692923898531376, -43.7512
9.773030707610147, -43.45334
9.85313751668892, -43.57053
9.93324432576769, -43.64377
10.013351134846463, -43.80979
10.093457943925234, -43.46311
10.173564753004007, -43.2385
10.253671562082777, -43.01877
10.333778371161548, -43.34592
10.413885180240321, -43.41916
10.493991989319092, -43.62424
10.574098798397864, -43.72678
10.654205607476635, -43.34104
10.734312416555408, -43.47288
10.814419225634179, -43.33127
10.894526034712952, -43.87815
10.974632843791722, -43.59495
11.054739652870495, -42.38889
11.134846461949266, -43.41916
11.214953271028039, -43.05295
11.29506008010681, -43.32639
11.37516688918558, -43.17502
11.455273698264353, -43.63889
11.535380507343124, -43.71702
11.615487316421897, -44.42502
11.695594125500667, -43.34592
11.77570093457944, -44.6008
11.855807743658211, -44.10764
11.935914552736984, -43.70725
12.016021361815755, -43.70237
12.096128170894527, -44.08323
12.176234979973298, -43.88303
12.25634178905207, -43.69748
12.336448598130842, -44.26389
12.416555407209612, -43.86838
12.496662216288385, -43.79514
12.576769025367156, -43.24827
12.656875834445929, -43.87815
12.7369826435247, -43.54612
12.817089452603472, -42.06174
12.897196261682243, -42.25217
12.977303070761016, -41.57834
13.057409879839787, -41.26584
13.13751668891856, -40.72873
13.21762349799733, -40.09885
13.297730307076103, -39.72776
13.377837116154874, -39.74729
13.457943925233645, -38.8635
13.538050734312417, -38.87815
13.618157543391188, -39.00022
13.69826435246996, -38.31174
13.778371161548732, -38.30198
13.858477970627504, -38.0676
13.938584779706275, -37.90647
14.018691588785048, -38.26291
14.098798397863819, -37.94553
14.178905206942591, -38.23362
14.259012016021362, -38.33127
14.339118825100135, -38.22873
14.419225634178906, -38.50217
14.499332443257677, -38.82444
14.57943925233645, -38.62424
14.65954606141522, -38.81955
14.739652870493993, -38.64866
14.819759679572764, -39.08811
14.899866488651536, -38.74143
14.979973297730307, -39.11741
15.06008010680908, -39.1467
15.14018691588785, -39.10276
15.220293724966623, -39.27854
15.300400534045394, -39.27854
15.380507343124165, -39.801
15.460614152202938, -40.02561
15.540720961281709, -39.84983
15.620827770360481, -40.15256
15.700934579439252, -40.41135
15.781041388518025, -39.73752
15.861148197596796, -40.03538
15.941255006675568, -39.99143
16.02136181575434, -39.9719
16.10146862483311, -40.19163
16.181575433911885, -39.89377
16.261682242990656, -40.58225
16.341789052069426, -39.75217
16.421895861148197, -40.44553
16.502002670226968, -40.01096
16.582109479305743, -40.32834
16.662216288384514, -40.45041
16.742323097463284, -40.41623
16.822429906542055, -40.16721
16.90253671562083, -40.63108
16.9826435246996, -40.60666
17.06275033377837, -40.30881
17.142857142857142, -40.38694
17.222963951935917, -40.66038
17.303070761014688, -40.82639
17.38317757009346, -40.74338
17.46328437917223, -40.81663
17.543391188251, -40.71897
17.623497997329775, -40.74338
17.703604806408546, -40.76291
17.783711615487316, -40.61155
17.863818424566087, -40.10862
17.943925233644862, -40.02561
18.024032042723633, -40.26487
18.104138851802404, -39.96702
18.184245660881174, -40.18674
18.26435246995995, -39.49827
18.34445927903872, -40.00608
18.42456608811749, -39.21995
18.50467289719626, -38.99534
18.584779706275032, -39.33225
18.664886515353807, -39.04905
18.744993324432578, -38.8928
18.82510013351135, -38.74143
18.90520694259012, -39.11252
18.985313751668894, -38.25315
19.065420560747665, -39.0637
19.145527369826436, -39.00022
19.225634178905207, -38.73655
19.30574098798398, -39.24924
19.385847797062752, -39.09788
19.465954606141523, -38.85373
19.546061415220294, -39.26389
19.626168224299064, -39.28342
19.70627503337784, -39.11741
19.78638184245661, -39.10276
19.86648865153538, -39.02463
19.94659546061415, -39.24924
20.026702269692926, -39.13694
20.106809078771697, -39.12229
20.186915887850468, -39.52268
20.26702269692924, -39.32737
20.347129506008013, -39.30295
20.427236315086784, -39.70823
20.507343124165555, -39.10764
20.587449933244326, -38.95139
20.667556742323097, -42.301
20.74766355140187, -49.2053
20.827770360480642, -50.40647
20.907877169559413, -51.76389
20.987983978638184, -52.98948
21.068090787716958, -54.38596
21.14819759679573, -55.82639
21.2283044058745, -57.35959
21.30841121495327, -58.8928
21.388518024032045, -60.33323
21.468624833110816, -61.89573
21.548731642189587, -63.54612
21.628838451268358, -65.6262
21.70894526034713, -66.22678
21.789052069425903, -67.1008
21.869158878504674, -67.94553
21.949265687583445, -69.10764
22.029372496662216, -71.37815
22.10947930574099, -72.1301
22.18958611481976, -71.91038
22.269692923898532, -72.08616
22.349799732977303, -71.78342
22.429906542056077, -73.3508
22.510013351134848, -72.76975
22.59012016021362, -73.93186
22.67022696929239, -74.15159
22.75033377837116, -74.47385
22.830440587449935, -74.13694
22.910547396528706, -75.6262
22.990654205607477, -75.41623
23.070761014686248, -77.40354
23.150867823765022, -82.87717
23.230974632843793, -79.7717
23.311081441922564, -79.12229
23.391188251001335, -78.77073
23.47129506008011, -80.04026
23.55140186915888, -76.35373
23.63150867823765, -79.97678
23.711615487316422, -78.54123
23.791722296395193, -82.19764
23.871829105473967, -82.19188
23.951935914552738, -82.18653
24.03204272363151, -82.18159
24.11214953271028, -82.17707
24.192256341789054, -82.17296
24.272363150867825, -82.16926
24.352469959946596, -82.16597
24.432576769025367, -82.1631
24.51268357810414, -82.16064
24.592790387182912, -82.15859
24.672897196261683, -82.15696
24.753004005340454, -82.15574
24.833110814419225, -82.15493
24.913217623498, -82.15453
24.99332443257677, -82.15455
25.07343124165554, -82.15498
25.153538050734312, -82.15582
25.233644859813086, -82.15708
25.313751668891857, -82.15875
25.39385847797063, -82.16083
25.4739652870494, -82.16332
25.554072096128174, -82.16623
25.634178905206944, -82.16955
25.714285714285715, -82.17328
25.794392523364486, -82.17742
25.874499332443257, -82.18198
25.95460614152203, -82.18695
26.034712950600802, -82.19233
26.114819759679573, -82.19813
26.194926568758344, -82.20434
26.27503337783712, -82.21096
26.35514018691589, -82.21799
26.43524699599466, -82.22559
26.51535380507343, -82.23361
26.595460614152206, -82.24206
26.675567423230977, -82.25092
26.755674232309747, -82.2602
26.83578104138852, -82.26991
26.91588785046729, -82.28003
26.995994659546064, -82.29058
27.076101468624834, -82.30155
27.156208277703605, -82.31294
27.236315086782376, -82.32475
27.31642189586115, -82.33698
27.39652870493992, -82.34963
27.476635514018692, -82.3627
27.556742323097463, -82.37619
27.636849132176238, -82.39011
27.71695594125501, -82.40444
27.79706275033378, -82.4192
27.87716955941255, -82.43437
27.95727636849132, -82.44997
28.037383177570096, -82.46599
28.117489986648867, -82.48243
28.197596795727637, -82.49929
28.27770360480641, -82.51657
28.357810413885183, -82.53427
28.437917222963954, -82.55239
28.518024032042725, -82.57094
28.598130841121495, -82.5899
28.67823765020027, -82.60928
28.75834445927904, -82.62909
28.83845126835781, -82.64932
28.918558077436582, -82.66996
28.998664886515353, -82.69103
29.078771695594128, -82.71252
29.1588785046729, -82.73443
29.23898531375167, -82.75676
29.31909212283044, -82.77952
29.399198931909215, -82.80247
29.479305740987986, -82.82583
29.559412550066757, -82.84959
29.639519359145527, -82.87377
29.719626168224302, -82.89836
29.799732977303073, -82.92336
29.879839786381844, -82.94876
29.959946595460615, -82.97458
30.040053404539385, -83.0008
30.12016021361816, -83.02743
30.20026702269693, -83.05447
30.2803738317757, -83.08192
30.360480640854473, -83.10978
30.440587449933247, -83.13805
30.520694259012018, -83.16673
30.60080106809079, -83.19582
30.68090787716956, -83.22532
30.76101468624833, -83.25522
30.841121495327105, -83.28554
30.921228304405876, -83.31626
31.001335113484647, -83.3474
31.081441922563418, -83.37894
31.161548731642192, -83.41089
31.241655540720963, -83.44325
31.321762349799734, -83.47602
31.401869158878505, -83.5092
31.48197596795728, -83.54279
31.56208277703605, -83.57679
31.64218958611482, -83.6112
31.72229639519359, -83.64601
31.802403204272363, -83.68124
31.882510013351137, -83.71687
31.962616822429908, -83.75291
32.04272363150868, -83.78937
32.12283044058745, -83.82623
32.20293724966622, -83.8635
32.28304405874499, -83.90223
32.36315086782377, -83.94142
32.44325767690254, -83.98108
32.52336448598131, -84.02121
32.60347129506008, -84.0618
32.68357810413885, -84.10286
32.763684913217624, -84.14438
32.843791722296395, -84.18637
32.923898531375166, -84.22882
33.004005340453936, -84.27174
33.084112149532714, -84.31513
33.164218958611485, -84.35898
33.244325767690256, -84.4033
33.32443257676903, -84.44808
33.4045393858478, -84.49333
33.48464619492657, -84.53905
33.56475300400534, -84.58523
33.64485981308411, -84.63187
33.72496662216289, -84.67899
33.80507343124166, -84.72656
33.88518024032043, -84.77461
33.9652870493992, -84.82312
34.04539385847797, -84.87209
34.12550066755674, -84.92154
34.205607476635514, -84.97144
34.285714285714285, -85.02182
34.365821094793056, -85.07266
34.445927903871834, -85.12396
34.526034712950604, -85.17573
34.606141522029375, -85.22797
34.686248331108146, -85.28067
34.76635514018692, -85.33384
34.84646194926569, -85.38747
34.92656875834446, -85.44157
35.00667556742323, -85.49614
35.086782376502, -85.55117
35.16688918558078, -85.60666
35.24699599465955, -85.66204
35.32710280373832, -85.71786
35.40720961281709, -85.77411
35.48731642189586, -85.8308
35.56742323097463, -85.88792
35.647530040053404, -85.94547
35.727636849132175, -86.00346
35.80774365821095, -86.06189
35.887850467289724, -86.12075
35.967957276368494, -86.18005
36.048064085447265, -86.23978
36.128170894526036, -86.29994
36.20827770360481, -86.36055
36.28838451268358, -86.42158
36.36849132176235, -86.48306
36.44859813084112, -86.54496
36.5287049399199, -86.60731
36.60881174899867, -86.67008
36.68891855807744, -86.7333
36.76902536715621, -86.79694
36.84913217623498, -86.86103
36.92923898531375, -86.92554
37.00934579439252, -86.9905
37.089452603471294, -87.05589
37.169559412550065, -87.12171
37.24966622162884, -87.18797
37.329773030707614, -87.25466
37.409879839786385, -87.32179
37.489986648865155, -87.38935
37.570093457943926, -87.45735
37.6502002670227, -87.52579
37.73030707610147, -87.59466
37.81041388518024, -87.66396
37.89052069425902, -87.7337
37.97062750333779, -87.80388
38.05073431241656, -87.87449
38.13084112149533, -87.94553
38.2109479305741, -88.0211
38.29105473965287, -88.09731
38.37116154873164, -88.17417
38.45126835781041, -88.25169
38.531375166889184, -88.32985
38.61148197596796, -88.40867
38.69158878504673, -88.48813
38.771695594125504, -88.56825
38.851802403204275, -88.64902
38.931909212283045, -88.73043
39.012016021361816, -88.8125
39.09212283044059, -88.89521
39.17222963951936, -88.97858
39.25233644859813, -89.06259
39.33244325767691, -89.14726
39.41255006675568, -89.23257
39.49265687583445, -89.31854
39.57276368491322, -89.40516
39.65287049399199, -89.49242
39.73297730307076, -89.58034
39.81308411214953, -89.66891
39.8931909212283, -89.75812
39.97329773030708, -89.84799
40.05340453938585, -89.93851
40.13351134846462, -90.02967
40.213618157543394, -90.12149
40.293724966622165, -90.21396
40.373831775700936, -90.30707
40.453938584779706, -90.40084
40.53404539385848, -90.49526
40.61415220293725, -90.59033
40.694259012016026, -90.68604
40.7743658210948, -90.78241
40.85447263017357, -90.87943
40.93457943925234, -90.9771
41.01468624833111, -91.07541
41.09479305740988, -91.17193
41.17489986648865, -91.26897
41.25500667556742, -91.36652
41.33511348464619, -91.4646
41.41522029372497, -91.56319
41.49532710280374, -91.66229
41.57543391188251, -91.76192
41.655540720961284, -91.86206
41.735647530040055, -91.96272
41.815754339118826, -92.0639
41.895861148197596, -92.1656
41.97596795727637, -92.26781
42.05607476635514, -92.37055
42.136181575433916, -92.4738
42.21628838451269, -92.57756
42.29639519359146, -92.68185
42.37650200267023, -92.78665
42.456608811749, -92.89197
42.53671562082777, -92.99781
42.61682242990654, -93.10417
42.69692923898531, -93.21104
42.77703604806409, -93.31843
42.85714285714286, -93.42634
42.93724966622163, -93.53477
43.0173564753004, -93.64371
43.097463284379174, -93.75317
43.177570093457945, -93.86315
43.257676902536716, -93.97365
43.33778371161549, -94.08467
43.41789052069426, -94.1962
43.497997329773035, -94.30825
43.578104138851806, -94.42082
43.65821094793058, -94.53391
43.73831775700935, -94.64751
43.81842456608812, -94.76163
43.89853137516689, -94.87627
43.97863818424566, -94.99143
44.05874499332443, -95.11179
44.1388518024032, -95.23291
44.21895861148198, -95.3548
44.29906542056075, -95.47745
44.37917222963952, -95.60087
44.45927903871829, -95.72505
44.539385847797064, -95.85
44.619492656875835, -95.97571
44.699599465954606, -96.10218
44.77970627503338, -96.22942
44.859813084112155, -96.35742
44.939919893190925, -96.48619
45.020026702269696, -96.61572
45.10013351134847, -96.74602
45.18024032042724, -96.87708
45.26034712950601, -97.0089
45.34045393858478, -97.14149
45.42056074766355, -97.27484
45.50066755674232, -97.40896
45.5807743658211, -97.54384
45.66088117489987, -97.67949
45.74098798397864, -97.81589
45.82109479305741, -97.95307
45.90120160213618, -98.09101
45.981308411214954, -98.22971
46.061415220293725, -98.36918
46.141522029372496, -98.50941
46.22162883845127, -98.6504
46.301735647530045, -98.79216
46.381842456608815, -98.93469
46.461949265687586, -99.07798
46.54205607476636, -99.22203
46.62216288384513, -99.36685
46.7022696929239, -99.51243
46.78237650200267, -99.65877
46.86248331108144, -99.80588
46.94259012016022, -99.93732
47.02269692923899, -100.0686
47.10280373831776, -100.1998
47.18291054739653, -100.3309
47.2630173564753, -100.4618
47.34312416555407, -100.5926
47.423230974632844, -100.7233
47.503337783711615, -100.8539
47.583444592790386, -100.9843
47.663551401869164, -101.1146
47.743658210947935, -101.2448
47.823765020026705, -101.3749
47.903871829105476, -101.5048
47.98397863818425, -101.6347
48.06408544726302, -101.7643
48.14419225634179, -101.8939
48.22429906542056, -102.0234
48.30440587449933, -102.1527
48.38451268357811, -102.2819
48.46461949265688, -102.411
48.54472630173565, -102.5399
48.62483311081442, -102.6687
48.70493991989319, -102.7974
48.78504672897196, -102.926
48.865153538050734, -103.0544
48.945260347129505, -103.1828
49.02536715620828, -103.311
49.105473965287054, -103.4391
49.185580774365825, -103.567
49.265687583444596, -103.6948
49.345794392523366, -103.8225
49.42590120160214, -103.9501
49.50600801068091, -104.0776
49.58611481975968, -104.2049
49.66622162883845, -104.3321
49.74632843791723, -104.4592
49.826435246996, -104.5862
49.90654205607477, -104.6785
49.98664886515354, -104.7689
50.06675567423231, -104.8573
50.14686248331108, -104.9438
50.22696929238985, -105.0284
50.307076101468624, -105.111
50.387182910547395, -105.1917
50.46728971962617, -105.2705
50.547396528704944, -105.3473
50.627503337783715, -105.4222
50.707610146862486, -105.4951
50.78771695594126, -105.5661
50.86782376502003, -105.6351
50.9479305740988, -105.7022
51.02803738317757, -105.7674
51.10814419225635, -105.8306
51.18825100133512, -105.8919
51.26835781041389, -105.9513
51.34846461949266, -106.0087
51.42857142857143, -106.0641
51.5086782376502, -106.1177
51.58878504672897, -106.1692
51.66889185580774, -106.2189
51.748998664886514, -106.2666
51.82910547396529, -106.3123
51.90921228304406, -106.3562
51.989319092122834, -106.3981
52.069425901201605, -106.438
52.149532710280376, -106.476
52.22963951935915, -106.5121
52.30974632843792, -106.5462
52.38985313751669, -106.5784
52.46995994659546, -106.6086
52.55006675567424, -106.6369
52.63017356475301, -106.6633
52.71028037383178, -106.6877
52.79038718291055, -106.7102
52.87049399198932, -106.7402
52.95060080106809, -106.7689
53.03070761014686, -106.7961
53.11081441922563, -106.8218
53.19092122830441, -106.8461
53.27102803738318, -106.869
53.35113484646195, -106.8904
53.431241655540724, -106.9104
53.511348464619495, -106.929
53.591455273698266, -106.9461
53.67156208277704, -106.9618
53.75166889185581, -106.976
53.83177570093458, -106.9888
53.911882510013356, -107.0001
53.99198931909213, -107.0101
54.0720961281709, -107.0185
54.15220293724967, -107.0256
54.23230974632844, -107.0312
54.31241655540721, -107.0354
54.39252336448598, -107.0381
54.47263017356475, -107.0394
54.55273698264352, -107.0392
54.6328437917223, -107.0376
54.71295060080107, -107.0346
54.79305740987984, -107.0301
54.873164218958614, -107.0242
54.953271028037385, -107.0169
55.033377837116156, -107.0081
55.11348464619493, -106.9978
55.1935914552737, -106.9862
55.273698264352475, -106.9731
55.353805073431246, -106.9585
55.43391188251002, -106.9425
55.51401869158879, -106.9251
55.59412550066756, -106.9063
55.67423230974633, -106.886
55.7543391188251, -106.8895
55.83444592790387, -106.893
55.91455273698264, -106.8964
55.99465954606142, -106.8997
56.07476635514019, -106.903
56.15487316421896, -106.9061
56.23497997329773, -106.9093
56.315086782376504, -106.9123
56.395193591455275, -106.9153
56.475300400534046, -106.9182
56.55540720961282, -106.921
56.63551401869159, -106.9237
56.715620827770366, -106.9264
56.795727636849136, -106.929
56.87583444592791, -106.9315
56.95594125500668, -106.934
57.03604806408545, -106.9364
57.11615487316422, -106.9387
57.19626168224299, -106.941
57.27636849132176, -106.9431
57.35647530040054, -106.9452
57.43658210947931, -106.9472
57.51668891855808, -106.9492
57.59679572763685, -106.9511
57.67690253671562, -106.9529
57.757009345794394, -106.9546
57.837116154873165, -106.9563
57.917222963951936, -106.9579
57.99732977303071, -106.9594
58.077436582109485, -106.9609
58.157543391188256, -106.9622
58.237650200267026, -106.9635
58.3177570093458, -106.9648
58.39786381842457, -106.9659
58.47797062750334, -106.967
58.55807743658211, -106.968
58.63818424566088, -106.969
58.71829105473965, -106.9801
58.79839786381843, -106.9917
58.8785046728972, -107.0037
58.95861148197597, -107.0163
59.03871829105474, -107.0292
59.11882510013351, -107.0427
59.198931909212284, -107.0566
59.279038718291055, -107.071
59.359145527369826, -107.0859
59.439252336448604, -107.1012
59.519359145527375, -107.117
59.599465954606146, -107.1333
59.67957276368492, -107.15
59.75967957276369, -107.1672
59.83978638184246, -107.1848
59.91989319092123, -107.203
60.0, -107.2216
