% Measurement ID: 2993
% Mode ID: 1
% Date and time: 2020-02-13 14:40:36
% Sample ID: TOT27-84
% Measurement type: ringdown
% Frequency [Hz]: 183265.0
% Quality factor: 19060325.76673316
% Temperature [K]: 293.0
% Pressure [mBar]: 2.74e-07
% Notes: 
% 
%
% measurement data
% time [s], power [dBm]
0.0, 12.00564
0.16221628838451269, 11.97634
0.32443257676902537, 11.93728
0.48664886515353806, 11.9031
0.6488651535380507, 11.86892
0.8110814419225634, 11.82986
0.9732977303070761, 11.79568
1.1355140186915889, 11.7615
1.2977303070761015, 11.72244
1.4599465954606141, 11.68337
1.6221628838451267, 11.65408
1.7843791722296396, 11.61502
1.9465954606141522, 11.58084
2.108811748998665, 11.54666
2.2710280373831777, 11.51248
2.4332443257676903, 11.4783
2.595460614152203, 11.43923
2.7576769025367156, 11.40994
2.9198931909212282, 11.37087
3.082109479305741, 11.34158
3.2443257676902535, 11.30252
3.4065420560747666, 11.26834
3.568758344459279, 11.23416
3.730974632843792, 11.19509
3.8931909212283045, 11.15603
4.0554072096128175, 11.12673
4.21762349799733, 11.08767
4.379839786381843, 11.04861
4.542056074766355, 11.01931
4.704272363150868, 10.98025
4.866488651535381, 10.94119
5.028704939919893, 10.90701
5.190921228304406, 10.86306
5.353137516688919, 10.83377
5.515353805073431, 10.7947
5.677570093457944, 10.75564
5.8397863818424565, 10.71658
6.002002670226969, 10.68728
6.164218958611482, 10.64822
6.326435246995994, 10.60916
6.488651535380507, 10.57009
6.6508678237650205, 10.5408
6.813084112149533, 10.50173
6.975300400534046, 10.46755
7.137516688918558, 10.42849
7.299732977303071, 10.39431
7.461949265687584, 10.35525
7.624165554072096, 10.31619
7.786381842456609, 10.28201
7.9485981308411215, 10.24783
8.110814419225635, 10.20877
8.273030707610147, 10.1697
8.43524699599466, 10.13064
8.597463284379172, 10.09158
8.759679572763686, 10.05252
8.921895861148197, 10.01345
9.08411214953271, 9.984156
9.246328437917223, 9.945094
9.408544726301736, 9.906031
9.570761014686248, 9.866969
9.732977303070761, 9.827906
9.895193591455273, 9.788844
10.057409879839787, 9.754664
10.219626168224298, 9.720484
10.381842456608812, 9.671656
10.544058744993325, 9.632594
10.706275033377837, 9.603297
10.86849132176235, 9.564234
11.030707610146862, 9.525172
11.192923898531376, 9.490992
11.355140186915888, 9.45193
11.517356475300401, 9.41775
11.679572763684913, 9.378687
11.841789052069426, 9.339625
12.004005340453938, 9.300562
12.166221628838452, 9.251734
12.328437917222963, 9.222437
12.490654205607477, 9.183375
12.652870493991989, 9.144312
12.815086782376502, 9.095484
12.977303070761014, 9.066187
13.139519359145527, 9.022242
13.301735647530041, 8.978297
13.463951935914553, 8.939234
13.626168224299066, 8.900172
13.788384512683578, 8.870875
13.950600801068092, 8.82693
14.112817089452603, 8.79275
14.275033377837117, 8.753687
14.437249666221629, 8.709742
14.599465954606142, 8.665797
14.761682242990654, 8.626734
14.923898531375167, 8.587672
15.086114819759679, 8.548609
15.248331108144193, 8.51443
15.410547396528704, 8.475367
15.572763684913218, 8.436305
15.734979973297731, 8.397242
15.897196261682243, 8.35818
16.059412550066757, 8.319117
16.22162883845127, 8.275172
16.38384512683578, 8.245875
16.546061415220294, 8.197047
16.708277703604807, 8.157984
16.87049399198932, 8.118922
17.03271028037383, 8.079859
17.194926568758344, 8.040797
17.357142857142858, 7.991969
17.51935914552737, 7.962672
17.68157543391188, 7.913844
17.843791722296395, 7.874781
18.006008010680908, 7.835719
18.16822429906542, 7.796656
18.330440587449935, 7.747828
18.492656875834445, 7.708766
18.65487316421896, 7.669703
18.817089452603472, 7.630641
18.979305740987986, 7.591578
19.141522029372496, 7.552516
19.30373831775701, 7.50857
19.465954606141523, 7.469508
19.628170894526036, 7.430445
19.790387182910546, 7.391383
19.95260347129506, 7.347437
20.114819759679573, 7.308375
20.277036048064087, 7.269312
20.439252336448597, 7.23025
20.60146862483311, 7.191187
20.763684913217624, 7.152125
20.925901201602137, 7.113062
21.08811748998665, 7.064234
21.25033377837116, 7.025172
21.412550066755674, 6.986109
21.574766355140188, 6.937281
21.7369826435247, 6.898219
21.89919893190921, 6.859156
22.061415220293725, 6.815211
22.22363150867824, 6.771266
22.385847797062752, 6.732203
22.548064085447262, 6.693141
22.710280373831775, 6.644312
22.87249666221629, 6.60525
23.034712950600802, 6.566187
23.196929238985312, 6.527125
23.359145527369826, 6.478297
23.52136181575434, 6.439234
23.683578104138853, 6.400172
23.845794392523366, 6.361109
24.008010680907876, 6.322047
24.17022696929239, 6.278102
24.332443257676903, 6.243922
24.494659546061417, 6.195094
24.656875834445927, 6.160914
24.81909212283044, 6.116969
24.981308411214954, 6.077906
25.143524699599467, 6.029078
25.305740987983977, 5.990016
25.46795727636849, 5.950953
25.630173564753004, 5.911891
25.792389853137518, 5.863062
25.954606141522028, 5.824
26.11682242990654, 5.784937
26.279038718291055, 5.740992
26.44125500667557, 5.697047
26.603471295060082, 5.657984
26.765687583444592, 5.618922
26.927903871829105, 5.570094
27.09012016021362, 5.531031
27.252336448598133, 5.491969
27.414552736982643, 5.452906
27.576769025367156, 5.413844
27.73898531375167, 5.365016
27.901201602136183, 5.325953
28.063417890520693, 5.286891
28.225634178905207, 5.238062
28.38785046728972, 5.199
28.550066755674234, 5.159937
28.712283044058747, 5.120875
28.874499332443257, 5.07693
29.03671562082777, 5.032984
29.198931909212284, 4.993922
29.361148197596798, 4.949977
29.523364485981308, 4.906031
29.68558077436582, 4.866969
29.847797062750335, 4.827906
30.010013351134848, 4.779078
30.172229639519358, 4.744898
30.33444592790387, 4.700953
30.496662216288385, 4.652125
30.6588785046729, 4.613062
30.82109479305741, 4.574
30.983311081441922, 4.530055
31.145527369826436, 4.486109
31.30774365821095, 4.447047
31.469959946595463, 4.407984
31.632176234979973, 4.364039
31.794392523364486, 4.320094
31.956608811749, 4.281031
32.11882510013351, 4.241969
32.28104138851803, 4.193141
32.44325767690254, 4.154078
32.60547396528705, 4.110133
32.76769025367156, 4.066187
32.929906542056074, 4.027125
33.09212283044059, 3.992945
33.2543391188251, 3.949
33.416555407209614, 3.909937
33.57877169559413, 3.870875
33.74098798397864, 3.822047
33.903204272363155, 3.782984
34.06542056074766, 3.734156
34.227636849132175, 3.695094
34.38985313751669, 3.651148
34.5520694259012, 3.612086
34.714285714285715, 3.568141
34.87650200267023, 3.529078
35.03871829105474, 3.48025
35.200934579439256, 3.441187
35.36315086782376, 3.397242
35.525367156208276, 3.363062
35.68758344459279, 3.324
35.8497997329773, 3.275172
36.012016021361816, 3.236109
36.17423230974633, 3.187281
36.33644859813084, 3.148219
36.49866488651536, 3.104273
36.66088117489987, 3.065211
36.82309746328438, 3.026148
36.98531375166889, 2.987086
37.147530040053404, 2.948023
37.30974632843792, 2.904078
37.47196261682243, 2.865016
37.634178905206944, 2.82107
37.79639519359146, 2.782008
37.95861148197597, 2.742945
38.12082777036048, 2.699
38.28304405874499, 2.659937
38.445260347129505, 2.620875
38.60747663551402, 2.572047
38.76969292389853, 2.528102
38.931909212283045, 2.484156
39.09412550066756, 2.445094
39.25634178905207, 2.401148
39.418558077436586, 2.357203
39.58077436582109, 2.323023
39.742990654205606, 2.279078
39.90520694259012, 2.235133
40.06742323097463, 2.191187
40.22963951935915, 2.147242
40.39185580774366, 2.10818
40.55407209612817, 2.069117
40.71628838451269, 2.020289
40.87850467289719, 1.976344
41.04072096128171, 1.942164
41.20293724966622, 1.903102
41.365153538050734, 1.859156
41.52736982643525, 1.815211
41.68958611481976, 1.776148
41.851802403204275, 1.732203
42.01401869158879, 1.688258
42.1762349799733, 1.649195
42.33845126835781, 1.60525
42.50066755674232, 1.566187
42.662883845126835, 1.517359
42.82510013351135, 1.48318
42.98731642189586, 1.439234
43.149532710280376, 1.395289
43.31174899866489, 1.351344
43.4739652870494, 1.312281
43.63618157543391, 1.268336
43.79839786381842, 1.224391
43.960614152202936, 1.180445
44.12283044058745, 1.1365
44.28504672897196, 1.10232
44.44726301735648, 1.058375
44.60947930574099, 1.01443
44.771695594125504, 0.9753672
44.93391188251002, 0.9314219
45.096128170894524, 0.8923594
45.25834445927904, 0.8484141
45.42056074766355, 0.8093516
45.582777036048064, 0.7654062
45.74499332443258, 0.7214609
45.90720961281709, 0.6775156
46.069425901201605, 0.6384531
46.23164218958612, 0.589625
46.393858477970625, 0.5505625
46.55607476635514, 0.5017344
46.71829105473965, 0.4626719
46.880507343124165, 0.4187266
47.04272363150868, 0.3747812
47.20493991989319, 0.3357187
47.367156208277706, 0.2917734
47.52937249666222, 0.2478281
47.69158878504673, 0.199
47.85380507343124, 0.1599375
48.01602136181575, 0.120875
48.178237650200266, 0.07204687
48.34045393858478, 0.02321875
48.50267022696929, -0.01584375
48.66488651535381, -0.06467188
48.82710280373832, -0.1037344
48.989319092122834, -0.1427969
49.15153538050734, -0.1867422
49.313751668891854, -0.2306875
49.47596795727637, -0.2746328
49.63818424566088, -0.3185781
49.800400534045394, -0.3576406
49.96261682242991, -0.3967031
50.12483311081442, -0.4406484
50.287049399198935, -0.4748281
50.44926568758345, -0.5236563
50.611481975967955, -0.5627188
50.77369826435247, -0.6115469
50.93591455273698, -0.6506094
51.098130841121495, -0.6945547
51.26034712950601, -0.7336172
51.42256341789052, -0.7775625
51.584779706275036, -0.816625
51.74699599465955, -0.8508047
51.909212283044056, -0.89475
52.07142857142857, -0.9338125
52.23364485981308, -0.9777578
52.395861148197596, -1.021703
52.55807743658211, -1.060766
52.72029372496662, -1.099828
52.88251001335114, -1.148656
53.04472630173565, -1.187719
53.206942590120164, -1.236547
53.36915887850467, -1.270727
53.531375166889184, -1.309789
53.6935914552737, -1.358617
53.85580774365821, -1.39768
54.018024032042725, -1.436742
54.18024032042724, -1.48557
54.34245660881175, -1.534398
54.504672897196265, -1.573461
54.66688918558078, -1.617406
54.829105473965285, -1.656469
54.9913217623498, -1.705297
55.15353805073431, -1.744359
55.315754339118826, -1.793188
55.47797062750334, -1.83225
55.64018691588785, -1.881078
55.802403204272366, -1.920141
55.96461949265688, -1.959203
56.126835781041386, -2.003148
56.2890520694259, -2.051977
56.45126835781041, -2.091039
56.61348464619493, -2.134984
56.77570093457944, -2.174047
56.937917222963954, -2.222875
57.10013351134847, -2.261938
57.26234979973298, -2.310766
57.424566088117494, -2.349828
57.586782376502, -2.388891
57.748998664886514, -2.437719
57.91121495327103, -2.476781
58.07343124165554, -2.520727
58.235647530040055, -2.559789
58.39786381842457, -2.603734
58.56008010680908, -2.64768
58.722296395193595, -2.686742
58.8845126835781, -2.725805
59.046728971962615, -2.76975
59.20894526034713, -2.808813
59.37116154873164, -2.847875
59.533377837116156, -2.896703
59.69559412550067, -2.935766
59.85781041388518, -2.974828
60.020026702269696, -3.023656
60.18224299065421, -3.062719
60.344459279038716, -3.106664
60.50667556742323, -3.150609
60.66889185580774, -3.194555
60.83110814419226, -3.2385
60.99332443257677, -3.277563
61.155540720961284, -3.316625
61.3177570093458, -3.36057
61.47997329773031, -3.404516
61.64218958611482, -3.453344
61.80440587449933, -3.492406
61.966622162883844, -3.531469
62.12883845126836, -3.575414
62.29105473965287, -3.624242
62.453271028037385, -3.668188
62.6154873164219, -3.70725
62.77770360480641, -3.751195
62.939919893190925, -3.790258
63.10213618157543, -3.839086
63.264352469959945, -3.883031
63.42656875834446, -3.926977
63.58878504672897, -3.970922
63.751001335113486, -4.01975
63.913217623498, -4.073461
64.07543391188251, -4.117406
64.23765020026703, -4.156469
64.39986648865154, -4.195531
64.56208277703605, -4.239477
64.72429906542057, -4.283422
64.88651535380508, -4.33225
65.0487316421896, -4.371313
65.2109479305741, -4.420141
65.3731642189586, -4.464086
65.53538050734312, -4.498266
65.69759679572763, -4.547094
65.85981308411215, -4.586156
66.02202937249666, -4.625219
66.18424566088117, -4.674047
66.34646194926569, -4.713109
66.5086782376502, -4.761938
66.67089452603471, -4.796117
66.83311081441923, -4.840063
66.99532710280374, -4.888891
67.15754339118826, -4.927953
67.31975967957277, -4.976781
67.48197596795728, -5.015844
67.6441922563418, -5.054906
67.80640854472631, -5.093969
67.96862483311081, -5.133031
68.13084112149532, -5.181859
68.29305740987984, -5.220922
68.45527369826435, -5.264867
68.61748998664886, -5.308813
68.77970627503338, -5.347875
68.94192256341789, -5.386938
69.1041388518024, -5.435766
69.26635514018692, -5.479711
69.42857142857143, -5.523656
69.59078771695594, -5.562719
69.75300400534046, -5.611547
69.91522029372497, -5.660375
70.07743658210948, -5.689672
70.239652870494, -5.728734
70.40186915887851, -5.762914
70.56408544726303, -5.806859
70.72630173564752, -5.850805
70.88851802403204, -5.899633
71.05073431241655, -5.943578
71.21295060080107, -5.987523
71.37516688918558, -6.01682
71.53738317757009, -6.060766
71.6995994659546, -6.104711
71.86181575433912, -6.138891
72.02403204272363, -6.182836
72.18624833110815, -6.226781
72.34846461949266, -6.265844
72.51068090787717, -6.309789
72.67289719626169, -6.353734
72.8351134846462, -6.39768
72.99732977303071, -6.441625
73.15954606141523, -6.490453
73.32176234979974, -6.539281
73.48397863818424, -6.588109
73.64619492656875, -6.622289
73.80841121495327, -6.666234
73.97062750333778, -6.71018
74.1328437917223, -6.754125
74.29506008010681, -6.793188
74.45727636849132, -6.83225
74.61949265687583, -6.881078
74.78170894526035, -6.929906
74.94392523364486, -6.968969
75.10614152202938, -7.003148
75.26835781041389, -7.051977
75.4305740987984, -7.091039
75.59279038718292, -7.130102
75.75500667556743, -7.169164
75.91722296395194, -7.213109
76.07943925233646, -7.252172
76.24165554072096, -7.301
76.40387182910547, -7.340063
76.56608811748998, -7.388891
76.7283044058745, -7.427953
76.89052069425901, -7.467016
77.05273698264352, -7.515844
77.21495327102804, -7.574438
77.37716955941255, -7.623266
77.53938584779706, -7.672094
77.70160213618158, -7.720922
77.86381842456609, -7.755102
78.0260347129506, -7.799047
78.18825100133512, -7.838109
78.35046728971963, -7.886938
78.51268357810414, -7.916234
78.67489986648866, -7.965063
78.83711615487317, -8.004125
78.99933244325767, -8.043188
79.16154873164218, -8.08225
79.3237650200267, -8.126195
79.48598130841121, -8.165258
79.64819759679573, -8.209203
79.81041388518024, -8.248266
79.97263017356475, -8.297094
80.13484646194927, -8.336156
80.29706275033378, -8.380102
80.4592790387183, -8.424047
80.6214953271028, -8.463109
80.78371161548732, -8.502172
80.94592790387183, -8.560766
81.10814419225635, -8.590063
81.27036048064086, -8.638891
81.43257676902537, -8.677953
81.59479305740989, -8.726781
81.75700934579439, -8.756078
81.9192256341789, -8.804906
82.08144192256341, -8.843969
82.24365821094793, -8.883031
82.40587449933244, -8.931859
82.56809078771695, -8.970922
82.73030707610147, -9.01975
82.89252336448598, -9.068578
83.0547396528705, -9.117406
83.21695594125501, -9.156469
83.37917222963952, -9.205297
83.54138851802404, -9.254125
83.70360480640855, -9.29807
83.86582109479306, -9.33225
84.02803738317758, -9.376195
84.19025367156209, -9.410375
84.3524699599466, -9.464086
84.5146862483311, -9.508031
84.67690253671562, -9.547094
84.83911882510013, -9.586156
85.00133511348464, -9.634984
85.16355140186916, -9.664281
85.32576769025367, -9.722875
85.48798397863818, -9.771703
85.6502002670227, -9.801
85.81241655540721, -9.840063
85.97463284379172, -9.879125
86.13684913217624, -9.918188
86.29906542056075, -9.967016
86.46128170894526, -10.01584
86.62349799732978, -10.05491
86.78571428571429, -10.09397
86.9479305740988, -10.1428
87.11014686248332, -10.17698
87.27236315086782, -10.2258
87.43457943925233, -10.26975
87.59679572763685, -10.30881
87.75901201602136, -10.35764
87.92122830440587, -10.40647
88.08344459279039, -10.44553
88.2456608811749, -10.48459
88.40787716955941, -10.54807
88.57009345794393, -10.59202
88.73230974632844, -10.63108
88.89452603471295, -10.67014
89.05674232309747, -10.72873
89.21895861148198, -10.7678
89.3811748998665, -10.81663
89.54339118825101, -10.84592
89.70560747663552, -10.89475
89.86782376502003, -10.94358
90.03004005340453, -10.98264
90.19225634178905, -11.0217
90.35447263017356, -11.06077
90.51668891855807, -11.10471
90.67890520694259, -11.14866
90.8411214953271, -11.19748
91.00333778371161, -11.23655
91.16555407209613, -11.28538
91.32777036048064, -11.31467
91.48998664886516, -11.34885
91.65220293724967, -11.3928
91.81441922563418, -11.43186
91.9766355140187, -11.48069
92.13885180240321, -11.51975
92.30106809078772, -11.55881
92.46328437917224, -11.61252
92.62550066755675, -11.65647
92.78771695594125, -11.69553
92.94993324432576, -11.75413
93.11214953271028, -11.79319
93.27436582109479, -11.83225
93.4365821094793, -11.87131
93.59879839786382, -11.92991
93.76101468624833, -11.96409
93.92323097463284, -12.00803
94.08544726301736, -12.04709
94.24766355140187, -12.08616
94.40987983978638, -12.13498
94.5720961281709, -12.18381
94.73431241655541, -12.22288
94.89652870493993, -12.26682
95.05874499332444, -12.31077
95.22096128170895, -12.34983
95.38317757009347, -12.39866
95.54539385847796, -12.43772
95.70761014686248, -12.47678
95.86982643524699, -12.50608
96.0320427236315, -12.54514
96.19425901201602, -12.57444
96.35647530040053, -12.63303
96.51869158878505, -12.67209
96.68090787716956, -12.71116
96.84312416555407, -12.76975
97.00534045393859, -12.80881
97.1675567423231, -12.85764
97.32977303070761, -12.91623
97.49198931909213, -12.94553
97.65420560747664, -12.97483
97.81642189586115, -13.02366
97.97863818424567, -13.05295
98.14085447263018, -13.09202
98.30307076101468, -13.14084
98.4652870493992, -13.18967
98.62750333778371, -13.2385
98.78971962616822, -13.27756
98.95193591455273, -13.32639
99.11415220293725, -13.36545
99.27636849132176, -13.41428
99.43858477970628, -13.46311
99.60080106809079, -13.51194
99.7630173564753, -13.551
99.92523364485982, -13.59006
100.08744993324433, -13.62424
100.24966622162884, -13.65842
100.41188251001336, -13.69748
100.57409879839787, -13.74631
100.73631508678238, -13.77561
100.8985313751669, -13.80491
101.0607476635514, -13.84397
101.22296395193591, -13.88303
101.38518024032042, -13.93186
101.54739652870494, -13.98069
101.70961281708945, -14.00998
101.87182910547396, -14.03928
102.03404539385848, -14.09788
102.19626168224299, -14.12717
102.3584779706275, -14.16623
102.52069425901202, -14.2053
102.68291054739653, -14.25413
102.84512683578104, -14.29807
103.00734312416556, -14.34202
103.16955941255007, -14.37131
103.33177570093459, -14.42014
103.4939919893191, -14.4592
103.65620827770361, -14.49827
103.81842456608811, -14.52756
103.98064085447263, -14.57639
104.14285714285714, -14.59104
104.30507343124165, -14.63987
104.46728971962617, -14.67405
104.62950600801068, -14.71311
104.79172229639519, -14.74241
104.9539385847797, -14.79123
105.11615487316422, -14.8303
105.27837116154873, -14.86936
105.44058744993325, -14.91819
105.60280373831776, -14.97678
105.76502002670227, -15.01584
105.92723631508679, -15.05491
106.0894526034713, -15.09397
106.25166889185581, -15.13303
106.41388518024033, -15.15256
106.57610146862484, -15.20139
106.73831775700934, -15.23069
106.90053404539385, -15.27952
107.06275033377837, -15.31858
107.22496662216288, -15.36741
107.3871829105474, -15.40647
107.54939919893191, -15.43577
107.71161548731642, -15.48948
107.87383177570094, -15.53342
108.03604806408545, -15.57737
108.19826435246996, -15.60666
108.36048064085448, -15.65061
108.52269692923899, -15.69944
108.6849132176235, -15.7385
108.84712950600802, -15.78733
109.00934579439253, -15.83616
109.17156208277704, -15.90452
109.33377837116156, -15.94358
109.49599465954606, -15.99241
109.65821094793057, -16.0217
109.82042723631508, -16.051
109.9826435246996, -16.08518
110.14485981308411, -16.13889
110.30707610146862, -16.18772
110.46929238985314, -16.22678
110.63150867823765, -16.26584
110.79372496662216, -16.29514
110.95594125500668, -16.3342
111.11815754339119, -16.38303
111.2803738317757, -16.41233
111.44259012016022, -16.46116
111.60480640854473, -16.50998
111.76702269692925, -16.5637
111.92923898531376, -16.59788
112.09145527369827, -16.63205
112.25367156208277, -16.65647
112.41588785046729, -16.69553
112.5781041388518, -16.72971
112.74032042723631, -16.75901
112.90253671562083, -16.80784
113.06475300400534, -16.86155
113.22696929238985, -16.92014
113.38918558077437, -16.93967
113.55140186915888, -16.96897
113.7136181575434, -16.99827
113.87583444592791, -17.05686
114.03805073431242, -17.12522
114.20026702269693, -17.16428
114.36248331108145, -17.22288
114.52469959946596, -17.2717
114.68691588785047, -17.3303
114.84913217623499, -17.35959
115.01134846461949, -17.37913
115.173564753004, -17.40842
115.33578104138851, -17.45725
115.49799732977303, -17.49143
115.66021361815754, -17.54026
115.82242990654206, -17.56467
115.98464619492657, -17.5842
116.14686248331108, -17.62327
116.3090787716956, -17.71116
116.47129506008011, -17.75022
116.63351134846462, -17.80393
116.79572763684914, -17.85764
116.95794392523365, -17.90647
117.12016021361816, -17.94065
117.28237650200268, -17.98948
117.44459279038719, -18.04807
117.6068090787717, -18.09202
117.7690253671562, -18.15061
117.93124165554072, -18.18967
118.09345794392523, -18.22873
118.25567423230974, -18.25803
118.41789052069426, -18.31174
118.58010680907877, -18.33616
118.74232309746328, -18.38498
118.9045393858478, -18.42405
119.06675567423231, -18.47288
119.22897196261682, -18.50217
119.39118825100134, -18.53147
119.55340453938585, -18.56077
119.71562082777037, -18.59983
119.87783711615488, -18.64866
120.04005340453939, -18.69748
120.2022696929239, -18.71702
120.36448598130842, -18.75608
120.52670226969292, -18.81955
120.68891855807743, -92.70456
120.85113484646195, -92.53763
121.01335113484646, -92.35744
121.17556742323097, -92.16398
121.33778371161549, -91.95726
121.5, -91.73727
