% Measurement ID: 2706
% Mode ID: 1
% Date and time: 2020-02-13 14:36:40
% Sample ID: TOT27-74
% Measurement type: ringdown
% Frequency [Hz]: 289688.0
% Quality factor: 27496779.565122988
% Temperature [K]: 293.0
% Pressure [mBar]: 2.74e-07
% Notes: 
% 
%
% measurement data
% time [s], power [dBm]
0.0, 8.646266
0.16221628838451269, 8.607203
0.32443257676902537, 8.568141
0.48664886515353806, 8.529078
0.6488651535380507, 8.490016
0.8110814419225634, 8.44607
0.9732977303070761, 8.402125
1.1355140186915889, 8.363062
1.2977303070761015, 8.324
1.4599465954606141, 8.284937
1.6221628838451267, 8.245875
1.7843791722296396, 8.206812
1.9465954606141522, 8.157984
2.108811748998665, 8.118922
2.2710280373831777, 8.079859
2.4332443257676903, 8.040797
2.595460614152203, 7.991969
2.7576769025367156, 7.952906
2.9198931909212282, 7.913844
3.082109479305741, 7.869898
3.2443257676902535, 7.835719
3.4065420560747666, 7.791773
3.568758344459279, 7.752711
3.730974632843792, 7.713648
3.8931909212283045, 7.669703
4.0554072096128175, 7.630641
4.21762349799733, 7.591578
4.379839786381843, 7.54275
4.542056074766355, 7.503687
4.704272363150868, 7.464625
4.866488651535381, 7.415797
5.028704939919893, 7.376734
5.190921228304406, 7.337672
5.353137516688919, 7.288844
5.515353805073431, 7.249781
5.677570093457944, 7.210719
5.8397863818424565, 7.161891
6.002002670226969, 7.122828
6.164218958611482, 7.074
6.326435246995994, 7.034937
6.488651535380507, 6.986109
6.6508678237650205, 6.947047
6.813084112149533, 6.907984
6.975300400534046, 6.859156
7.137516688918558, 6.820094
7.299732977303071, 6.771266
7.461949265687584, 6.732203
7.624165554072096, 6.693141
7.786381842456609, 6.649195
7.9485981308411215, 6.60525
8.110814419225635, 6.566187
8.273030707610147, 6.522242
8.43524699599466, 6.478297
8.597463284379172, 6.439234
8.759679572763686, 6.395289
8.921895861148197, 6.351344
9.08411214953271, 6.312281
9.246328437917223, 6.263453
9.408544726301736, 6.214625
9.570761014686248, 6.175562
9.732977303070761, 6.126734
9.895193591455273, 6.087672
10.057409879839787, 6.048609
10.219626168224298, 5.999781
10.381842456608812, 5.950953
10.544058744993325, 5.911891
10.706275033377837, 5.863062
10.86849132176235, 5.824
11.030707610146862, 5.775172
11.192923898531376, 5.726344
11.355140186915888, 5.677516
11.517356475300401, 5.638453
11.679572763684913, 5.599391
11.841789052069426, 5.555445
12.004005340453938, 5.5115
12.166221628838452, 5.467555
12.328437917222963, 5.428492
12.490654205607477, 5.384547
12.652870493991989, 5.340602
12.815086782376502, 5.296656
12.977303070761014, 5.257594
13.139519359145527, 5.208766
13.301735647530041, 5.16482
13.463951935914553, 5.120875
13.626168224299066, 5.072047
13.788384512683578, 5.032984
13.950600801068092, 4.984156
14.112817089452603, 4.935328
14.275033377837117, 4.876734
14.437249666221629, 4.847437
14.599465954606142, 4.798609
14.761682242990654, 4.759547
14.923898531375167, 4.705836
15.086114819759679, 4.671656
15.248331108144193, 4.617945
15.410547396528704, 4.574
15.572763684913218, 4.525172
15.734979973297731, 4.486109
15.897196261682243, 4.442164
16.059412550066757, 4.393336
16.22162883845127, 4.349391
16.38384512683578, 4.300562
16.546061415220294, 4.256617
16.708277703604807, 4.217555
16.87049399198932, 4.173609
17.03271028037383, 4.129664
17.194926568758344, 4.085719
17.357142857142858, 4.041773
17.51935914552737, 3.997828
17.68157543391188, 3.949
17.843791722296395, 3.905055
18.006008010680908, 3.861109
18.16822429906542, 3.807398
18.330440587449935, 3.763453
18.492656875834445, 3.724391
18.65487316421896, 3.67068
18.817089452603472, 3.626734
18.979305740987986, 3.577906
19.141522029372496, 3.529078
19.30373831775701, 3.490016
19.465954606141523, 3.441187
19.628170894526036, 3.402125
19.790387182910546, 3.353297
19.95260347129506, 3.304469
20.114819759679573, 3.255641
20.277036048064087, 3.211695
20.439252336448597, 3.16775
20.60146862483311, 3.118922
20.763684913217624, 3.074977
20.925901201602137, 3.031031
21.08811748998665, 2.987086
21.25033377837116, 2.943141
21.412550066755674, 2.88943
21.574766355140188, 2.850367
21.7369826435247, 2.806422
21.89919893190921, 2.752711
22.061415220293725, 2.718531
22.22363150867824, 2.669703
22.385847797062752, 2.625758
22.548064085447262, 2.57693
22.710280373831775, 2.523219
22.87249666221629, 2.484156
23.034712950600802, 2.435328
23.196929238985312, 2.391383
23.359145527369826, 2.342555
23.52136181575434, 2.293727
23.683578104138853, 2.249781
23.845794392523366, 2.205836
24.008010680907876, 2.161891
24.17022696929239, 2.10818
24.332443257676903, 2.064234
24.494659546061417, 2.020289
24.656875834445927, 1.976344
24.81909212283044, 1.922633
24.981308411214954, 1.88357
25.143524699599467, 1.834742
25.305740987983977, 1.785914
25.46795727636849, 1.746852
25.630173564753004, 1.698023
25.792389853137518, 1.649195
25.954606141522028, 1.600367
26.11682242990654, 1.561305
26.279038718291055, 1.512477
26.44125500667557, 1.473414
26.603471295060082, 1.424586
26.765687583444592, 1.375758
26.927903871829105, 1.32693
27.09012016021362, 1.282984
27.252336448598133, 1.239039
27.414552736982643, 1.195094
27.576769025367156, 1.141383
27.73898531375167, 1.10232
27.901201602136183, 1.053492
28.063417890520693, 1.004664
28.225634178905207, 0.9558359
28.38785046728972, 0.9167734
28.550066755674234, 0.8679453
28.712283044058747, 0.8191172
28.874499332443257, 0.7800547
29.03671562082777, 0.7312266
29.198931909212284, 0.6823984
29.361148197596798, 0.6433359
29.523364485981308, 0.5945078
29.68558077436582, 0.5554453
29.847797062750335, 0.5066172
30.010013351134848, 0.4577891
30.172229639519358, 0.4089609
30.33444592790387, 0.3601328
30.496662216288385, 0.3210703
30.6588785046729, 0.2722422
30.82109479305741, 0.2234141
30.983311081441922, 0.1843516
31.145527369826436, 0.1257578
31.30774365821095, 0.08669531
31.469959946595463, 0.03786719
31.632176234979973, -0.006078125
31.794392523364486, -0.05978906
31.956608811749, -0.09885156
32.11882510013351, -0.1476797
32.28104138851803, -0.191625
32.44325767690254, -0.2355703
32.60547396528705, -0.2843984
32.76769025367156, -0.3332266
32.929906542056074, -0.3771719
33.09212283044059, -0.4211172
33.2543391188251, -0.4699453
33.416555407209614, -0.5138906
33.57877169559413, -0.5676016
33.74098798397864, -0.6066641
33.903204272363155, -0.6554922
34.06542056074766, -0.6994375
34.227636849132175, -0.7433828
34.38985313751669, -0.7922109
34.5520694259012, -0.8410391
34.714285714285715, -0.8898672
34.87650200267023, -0.9386953
35.03871829105474, -0.9875234
35.200934579439256, -1.036352
35.36315086782376, -1.08518
35.525367156208276, -1.124242
35.68758344459279, -1.17307
35.8497997329773, -1.212133
36.012016021361816, -1.270727
36.17423230974633, -1.309789
36.33644859813084, -1.358617
36.49866488651536, -1.407445
36.66088117489987, -1.446508
36.82309746328438, -1.495336
36.98531375166889, -1.544164
37.147530040053404, -1.583227
37.30974632843792, -1.632055
37.47196261682243, -1.680883
37.634178905206944, -1.729711
37.79639519359146, -1.778539
37.95861148197597, -1.817602
38.12082777036048, -1.86643
38.28304405874499, -1.915258
38.445260347129505, -1.964086
38.60747663551402, -2.003148
38.76969292389853, -2.051977
38.931909212283045, -2.100805
39.09412550066756, -2.149633
39.25634178905207, -2.188695
39.418558077436586, -2.247289
39.58077436582109, -2.296117
39.742990654205606, -2.344945
39.90520694259012, -2.384008
40.06742323097463, -2.427953
40.22963951935915, -2.476781
40.39185580774366, -2.520727
40.55407209612817, -2.569555
40.71628838451269, -2.6135
40.87850467289719, -2.657445
41.04072096128171, -2.706273
41.20293724966622, -2.745336
41.365153538050734, -2.794164
41.52736982643525, -2.842992
41.68958611481976, -2.882055
41.851802403204275, -2.940648
42.01401869158879, -2.979711
42.1762349799733, -3.023656
42.33845126835781, -3.067602
42.50066755674232, -3.11643
42.662883845126835, -3.175023
42.82510013351135, -3.223852
42.98731642189586, -3.262914
43.149532710280376, -3.311742
43.31174899866489, -3.36057
43.4739652870494, -3.409398
43.63618157543391, -3.458227
43.79839786381842, -3.497289
43.960614152202936, -3.546117
44.12283044058745, -3.590063
44.28504672897196, -3.643773
44.44726301735648, -3.682836
44.60947930574099, -3.731664
44.771695594125504, -3.780492
44.93391188251002, -3.819555
45.096128170894524, -3.868383
45.25834445927904, -3.917211
45.42056074766355, -3.961156
45.582777036048064, -4.005102
45.74499332443258, -4.05393
45.90720961281709, -4.102758
46.069425901201605, -4.14182
46.23164218958612, -4.190648
46.393858477970625, -4.239477
46.55607476635514, -4.278539
46.71829105473965, -4.327367
46.880507343124165, -4.381078
47.04272363150868, -4.415258
47.20493991989319, -4.473852
47.367156208277706, -4.52268
47.52937249666222, -4.561742
47.69158878504673, -4.61057
47.85380507343124, -4.659398
48.01602136181575, -4.708227
48.178237650200266, -4.747289
48.34045393858478, -4.796117
48.50267022696929, -4.844945
48.66488651535381, -4.884008
48.82710280373832, -4.932836
48.989319092122834, -4.981664
49.15153538050734, -5.030492
49.313751668891854, -5.07932
49.47596795727637, -5.128148
49.63818424566088, -5.167211
49.800400534045394, -5.211156
49.96261682242991, -5.259984
50.12483311081442, -5.308813
50.287049399198935, -5.362523
50.44926568758345, -5.401586
50.611481975967955, -5.450414
50.77369826435247, -5.499242
50.93591455273698, -5.543188
51.098130841121495, -5.58225
51.26034712950601, -5.635961
51.42256341789052, -5.679906
51.584779706275036, -5.723852
51.74699599465955, -5.777563
51.909212283044056, -5.821508
52.07142857142857, -5.875219
52.23364485981308, -5.919164
52.395861148197596, -5.967992
52.55807743658211, -6.011938
52.72029372496662, -6.051
52.88251001335114, -6.104711
53.04472630173565, -6.143773
53.206942590120164, -6.192602
53.36915887850467, -6.24143
53.531375166889184, -6.290258
53.6935914552737, -6.339086
53.85580774365821, -6.378148
54.018024032042725, -6.426977
54.18024032042724, -6.470922
54.34245660881175, -6.51975
54.504672897196265, -6.563695
54.66688918558078, -6.612523
54.829105473965285, -6.656469
54.9913217623498, -6.700414
55.15353805073431, -6.759008
55.315754339118826, -6.802953
55.47797062750334, -6.846898
55.64018691588785, -6.895727
55.802403204272366, -6.939672
55.96461949265688, -6.978734
56.126835781041386, -7.032445
56.2890520694259, -7.071508
56.45126835781041, -7.120336
56.61348464619493, -7.169164
56.77570093457944, -7.217992
56.937917222963954, -7.26682
57.10013351134847, -7.305883
57.26234979973298, -7.354711
57.424566088117494, -7.403539
57.586782376502, -7.442602
57.748998664886514, -7.49143
57.91121495327103, -7.535375
58.07343124165554, -7.57932
58.235647530040055, -7.628148
58.39786381842457, -7.667211
58.56008010680908, -7.716039
58.722296395193595, -7.764867
58.8845126835781, -7.813695
59.046728971962615, -7.857641
59.20894526034713, -7.911352
59.37116154873164, -7.96018
59.533377837116156, -8.009008
59.69559412550067, -8.04807
59.85781041388518, -8.096898
60.020026702269696, -8.145727
60.18224299065421, -8.194555
60.344459279038716, -8.243383
60.50667556742323, -8.297094
60.66889185580774, -8.336156
60.83110814419226, -8.389867
60.99332443257677, -8.42893
61.155540720961284, -8.477758
61.3177570093458, -8.51682
61.47997329773031, -8.565648
61.64218958611482, -8.604711
61.80440587449933, -8.653539
61.966622162883844, -8.702367
62.12883845126836, -8.751195
62.29105473965287, -8.800023
62.453271028037385, -8.839086
62.6154873164219, -8.887914
62.77770360480641, -8.936742
62.939919893190925, -8.975805
63.10213618157543, -9.024633
63.264352469959945, -9.073461
63.42656875834446, -9.122289
63.58878504672897, -9.171117
63.751001335113486, -9.215063
63.913217623498, -9.268773
64.07543391188251, -9.307836
64.23765020026703, -9.346898
64.39986648865154, -9.395727
64.56208277703605, -9.444555
64.72429906542057, -9.493383
64.88651535380508, -9.542211
65.0487316421896, -9.591039
65.2109479305741, -9.639867
65.3731642189586, -9.688695
65.53538050734312, -9.737523
65.69759679572763, -9.776586
65.85981308411215, -9.830297
66.02202937249666, -9.874242
66.18424566088117, -9.927953
66.34646194926569, -9.971898
66.5086782376502, -10.02073
66.67089452603471, -10.07932
66.83311081441923, -10.12815
66.99532710280374, -10.16721
67.15754339118826, -10.21604
67.31975967957277, -10.2551
67.48197596795728, -10.29905
67.6441922563418, -10.35764
67.80640854472631, -10.40647
67.96862483311081, -10.45041
68.13084112149532, -10.49436
68.29305740987984, -10.54319
68.45527369826435, -10.58713
68.61748998664886, -10.63108
68.77970627503338, -10.67502
68.94192256341789, -10.72385
69.1041388518024, -10.7678
69.26635514018692, -10.81663
69.42857142857143, -10.86057
69.59078771695594, -10.9094
69.75300400534046, -10.95823
69.91522029372497, -11.00705
70.07743658210948, -11.05588
70.239652870494, -11.09495
70.40186915887851, -11.14866
70.56408544726303, -11.1926
70.72630173564752, -11.24631
70.88851802403204, -11.29026
71.05073431241655, -11.34885
71.21295060080107, -11.3928
71.37516688918558, -11.45139
71.53738317757009, -11.48557
71.6995994659546, -11.53928
71.86181575433912, -11.57834
72.02403204272363, -11.63205
72.18624833110815, -11.676
72.34846461949266, -11.71995
72.51068090787717, -11.76877
72.67289719626169, -11.8176
72.8351134846462, -11.86643
72.99732977303071, -11.91526
73.15954606141523, -11.96409
73.32176234979974, -12.00315
73.48397863818424, -12.05198
73.64619492656875, -12.1008
73.80841121495327, -12.14963
73.97062750333778, -12.19846
74.1328437917223, -12.24241
74.29506008010681, -12.28635
74.45727636849132, -12.34006
74.61949265687583, -12.38401
74.78170894526035, -12.42307
74.94392523364486, -12.48166
75.10614152202938, -12.52073
75.26835781041389, -12.57444
75.4305740987984, -12.62815
75.59279038718292, -12.67209
75.75500667556743, -12.71604
75.91722296395194, -12.76487
76.07943925233646, -12.80393
76.24165554072096, -12.85276
76.40387182910547, -12.8967
76.56608811748998, -12.94065
76.7283044058745, -12.98948
76.89052069425901, -13.02854
77.05273698264352, -13.08713
77.21495327102804, -13.1262
77.37716955941255, -13.17502
77.53938584779706, -13.22385
77.70160213618158, -13.28245
77.86381842456609, -13.32151
78.0260347129506, -13.37034
78.18825100133512, -13.4094
78.35046728971963, -13.46311
78.51268357810414, -13.50705
78.67489986648866, -13.54612
78.83711615487317, -13.59495
78.99933244325767, -13.65354
79.16154873164218, -13.70237
79.3237650200267, -13.7512
79.48598130841121, -13.80002
79.64819759679573, -13.84885
79.81041388518024, -13.8928
79.97263017356475, -13.93674
80.13484646194927, -13.98557
80.29706275033378, -14.02952
80.4592790387183, -14.07346
80.6214953271028, -14.12229
80.78371161548732, -14.17112
80.94592790387183, -14.21995
81.10814419225635, -14.25901
81.27036048064086, -14.31272
81.43257676902537, -14.3469
81.59479305740989, -14.39573
81.75700934579439, -14.43967
81.9192256341789, -14.48362
82.08144192256341, -14.53733
82.24365821094793, -14.58127
82.40587449933244, -14.6301
82.56809078771695, -14.67405
82.73030707610147, -14.72776
82.89252336448598, -14.76682
83.0547396528705, -14.81565
83.21695594125501, -14.86936
83.37917222963952, -14.9133
83.54138851802404, -14.95237
83.70360480640855, -15.00608
83.86582109479306, -15.05002
84.02803738317758, -15.09885
84.19025367156209, -15.14768
84.3524699599466, -15.18674
84.5146862483311, -15.23557
84.67690253671562, -15.2844
84.83911882510013, -15.33323
85.00133511348464, -15.37229
85.16355140186916, -15.41623
85.32576769025367, -15.46995
85.48798397863818, -15.50901
85.6502002670227, -15.56272
85.81241655540721, -15.60666
85.97463284379172, -15.65549
86.13684913217624, -15.7092
86.29906542056075, -15.74827
86.46128170894526, -15.80198
86.62349799732978, -15.84104
86.78571428571429, -15.88987
86.9479305740988, -15.93381
87.11014686248332, -15.97776
87.27236315086782, -16.02659
87.43457943925233, -16.06565
87.59679572763685, -16.11448
87.75901201602136, -16.15354
87.92122830440587, -16.20725
88.08344459279039, -16.24143
88.2456608811749, -16.29026
88.40787716955941, -16.33909
88.57009345794393, -16.38791
88.73230974632844, -16.43674
88.89452603471295, -16.4758
89.05674232309747, -16.52463
89.21895861148198, -16.57346
89.3811748998665, -16.60276
89.54339118825101, -16.66135
89.70560747663552, -16.7053
89.86782376502003, -16.75901
90.03004005340453, -16.80784
90.19225634178905, -16.86643
90.35447263017356, -16.91038
90.51668891855807, -16.96897
90.67890520694259, -17.01291
90.8411214953271, -17.07151
91.00333778371161, -17.11545
91.16555407209613, -17.16428
91.32777036048064, -17.23264
91.48998664886516, -17.29123
91.65220293724967, -17.34983
91.81441922563418, -17.40354
91.9766355140187, -17.4426
92.13885180240321, -17.48166
92.30106809078772, -17.53538
92.46328437917224, -17.55979
92.62550066755675, -17.61838
92.78771695594125, -17.66233
92.94993324432576, -17.71116
93.11214953271028, -17.75998
93.27436582109479, -17.80393
93.4365821094793, -17.86252
93.59879839786382, -17.90159
93.76101468624833, -17.94065
93.92323097463284, -17.99924
94.08544726301736, -18.04807
94.24766355140187, -18.0969
94.40987983978638, -18.14084
94.5720961281709, -18.20432
94.73431241655541, -18.25803
94.89652870493993, -18.30686
95.05874499332444, -18.3508
95.22096128170895, -18.39963
95.38317757009347, -18.44358
95.54539385847796, -18.49729
95.70761014686248, -18.54123
95.86982643524699, -18.58518
96.0320427236315, -18.63401
96.19425901201602, -18.66819
96.35647530040053, -18.71702
96.51869158878505, -18.76584
96.68090787716956, -18.80979
96.84312416555407, -18.85862
97.00534045393859, -18.90256
97.1675567423231, -18.94651
97.32977303070761, -18.98557
97.49198931909213, -19.02952
97.65420560747664, -19.08323
97.81642189586115, -19.12717
97.97863818424567, -19.176
98.14085447263018, -19.22971
98.30307076101468, -19.27854
98.4652870493992, -19.32248
98.62750333778371, -19.36643
98.78971962616822, -19.40061
98.95193591455273, -19.43967
99.11415220293725, -19.49338
99.27636849132176, -19.54221
99.43858477970628, -19.57639
99.60080106809079, -19.61545
99.7630173564753, -19.66428
99.92523364485982, -19.70334
100.08744993324433, -19.75217
100.24966622162884, -19.80588
100.41188251001336, -19.84983
100.57409879839787, -19.89866
100.73631508678238, -19.94748
100.8985313751669, -20.0012
101.0607476635514, -20.04514
101.22296395193591, -20.0842
101.38518024032042, -20.13303
101.54739652870494, -20.16233
101.70961281708945, -20.20627
101.87182910547396, -20.25022
102.03404539385848, -20.30393
102.19626168224299, -20.33811
102.3584779706275, -20.40159
102.52069425901202, -20.43577
102.68291054739653, -20.47483
102.84512683578104, -20.51877
103.00734312416556, -20.58713
103.16955941255007, -20.63108
103.33177570093459, -20.67991
103.4939919893191, -20.72873
103.65620827770361, -20.80686
103.81842456608811, -20.84592
103.98064085447263, -20.89475
104.14285714285714, -20.93381
104.30507343124165, -20.96799
104.46728971962617, -21.0217
104.62950600801068, -21.07053
104.79172229639519, -21.10959
104.9539385847797, -21.14377
105.11615487316422, -21.18772
105.27837116154873, -21.26584
105.44058744993325, -21.31467
105.60280373831776, -21.34885
105.76502002670227, -21.41721
105.92723631508679, -21.46116
106.0894526034713, -21.49534
106.25166889185581, -21.55393
106.41388518024033, -21.60764
106.57610146862484, -21.65647
106.73831775700934, -21.71018
106.90053404539385, -21.75413
107.06275033377837, -21.79319
107.22496662216288, -21.82248
107.3871829105474, -21.88108
107.54939919893191, -21.93967
107.71161548731642, -21.97873
107.87383177570094, -22.03733
108.03604806408545, -22.07639
108.19826435246996, -22.12522
108.36048064085448, -22.17405
108.52269692923899, -22.22288
108.6849132176235, -22.26194
108.84712950600802, -22.29123
109.00934579439253, -22.34006
109.17156208277704, -22.38889
109.33377837116156, -22.43772
109.49599465954606, -22.48655
109.65821094793057, -22.53049
109.82042723631508, -22.57444
109.9826435246996, -22.6135
110.14485981308411, -22.67698
110.30707610146862, -22.71604
110.46929238985314, -22.7551
110.63150867823765, -22.78928
110.79372496662216, -22.82834
110.95594125500668, -22.87717
111.11815754339119, -22.91623
111.2803738317757, -22.96995
111.44259012016022, -23.00413
111.60480640854473, -23.05295
111.76702269692925, -23.09202
111.92923898531376, -23.12131
112.09145527369827, -23.17014
112.25367156208277, -23.21897
112.41588785046729, -23.2678
112.5781041388518, -23.31663
112.74032042723631, -23.35569
112.90253671562083, -23.39475
113.06475300400534, -23.46799
113.22696929238985, -23.49241
113.38918558077437, -23.551
113.55140186915888, -23.59983
113.7136181575434, -23.64377
113.87583444592791, -23.69748
114.03805073431242, -23.74631
114.20026702269693, -23.77561
114.36248331108145, -23.81467
114.52469959946596, -23.85862
114.68691588785047, -23.88791
114.84913217623499, -23.90256
115.01134846461949, -23.95139
115.173564753004, -23.9758
115.33578104138851, -24.02952
115.49799732977303, -24.07834
115.66021361815754, -24.12717
115.82242990654206, -24.17112
115.98464619492657, -24.21995
116.14686248331108, -24.24436
116.3090787716956, -24.30295
116.47129506008011, -24.35178
116.63351134846462, -24.40061
116.79572763684914, -24.4592
116.95794392523365, -24.50315
117.12016021361816, -24.57639
117.28237650200268, -24.61545
117.44459279038719, -24.6594
117.6068090787717, -24.69358
117.7690253671562, -24.73752
117.93124165554072, -24.79612
118.09345794392523, -24.84006
118.25567423230974, -24.89866
118.41789052069426, -24.96702
118.58010680907877, -25.00608
118.74232309746328, -25.02561
118.9045393858478, -25.07444
119.06675567423231, -25.15256
119.22897196261682, -25.19651
119.39118825100134, -25.25998
119.55340453938585, -25.3137
119.71562082777037, -25.36741
119.87783711615488, -25.42112
120.04005340453939, -25.47483
120.2022696929239, -25.50413
120.36448598130842, -25.56272
120.52670226969292, -25.61155
120.68891855807743, -25.66038
120.85113484646195, -25.71897
121.01335113484646, -25.74827
121.17556742323097, -25.78245
121.33778371161549, -25.82639
121.5, -25.8801
